Time(s),Drum_Angle(deg),Drum_Velocity(deg/s),Drum_Acceleration(deg/s^2)
0.0,45.0,0.0,0.0031882449650626893
0.1,45.0,0.00031882449650626893,0.0032562291149012407
0.2,45.00003188244965,0.000644447407996393,0.0032352762749122957
0.30000000000000004,45.00009632719045,0.0009679750354876226,0.003239512158779088
0.4,45.000193124694,0.0012919262513655314,0.003323294403374464
0.5,45.00032231731914,0.0016242556917029777,0.0033350171176799834
0.6000000000000001,45.000484742888304,0.0019577574034709763,0.003300555241029305
0.7000000000000001,45.000680518628656,0.0022878129275739068,0.003279641996921796
0.8,45.00090929992141,0.0026157771272660862,0.003259105477380065
0.9,45.00117087763414,0.0029416876750040927,0.003218321793477045
1.0,45.001465046401634,0.003263519854351797,0.003174454572999957
1.1,45.00179139838707,0.003580965311651793,0.003093216734280782
1.2000000000000002,45.002149494918235,0.0038902869850798716,0.002965158843764724
1.3,45.00253852361674,0.004186802869456344,0.0027942744934272125
1.4000000000000001,45.00295720390369,0.004466230318799065,0.0026386657373569967
1.5,45.003403826935575,0.0047300968925347645,0.002508825189869305
1.6,45.003876836624826,0.004980979411521695,0.002362739008964774
1.7000000000000002,45.00437493456597,0.005217253312418173,0.0022187795123945783
1.8,45.00489665989722,0.00543913126365763,0.0019943495429804153
1.9000000000000001,45.005440573023584,0.005638566217955672,0.0017553201485709404
2.0,45.00600442964538,0.005814098232812766,0.0015109664379561031
2.1,45.00658583946866,0.005965194876608376,0.0013330336907751972
2.2,45.00718235895632,0.006098498245685896,0.0011178869673064684
2.3000000000000003,45.00779220878089,0.006210286942416543,0.0008495634774021563
2.4000000000000004,45.00841323747513,0.006295243290156759,0.0005542044927168302
2.5,45.009042761804146,0.0063506637394284415,0.0002333546592203637
2.6,45.00967782817809,0.006373999205350478,-7.127296914252728e-06
2.7,45.01031522809863,0.006373286475659053,-0.00020610155061641359
2.8000000000000003,45.01095255674619,0.006352676320597411,-0.0004569806871020789
2.9000000000000004,45.01158782437825,0.006306978251887203,-0.0006882323977475149
3.0,45.01221852220344,0.006238155012112452,-0.0009256640393750367
3.1,45.012842337704654,0.006145588608174948,-0.0011380135538034328
3.2,45.01345689656547,0.006031787252794605,-0.0013807121150955976
3.3000000000000003,45.01406007529075,0.005893716041285045,-0.0015873345584504677
3.4000000000000004,45.01464944689488,0.005734982585439998,-0.0017078876241295787
3.5,45.01522294515342,0.005564193823027041,-0.0018181426131563107
3.6,45.015779364535724,0.00538237956171141,-0.0018691266819382737
3.7,45.016317602491895,0.005195466893517582,-0.001964457147903933
3.8000000000000003,45.01683714918125,0.004999021178727189,-0.0020032466526655867
3.9000000000000004,45.01733705129912,0.00479869651346063,-0.002003973151756759
4.0,45.017816920950466,0.0045982991982849546,-0.0019654108744158218
4.1000000000000005,45.01827675087029,0.004401758110843371,-0.0018866580620938917
4.2,45.01871692668138,0.004213092304633983,-0.0017312835956764172
4.3,45.01913823591184,0.004039963945066342,-0.0016143783881550269
4.4,45.01954223230635,0.003878526106250838,-0.0014992774228970356
4.5,45.01993008491697,0.003728598363961135,-0.0013450161417999649
4.6000000000000005,45.02030294475337,0.003594096749781138,-0.001179751518315679
4.7,45.020662354428346,0.0034761215979495705,-0.0010272391276909488
4.800000000000001,45.021009966588146,0.003373397685180475,-0.000879946831444416
4.9,45.02134730635666,0.0032854030020360338,-0.0006999998773500282
5.0,45.02167584665686,0.003215403014301031,-0.0005383820268275621
5.1000000000000005,45.0219973869583,0.0031615648116182747,-0.00032083176846331554
5.2,45.02231354343946,0.0031294816347719433,-0.0001092370540056378
5.300000000000001,45.022626491602935,0.0031185579293713794,9.193437488754679e-05
5.4,45.02293834739587,0.003127751366860134,0.0002335419819730908
5.5,45.02325112253256,0.003151105565057443,0.00027933048311237627
5.6000000000000005,45.02356623308906,0.003179038613368681,0.00032114653382826877
5.7,45.0238841369504,0.0032111532667515076,0.00034224795847449623
5.800000000000001,45.02420525227708,0.0032453780625989574,0.000413998400824249
5.9,45.024529790083335,0.003286777902681382,0.0004640989895440486
6.0,45.0248584678736,0.003333187801635787,0.00046207013513356355
6.1000000000000005,45.025191786653764,0.0033793948151491435,0.0005724190458551041
6.2,45.02552972613528,0.0034366367197346537,0.0006785831870800111
6.300000000000001,45.02587338980725,0.003504495038442655,0.0008798691438638807
6.4,45.0262238393111,0.003592481952829043,0.001083160323412349
6.5,45.02658308750638,0.0037007979851702774,0.0013156075152888635
6.6000000000000005,45.026953167304896,0.0038323587366991645,0.001543398467610818
6.7,45.027336403178566,0.003986698583460246,0.0018507268120033615
6.800000000000001,45.027735073036915,0.004171771264660583,0.0022124757700626033
6.9,45.02815225016338,0.004393018841666842,0.0025898371262044703
7.0,45.028591552047544,0.0046520025542872885,0.0028683863157522916
7.1000000000000005,45.02905675230298,0.004938841185862519,0.0030536757889718905
7.2,45.02955063642156,0.005244208764759707,0.0031896349588413264
7.300000000000001,45.030075057298035,0.0055631722606438415,0.0032795979257456537
7.4,45.030631374524106,0.005891132053218406,0.003382310605048849
7.5,45.03122048772943,0.006229363113723289,0.003449935820292685
7.6000000000000005,45.031843424040794,0.00657435669575256,0.0034840049496469073
7.7,45.032500859710375,0.006922757190717249,0.0034426945185042105
7.800000000000001,45.03319313542944,0.007267026642567672,0.003387610853762801
7.9,45.0339198380937,0.007605787727943951,0.0033736257253956983
8.0,45.03468041686649,0.00794315030048352,0.0033184527695486374
8.1,45.03547473189654,0.008274995577438382,0.003298176614185225
8.200000000000001,45.036302231454286,0.00860481323885691,0.0032542203413195767
8.3,45.03716271277817,0.008930235272988866,0.0032351138594760346
8.4,45.03805573630547,0.009253746658936468,0.003264912329887388
8.5,45.03898111097136,0.009580237891925206,0.0033638782653398185
8.6,45.03993913476056,0.009916625718459186,0.0034318637094226043
8.700000000000001,45.0409307973324,0.010259812089401452,0.0035439006564465026
8.8,45.04195677854134,0.0106142021550461,0.003705233936994088
8.9,45.04301819875685,0.010984725548745508,0.0038308073473496264
9.0,45.04411667131172,0.01136780628348047,0.00388602960495759
9.1,45.04525345194007,0.011756409243976227,0.003954036237800627
9.200000000000001,45.04642909286447,0.012151812867756295,0.003960395606652352
9.3,45.047644274151246,0.012547852428421529,0.003933859242062958
9.4,45.04889905939409,0.012941238352627824,0.0038797937289279105
9.5,45.05019318322935,0.013329217725520613,0.0037828635957628896
9.600000000000001,45.0515261050019,0.013707504085096908,0.003609807832419174
9.700000000000001,45.05289685541041,0.014068484868338824,0.0034458571047702707
9.8,45.05430370389725,0.01441307057881585,0.00333592622297618
9.9,45.05574501095513,0.014746663201113466,0.0032638045073747047
10.0,45.057219677275235,0.015073043651850936,0.003236548551289557
10.100000000000001,45.058726981640426,0.015396698506979896,0.003211759427199587
10.200000000000001,45.06026665149112,0.015717874449699853,0.0031805632892981566
10.3,45.06183843893609,0.016035930778629668,0.003087525423308955
10.4,45.06344203201395,0.016344683320960562,0.0029380005098496066
10.5,45.06507650034605,0.016638483371945522,0.0028486600566541716
10.600000000000001,45.06674034868325,0.016923349377610943,0.0027888004023869056
10.700000000000001,45.068432683621005,0.017202229417849633,0.0026559696876359102
10.8,45.07015290656279,0.017467826386613223,0.0025202125326579624
10.9,45.07189968920145,0.017719847639879018,0.0024601032876559337
11.0,45.07367167396544,0.01796585796864461,0.0024607897219733675
11.100000000000001,45.0754682597623,0.01821193694084195,0.002522976329455253
11.200000000000001,45.07728945345639,0.018464234573787475,0.002595936686195207
11.3,45.07913587691377,0.018723828242406995,0.002667242606661141
11.4,45.081008259738006,0.01899055250307311,0.002714983798916523
11.5,45.08290731498832,0.01926205088296476,0.0027404180937676574
11.600000000000001,45.084833520076614,0.01953609269234153,0.0027524013551132142
11.700000000000001,45.08678712934584,0.01981133282785285,0.0026873713993995447
11.8,45.08876826262863,0.020080069967792803,0.0026199503526551115
11.9,45.09077626962541,0.020342065003058313,0.002613120617511395
12.0,45.09281047612571,0.020603377064809452,0.002643148914576
12.100000000000001,45.094870813832195,0.020867691956267056,0.0026714778232578033
12.200000000000001,45.09695758302782,0.021134839738592835,0.00264475776045472
12.3,45.09907106700168,0.021399315514638306,0.0025560939585243894
12.4,45.10121099855315,0.021654924910490744,0.0023661606177111188
12.5,45.103376491044195,0.021891540972261855,0.002070556141264319
12.600000000000001,45.105565645141425,0.02209859658638829,0.0017147364218725028
12.700000000000001,45.10777550480006,0.02227007022857554,0.0013227361236836355
12.8,45.11000251182292,0.022402343840943903,0.000976436292552469
12.9,45.112242746207016,0.02249998747019915,0.0007751955558504858
13.0,45.114492744954035,0.022577507025784198,0.0005930575699992279
13.100000000000001,45.11675049565661,0.02263681278278412,0.00046325026476511956
13.200000000000001,45.11901417693489,0.022683137809260633,0.0003449445411819406
13.3,45.121282490715814,0.022717632263378827,0.00030457355176184806
13.4,45.12355425394215,0.022748089618555012,0.0002597113288123352
13.5,45.12582906290401,0.022774060751436245,0.0001541817960715847
13.600000000000001,45.128106468979155,0.022789478931043404,2.7977818479532722e-05
13.700000000000001,45.13038541687226,0.022792276712891357,-0.00013925856559016174
13.8,45.132664644543546,0.02277835085633234,-0.00036576176234194005
13.9,45.13494247962918,0.022741774680098147,-0.0005560775228634371
14.0,45.13721665709719,0.022686166927811804,-0.0007392653244593892
14.100000000000001,45.13948527378997,0.022612240395365864,-0.0009097637407404246
14.200000000000001,45.14174649782951,0.02252126402129182,-0.0011842854102248098
14.3,45.143998624231635,0.02240283548026934,-0.001495463243475914
14.4,45.14623890777966,0.02225328915592175,-0.001862521709673083
14.5,45.148464236695254,0.022067036984954443,-0.002197750873942469
14.600000000000001,45.15067094039375,0.021847261897560193,-0.0025506390686055613
14.700000000000001,45.152855666583505,0.021592197990699637,-0.002836386357757101
14.8,45.155014886382574,0.02130855935492393,-0.0030755194323267674
14.9,45.15714574231807,0.021001007411691253,-0.0032994783192531164
15.0,45.15924584305924,0.020671059579765942,-0.0035398059022273744
15.100000000000001,45.161312949017216,0.0203170789895432,-0.0036675528277013833
15.200000000000001,45.163344656916166,0.019950323706773063,-0.0038304724399985386
15.3,45.165339689286846,0.01956727646277321,-0.004015506869579716
15.4,45.16729641693313,0.01916572577581524,-0.004124156541479033
15.5,45.169212989510704,0.018753310121667338,-0.00419715707693163
15.600000000000001,45.17108832052287,0.01833359441397417,-0.004251305603911335
15.700000000000001,45.17292167996427,0.017908463853583037,-0.004396202190306302
15.8,45.17471252634963,0.01746884363455241,-0.0045428846450116895
15.9,45.176459410713086,0.01701455517005124,-0.004663796405143197
16.0,45.17816086623009,0.016548175529536923,-0.004820469496165971
16.1,45.17981568378304,0.01606612857992032,-0.004959957101163868
16.2,45.18142229664103,0.015570132869803943,-0.005082311593119415
16.3,45.182979309928015,0.015061901710491994,-0.005147158946314387
16.400000000000002,45.184485500099065,0.014547185815860548,-0.005140674901350563
16.5,45.18594021868065,0.014033118325725503,-0.005112705876035673
16.6,45.187343530513225,0.013521847738121928,-0.005109586861356269
16.7,45.18869571528703,0.013010889051986312,-0.005149536157105745
16.8,45.18999680419223,0.01249593543627573,-0.005145169743179554
16.900000000000002,45.19124639773586,0.011981418461957768,-0.0050952057100587264
17.0,45.192444539582056,0.011471897890951906,-0.005112236574688428
17.1,45.19359172937115,0.010960674233483056,-0.005140046616245597
17.2,45.1946877967945,0.010446669571858507,-0.005190417922394798
17.3,45.19573246375169,0.00992762777961902,-0.005221629642416197
17.400000000000002,45.19672522652965,0.009405464815377393,-0.005298590769167123
17.5,45.19766577301119,0.008875605738460692,-0.005377633681836445
17.6,45.19855333358503,0.00833784237027704,-0.005344300666640986
17.7,45.199387117822056,0.0078034123036129525,-0.0053218776865378405
17.8,45.20016745905242,0.007271224534959161,-0.005260574864332368
17.900000000000002,45.20089458150591,0.006745167048525917,-0.005199058295151068
18.0,45.20156909821077,0.006225261219010821,-0.005160286554896664
18.1,45.20219162433267,0.005709232563521147,-0.0051011311863098175
18.2,45.202762547589025,0.005199119444890176,-0.005055305524819164
18.3,45.20328245953351,0.004693588892408253,-0.005001056866259146
18.400000000000002,45.20375181842275,0.004193483205782331,-0.004969130889189582
18.5,45.20417116674333,0.0036965701168633833,-0.004931110977041841
18.6,45.20454082375502,0.003203459019159192,-0.004871069088040062
18.7,45.20486116965693,0.0027163521103551963,-0.004791726372150386
18.8,45.205132804867965,0.002237179473140151,-0.004786630238700613
18.900000000000002,45.20535652281528,0.0017585164492700828,-0.004831397409098304
19.0,45.20553237446021,0.0012753767083602627,-0.004955273517947078
19.1,45.20565991213105,0.0007798493565655479,-0.00514352416551791
19.200000000000003,45.205737897066705,0.0002654969400137496,-0.005252692817196129
19.3,45.2057644467607,-0.0002597723417058521,-0.005272530772511009
19.400000000000002,45.20573846952653,-0.0007870254189569605,-0.0052745704900034746
19.5,45.20565976698464,-0.0013144824679572967,-0.005246773591849845
19.6,45.20552831873784,-0.0018391598271422886,-0.005214300355156384
19.700000000000003,45.205344402755124,-0.0023605898626579344,-0.005223107782209951
19.8,45.20510834376886,-0.0028829006408789184,-0.005238105146919296
19.900000000000002,45.20482005370477,-0.0034067111555708554,-0.0052386155841915765
20.0,45.20447938258921,-0.003930572713990002,-0.005338471194417619
20.1,45.20408632531782,-0.004464419833431771,-0.005498560667772708
20.200000000000003,45.203639883334475,-0.00501427590020905,-0.005591133772410333
20.3,45.20313845574445,-0.005573389277450071,-0.005558011676245503
20.400000000000002,45.20258111681671,-0.00612919044507463,-0.005418551058446787
20.5,45.2019681977722,-0.006671045550919297,-0.005366343357615301
20.6,45.20130109321711,-0.0072076798866808345,-0.0053853328734112145
20.700000000000003,45.200580325228444,-0.0077462131740219636,-0.005441709465930552
20.8,45.19980570391104,-0.008290384120615007,-0.005438200147267177
20.900000000000002,45.198976665498975,-0.008834204135341733,-0.005419431485958603
21.0,45.198093245085445,-0.009376147283937581,-0.005364419410264196
21.1,45.197155630357045,-0.009912589224964009,-0.005256927161073651
21.200000000000003,45.196164371434556,-0.010438281941071381,-0.0051321857123384825
21.3,45.19512054324044,-0.010951500512305219,-0.005001439616774543
21.400000000000002,45.194025393189214,-0.01145164447398268,-0.004817000603267068
21.5,45.192880228741814,-0.011933344534309377,-0.004659758655316992
21.6,45.19168689428839,-0.012399320399841082,-0.0044727615744929545
21.700000000000003,45.1904469622484,-0.012846596557290384,-0.004303278270471564
21.8,45.18916230259267,-0.013276924384337531,-0.004112821110657539
21.900000000000002,45.18783461015424,-0.013688206495403291,-0.003881313177844892
22.0,45.186465789504695,-0.014076337813187772,-0.0036279543278967302
22.1,45.18505815572338,-0.01443913324597745,-0.0033485538680830826
22.200000000000003,45.18361424239878,-0.014773988632785763,-0.003138412366577405
22.3,45.1821368435355,-0.015087829869443497,-0.0029330211741420142
22.400000000000002,45.18062806054856,-0.015381131986857702,-0.0027194044814443192
22.5,45.17908994734987,-0.01565307243500213,-0.0024979672896028792
22.6,45.17752464010637,-0.01590286916396242,-0.002310778332474431
22.700000000000003,45.17593435318997,-0.016133946997209866,-0.0021517681545333194
22.8,45.174320958490256,-0.016349123812663194,-0.002106489582730802
22.900000000000002,45.172686046108986,-0.016559772770936277,-0.0020027497604613387
23.0,45.1710300688319,-0.016760047746982407,-0.001953372049906227
23.1,45.169354064057195,-0.016955384951973032,-0.0018656280821225959
23.200000000000003,45.167658525562,-0.017141947760185294,-0.0018443480777377956
23.3,45.16594433078598,-0.01732638256795907,-0.0018662465250311121
23.400000000000002,45.164211692529186,-0.017513007220462184,-0.0019312627546940668
23.5,45.16246039180714,-0.017706133495931586,-0.002101270547474545
23.6,45.160689778457545,-0.017916260550679044,-0.0023675587398150353
23.700000000000003,45.15889815240248,-0.01815301642466055,-0.002576089626708126
23.8,45.15708285076001,-0.018410625387331358,-0.0028289435002776544
23.900000000000002,45.15524178822128,-0.018693519737359127,-0.0030926488919455104
24.0,45.153372436247544,-0.019002784626553672,-0.003321339031742755
24.1,45.15147215778489,-0.019334918529727952,-0.0034872031099391345
24.200000000000003,45.149538665931914,-0.01968363884072187,-0.003584195595806347
24.3,45.147570302047846,-0.020042058400302497,-0.0036403342482926354
24.400000000000002,45.145566096207816,-0.020406091825131766,-0.0036978954793053754
24.5,45.1435254870253,-0.020775881373062296,-0.003721315040222088
24.6,45.141447898887996,-0.02114801287708451,-0.0037331745248918467
24.700000000000003,45.139333097600286,-0.0215213303295737,-0.003700050494036727
24.8,45.13718096456733,-0.021891335378977365,-0.00368044352525158
24.900000000000002,45.13499183102943,-0.022259379731502528,-0.0037151030855210004
25.0,45.13276589305628,-0.02263089004005462,-0.0036761776650823773
25.1,45.13050280405228,-0.022998507806562863,-0.003586852924785858
25.200000000000003,45.12820295327162,-0.023357193099041454,-0.0035767303368835768
25.3,45.12586723396171,-0.023714866132729804,-0.0035994552143358604
25.400000000000002,45.12349574734844,-0.024074811654163395,-0.003624933624702718
25.5,45.12108826618302,-0.02443730501663366,-0.003585941336666458
25.6,45.11864453568136,-0.02479589915030031,-0.003472313412578607
25.700000000000003,45.11616494576633,-0.025143130491558176,-0.0033111685209930727
25.8,45.113650632717174,-0.025474247343657476,-0.003089364533601186
25.900000000000002,45.11110320798281,-0.0257831837970176,-0.0029140062573734036
26.0,45.10852488960311,-0.026074584422754933,-0.0027665867311951705
26.1,45.10591743116083,-0.026351243095874454,-0.0026410617091576047
26.200000000000003,45.10328230685124,-0.02661534926679022,-0.0025109164455356706
26.3,45.10062077192457,-0.02686644091134378,-0.0023674884610552097
26.400000000000002,45.09793412783343,-0.027103189757449304,-0.002225318205145341
26.5,45.09522380885769,-0.027325721577963834,-0.0020901098607760803
26.6,45.09249123669989,-0.027534732564041445,-0.0019004567941101065
26.700000000000003,45.08973776344349,-0.027724778243452458,-0.0018016985202598918
26.8,45.086965285619144,-0.027904948095478443,-0.0017111008457511394
26.900000000000002,45.08417479080959,-0.02807605818005356,-0.001593560427511214
27.0,45.081367184991585,-0.028235414222804678,-0.0015013294718480836
27.1,45.078543643569304,-0.02838554716998949,-0.0014273348337225243
27.200000000000003,45.07570508885231,-0.028528280653361743,-0.0013682362025132318
27.3,45.07285226078697,-0.028665104273613063,-0.0013167011741430598
27.400000000000002,45.06998575035961,-0.02879677439102737,-0.0013325501363508775
27.5,45.06710607292051,-0.028930029404662456,-0.0012590619360871261
27.6,45.06421306998004,-0.02905593559827117,-0.0011207068668516779
27.700000000000003,45.06130747642021,-0.02916800628495634,-0.001023157862604569
27.8,45.05839067579172,-0.029270322071216794,-0.0009554386488373274
27.900000000000002,45.055463643584595,-0.02936586593610053,-0.0008984180147693211
28.0,45.05252705699099,-0.02945570773757746,-0.0008489198728634883
28.1,45.04958148621723,-0.02954059972486381,-0.0008200755308415223
28.200000000000003,45.04662742624474,-0.029622607277947962,-0.0007397354165738173
28.3,45.04366516551695,-0.029696580819605342,-0.0006561547390216808
28.400000000000002,45.04069550743499,-0.02976219629350751,-0.0005814320329525001
28.5,45.037719287805636,-0.02982033949680276,-0.0004544411115629398
28.6,45.03473725385596,-0.029865783607959055,-0.00029663651513383703
28.700000000000003,45.03175067549516,-0.02989544725947244,-0.0002943497072225847
28.8,45.02876113076921,-0.029924882230194697,-0.0002530574228055241
28.900000000000002,45.0257686425462,-0.02995018797247525,-0.0002630795640709269
29.0,45.02277362374895,-0.02997649592888234,-0.00033245013622215186
29.1,45.019775974156055,-0.030009740942504557,-0.0004989514845003053
29.200000000000003,45.016775000061806,-0.03005963609095459,-0.0007535253581334397
29.3,45.013769036452715,-0.03013498862676793,-0.001075006893593597
29.400000000000002,45.010755537590036,-0.030242489316127292,-0.0013940714925957407
29.5,45.00773128865842,-0.030381896465386863,-0.0017326736203300305
29.6,45.00469309901188,-0.03055516382741987,-0.0020986977410322786
29.700000000000003,45.001637582629144,-0.0307650336015231,-0.0024297854219494474
29.8,44.99856107926899,-0.03100801214371804,-0.0027358861923949427
29.900000000000002,44.995460278054615,-0.03128160076295754,-0.0030331970542242467
30.0,44.99233211797832,-0.031584920468379955,-0.0033757957416545793
30.1,44.989173625931485,-0.03192250004254542,-0.0036600677809480765
30.200000000000003,44.98598137592723,-0.03228850682064023,-0.003913648860070312
30.3,44.98275252524517,-0.032679871706647254,-0.0040849867599678765
30.400000000000002,44.9794845380745,-0.03308837038264405,-0.004281314294834492
30.5,44.97617570103623,-0.03351650181212749,-0.004467791112012238
30.6,44.972824050855024,-0.03396328092332872,-0.00464804417313475
30.700000000000003,44.96942772276269,-0.0344280853406422,-0.004829389914300131
30.8,44.96598491422863,-0.0349110243320722,-0.005057896042233373
30.900000000000002,44.96249381179542,-0.035416813936295546,-0.0053080524591774415
31.0,44.95895213040179,-0.03594761918221328,-0.005533058301602907
31.1,44.95535736848357,-0.03650092501237358,-0.005703078423597979
31.200000000000003,44.95170727598233,-0.037071232854733384,-0.0057448538548553725
31.3,44.948000152696856,-0.03764571824021891,-0.005837853893531558
31.400000000000002,44.944235580872835,-0.03822950362957207,-0.005895163114942371
31.5,44.940412630509876,-0.0388190199410663,-0.005936795823551207
31.6,44.93653072851577,-0.03941269952342143,-0.006104655548611528
31.700000000000003,44.93258945856343,-0.04002316507828259,-0.006353317924378817
31.8,44.928587142055605,-0.040658496870720456,-0.006590026292417037
31.900000000000002,44.92452129236853,-0.04131749949996217,-0.00679273939592246
32.0,44.92038954241853,-0.0419967734395544,-0.0069487657440748096
32.1,44.91618986507458,-0.04269165001396189,-0.007037194623384199
32.2,44.91192070007318,-0.04339536947630032,-0.0071553478570748575
32.300000000000004,44.90758116312555,-0.04411090426200782,-0.007240353802774528
32.4,44.90317007269935,-0.04483493964228523,-0.007254790732939034
32.5,44.89868657873512,-0.04556041871557914,-0.007295478549424923
32.6,44.894130536863564,-0.046289966570521646,-0.007228465077824925
32.7,44.88950154020651,-0.04701281307830415,-0.007198151743023596
32.800000000000004,44.88480025889868,-0.04773262825260652,-0.0072677492972409545
32.9,44.88002699607342,-0.04845940318233057,-0.007324928797214393
33.0,44.875181055755185,-0.04919189606205202,-0.007361148144049318
33.1,44.87026186614898,-0.049928010876456964,-0.007429249555176326
33.2,44.865269065061334,-0.05067093583197461,-0.007513519907461454
33.300000000000004,44.86020197147814,-0.051422287822720764,-0.007618166377942342
33.4,44.855059742695865,-0.052184104460514955,-0.007737480058096728
33.5,44.84984133224982,-0.05295785246632464,-0.007812300795453392
33.6,44.844545547003186,-0.05373908254586999,-0.007785997737774039
33.7,44.839171638748596,-0.054517682319647404,-0.007698720014608669
33.800000000000004,44.83371987051663,-0.05528755432110828,-0.007589821822026347
33.9,44.82819111508452,-0.05604653650331087,-0.007530087099690862
34.0,44.82258646143419,-0.05679954521327997,-0.007529610009254122
34.1,44.816906506912865,-0.05755250621420539,-0.007590698104152322
34.2,44.81115125629144,-0.058311576024620636,-0.007697908177708672
34.300000000000004,44.80532009868898,-0.059081366842391514,-0.007847135360550291
34.4,44.79941196200474,-0.0598660803784465,-0.007966432872727703
34.5,44.793425353966896,-0.06066272366571928,-0.008105326761385877
34.6,44.78735908160032,-0.06147325634185788,-0.008235423233795997
34.7,44.78121175596614,-0.06229679866523749,-0.008359136498589957
34.800000000000004,44.77498207609961,-0.0631327123150965,-0.00850620786112123
34.9,44.768668804868106,-0.06398333310120857,-0.008634977949211352
35.0,44.76227047155798,-0.06484683089612972,-0.008640649297150681
35.1,44.75578578846837,-0.0657108958258448,-0.008604827651790426
35.2,44.74921469888579,-0.06657137859102386,-0.008502081601443074
35.300000000000004,44.742557561026686,-0.06742158675116817,-0.008345131428741577
35.4,44.73581540235157,-0.06825609989404229,-0.008152512335258705
35.5,44.728989792362164,-0.06907135112756817,-0.007930874937433245
35.6,44.72208265724941,-0.0698644386213115,-0.007709301698466427
35.7,44.71509621338728,-0.07063536879115816,-0.007567869420205851
35.800000000000004,44.70803267650816,-0.07139215573317875,-0.007486168588901619
35.9,44.70089346093484,-0.07214077259206887,-0.007388862205181985
36.0,44.69367938367564,-0.07287965881258708,-0.00722483556778831
36.1,44.686391417794376,-0.07360214236936592,-0.007038270217258097
36.2,44.679031203557436,-0.07430596939109174,-0.0069539010845024295
36.300000000000004,44.67160060661833,-0.075001359499542,-0.006900855792323055
36.4,44.66410047066837,-0.07569144507877426,-0.006822542025818654
36.5,44.6565313261605,-0.07637369928135614,-0.0066861407155197495
36.6,44.648893956232364,-0.07704231335290812,-0.006590425343329421
36.7,44.641189724897075,-0.07770135588724107,-0.006461600001560671
36.800000000000004,44.633419589308346,-0.07834751588739715,-0.00633477922928749
36.9,44.62558483771961,-0.07898099381032586,-0.00624477854545063
37.0,44.61768673833858,-0.07960547166487093,-0.006185695364308903
37.1,44.609726191172086,-0.08022404120130183,-0.006050719528547713
37.2,44.60170378705196,-0.08082911315415661,-0.005853882439713132
37.300000000000004,44.59362087573654,-0.08141450139812793,-0.0056272495782027235
37.4,44.58547942559673,-0.08197722635594817,-0.005421564134037777
37.5,44.57728170296114,-0.08251938276935196,-0.005175598781462713
37.6,44.5690297646842,-0.08303694264749824,-0.004866211612932006
37.7,44.56072607041945,-0.08352356380879145,-0.004622665266428506
37.800000000000004,44.55237371403857,-0.0839858303354343,-0.004365877073393252
37.9,44.54397513100503,-0.0844224180427736,-0.004064790602384902
38.0,44.53553288920075,-0.0848288971030121,-0.0037025665980742503
38.1,44.52704999949045,-0.08519915376281953,-0.0033792583911039027
38.2,44.51853008411417,-0.08553707960192992,-0.0029899279066082215
38.300000000000004,44.50997637615397,-0.08583607239259075,-0.0025980331138230803
38.400000000000006,44.50139276891471,-0.08609587570397306,-0.0022573547093856956
38.5,44.492783181344315,-0.08632161117491162,-0.0018528136909846686
38.6,44.484151020226825,-0.08650689254401009,-0.0014705680671185453
38.7,44.47550033097242,-0.08665394935072195,-0.0010230488215831467
38.800000000000004,44.46683493603735,-0.08675625423288026,-0.0005600071620058465
38.900000000000006,44.458159310614064,-0.08681225494908085,-0.00017850954350266305
39.0,44.44947808511915,-0.08683010590343111,0.0002052801789202667
39.1,44.440795074528815,-0.08680957788553909,0.0005121321493974023
39.2,44.43211411674026,-0.08675836467059934,0.000839462041799787
39.300000000000004,44.4234382802732,-0.08667441846641936,0.0011333677840456697
39.400000000000006,44.414770838426556,-0.0865610816880148,0.001397832394697897
39.5,44.406114730257755,-0.08642129844854501,0.0016326671354063617
39.6,44.397472600412904,-0.08625803173500438,0.0018558758574064873
39.7,44.3888467972394,-0.08607244414926372,0.0020590023553087853
39.800000000000004,44.38023955282448,-0.08586654391373284,0.0022196666000965887
39.900000000000006,44.371652898433105,-0.08564457725372318,0.0023494751639892234
40.0,44.36308844070773,-0.08540962973732427,0.0024744319008119724
40.1,44.354547477733995,-0.08516218654724307,0.0026135739526346085
40.2,44.346031259079275,-0.0849008291519796,0.002754539843986925
40.300000000000004,44.33754117616407,-0.08462537516758091,0.002905917414369977
40.400000000000006,44.32907863864732,-0.08433478342614391,0.003106770185615403
40.5,44.3206451603047,-0.08402410640758239,0.0033314726685770373
40.6,44.312242749663945,-0.08369095914072468,0.003502979807469364
40.7,44.303873653749875,-0.08334066115997774,0.0036893187053618245
40.800000000000004,44.295539587633876,-0.08297172928944155,0.0038804226033082594
40.900000000000006,44.28724241470493,-0.08258368702911072,0.004074275523586838
41.0,44.278984046002016,-0.08217625947675206,0.004253082153233079
41.1,44.27076642005434,-0.08175095126142874,0.004392112434573818
41.2,44.2625913249282,-0.08131174001797135,0.004459727130902084
41.300000000000004,44.254460150926406,-0.08086576730488114,0.004548408840402769
41.400000000000006,44.246373574195914,-0.08041092642084086,0.004670455646925408
41.5,44.23833248155383,-0.07994388085614834,0.004831751315247588
41.6,44.23033809346822,-0.07946070572462358,0.00501496228680169
41.7,44.222392022895754,-0.0789592094959434,0.005226760679085599
41.800000000000004,44.21449610194616,-0.07843653342803483,0.0054033525292543965
41.900000000000006,44.20665244860336,-0.07789619817510939,0.005587615878418951
42.0,44.19886282878585,-0.07733743658726752,0.005718859026560609
42.1,44.191129085127116,-0.07676555068461145,0.0058317852497104805
42.2,44.18345253005866,-0.0761823721596404,0.005998261372356288
42.300000000000004,44.175834292842694,-0.07558254602240476,0.006197225119650202
42.400000000000006,44.16827603824045,-0.07496282351043973,0.006481761825270446
42.5,44.16077975588941,-0.07431464732791272,0.006716799633802633
42.6,44.15334829115662,-0.07364296736453245,0.006918338341821192
42.7,44.14598399442016,-0.07295113353035032,0.007147762457884908
42.800000000000004,44.13868888106713,-0.07223635728456182,0.007409462541508211
42.900000000000006,44.131465245338674,-0.07149541103041099,0.0076712365005527005
43.0,44.124315704235634,-0.07072828738035576,0.007956437120025554
43.1,44.117242875497595,-0.0699326436683532,0.008196807415429158
43.2,44.11024961113076,-0.06911296292681027,0.008471020671377857
43.300000000000004,44.10333831483808,-0.06826586085967247,0.00872880096659702
43.400000000000006,44.09651172875211,-0.06739298076301276,0.008940890461785015
43.5,44.089772430675815,-0.0664988917168343,0.009057196560502839
43.6,44.08312254150413,-0.06559317206078401,0.009074834681776094
43.7,44.07656322429805,-0.06468568859260639,0.008985366582310594
43.800000000000004,44.07009465543879,-0.06378715193437531,0.008940736257567068
43.900000000000006,44.06371594024535,-0.0628930783086186,0.008846030248477414
44.0,44.05742663241449,-0.0620084752837709,0.008718738835910166
44.1,44.051225784886114,-0.061136601400179874,0.008530343437542862
44.2,44.0451121247461,-0.060283567056425576,0.008253439505004852
44.300000000000004,44.03908376804045,-0.05945822310592508,0.008038076884851638
44.400000000000006,44.03313794572986,-0.058654415417439904,0.007844376804606134
44.5,44.02727250418812,-0.057869977736979335,0.007654974512476711
44.6,44.021485506414415,-0.05710448028573165,0.0074326044282320754
44.7,44.01577505838584,-0.056361219842908435,0.0071884440071969345
44.800000000000004,44.01013893640155,-0.05564237544218873,0.007022723837734721
44.900000000000006,44.00457469885733,-0.05494010305841525,0.0069445486132098866
45.0,43.999080688551494,-0.0542456481970943,0.006942410421106991
45.1,43.99365612373178,-0.05355140715498359,0.007095096525079236
45.2,43.98830098301629,-0.05284189750247566,0.007333518436291216
45.300000000000004,43.98301679326604,-0.052108545658846525,0.007693091179630825
45.400000000000006,43.97780593870015,-0.05133923654088343,0.008200020376225076
45.5,43.972672015046065,-0.05051923450326097,0.008684822176890318
45.6,43.96762009159574,-0.04965075228557193,0.009102149874437174
45.7,43.96265501636718,-0.048740537298128196,0.009497227023857194
45.800000000000004,43.95778096263737,-0.04779081459574246,0.009896597085595689
45.900000000000006,43.9530018811778,-0.04680115488718288,0.010300391031102352
46.0,43.94832176568907,-0.045771115784072704,0.010669072056922734
46.1,43.94374465411067,-0.044704208578380415,0.011033580677159618
46.2,43.93927423325283,-0.04360085051066444,0.011353292059215597
46.300000000000004,43.93491414820176,-0.04246552130474286,0.011738340947568024
46.400000000000006,43.93066759607129,-0.04129168720998604,0.012110471803434964
46.5,43.926538427350295,-0.040080640029642615,0.012367152483269658
46.6,43.92253036334733,-0.03884392478131563,0.012661742658188924
46.7,43.91864597086919,-0.03757775051549672,0.01288826717611299
46.800000000000004,43.914888195817646,-0.036288923797885404,0.013117230696385757
46.900000000000006,43.91125930343786,-0.03497720072824681,0.013390544172880435
47.0,43.90776158336503,-0.03363814631095884,0.013670587275854698
47.1,43.904397768733936,-0.032271087583373353,0.014039816337460551
47.2,43.9011706599756,-0.03086710594962728,0.014349137754121857
47.300000000000004,43.898083949380634,-0.029432192174215072,0.014612232072731754
47.400000000000006,43.89514073016321,-0.027970968966941876,0.014859613981234357
47.5,43.89234363326652,-0.026485007568818525,0.015091022937261347
47.6,43.88969513250964,-0.02497590527509237,0.015328467548501163
47.7,43.88719754198213,-0.02344305852024223,0.015525872728119812
47.800000000000004,43.884853236130105,-0.021890471247430227,0.015675811743438697
47.900000000000006,43.88266418900536,-0.020322890073086335,0.01575319733036914
48.0,43.88063189999805,-0.01874757034004951,0.015757398280597194
48.1,43.87875714296405,-0.01717183051198977,0.0157135194328884
48.2,43.87703995991285,-0.015600478568700907,0.01573523369221007
48.300000000000004,43.87547991205598,-0.014026955199479878,0.01564005972414627
48.400000000000006,43.87407721653603,-0.012462949227065229,0.015602754289695474
48.5,43.87283092161333,-0.01090267379809577,0.015540313341597603
48.6,43.87174065423351,-0.009348642463935988,0.015476777381880519
48.7,43.87080578998712,-0.007800964725747914,0.015368126441673324
48.800000000000004,43.87002569351455,-0.006264152081580559,0.015188065969448654
48.900000000000006,43.86939927830639,-0.0047453454846356725,0.015052720581333535
49.0,43.86892474375792,-0.0032400734265024046,0.014840717547001721
49.1,43.868600736415274,-0.0017560016718022114,0.014643160627909008
49.2,43.86842513624809,-0.00029168560901128977,0.01458088371564348
49.300000000000004,43.86839596768719,0.0011664027625530788,0.014477249771931556
49.400000000000006,43.86851260796345,0.002614127739746255,0.014347092908909162
49.5,43.868774020737426,0.00404883703063709,0.014248525439947472
49.6,43.86917890444049,0.005473689574631857,0.014193967742742616
49.7,43.86972627339795,0.006893086348906139,0.014224444518628906
49.800000000000004,43.87041558203284,0.00831553080076905,0.01430873060473258
49.900000000000006,43.87124713511292,0.009746403861242328,0.014376496827745255
50.0,43.87222177549904,0.011184053544016772,0.014387141798661594
50.1,43.87334018085345,0.012622767723882952,0.014390975238469387
50.2,43.87460245762583,0.014061865247729911,0.014297016960206464
50.300000000000004,43.8760086441506,0.015491566943750578,0.014106367617325855
50.400000000000006,43.87755780084498,0.016902203705483183,0.013779612565091082
50.5,43.87924802121553,0.018280164961992213,0.013408121528423068
50.6,43.88107603771173,0.01962097711483454,0.013060432000425089
50.7,43.88303813542321,0.020927020314877066,0.01276197023154446
50.800000000000004,43.885130837454696,0.02220321733803153,0.012499385595633943
50.900000000000006,43.887351159188505,0.023453155897594943,0.01223424310972058
51.0,43.88969647477826,0.02467658020856693,0.011851109105098552
51.1,43.89216413279912,0.025861691119076803,0.011382344978162115
51.2,43.894750301911024,0.02699992561689303,0.010987662781728868
51.300000000000004,43.89745029447271,0.028098691895065933,0.010631303593158422
51.400000000000006,43.900260163662224,0.02916182225438179,0.010348071449605629
51.5,43.90317634588766,0.030196629399342294,0.010112036608733924
51.6,43.90619600882759,0.0312078330602157,0.009876327020611439
51.7,43.909316792133616,0.03219546576227686,0.009671337422446776
51.800000000000004,43.91253633870984,0.03316259950452155,0.009456622201968473
51.900000000000006,43.915852598660294,0.03410826172471841,0.009255004537517304
52.0,43.91926342483277,0.03503376217847009,0.00902124617807713
52.1,43.922766801050614,0.035935886796277815,0.008740458291740194
52.2,43.92636038973024,0.03680993262545185,0.008432094387308289
52.300000000000004,43.93004138299279,0.03765314206418269,0.008255715365685735
52.400000000000006,43.9338066971992,0.03847871360075127,0.008107802891872937
52.5,43.93765456855928,0.03928949388993852,0.007946533965967782
52.6,43.941583517948274,0.04008414728653531,0.007762003995437459
52.7,43.945591932676926,0.04086034768607907,0.007537901566786218
52.800000000000004,43.94967796744554,0.0416141378427577,0.007301251588035969
52.900000000000006,43.95383938122981,0.04234426300156131,0.007032593146203398
53.0,43.95807380752997,0.043047522316181606,0.006762038137257232
53.1,43.96237855976159,0.04372372612990734,0.006443349923090485
53.2,43.96675093237458,0.0443680611222164,0.006184682840478707
53.300000000000004,43.9711877384868,0.044986529406264276,0.005883474098928157
53.400000000000006,43.97568639142742,0.0455748768161571,0.005637742685446521
53.5,43.98024387910904,0.04613865108470172,0.005476830833239998
53.6,43.98485774421751,0.04668633416802573,0.005348499475378292
53.7,43.98952637763431,0.047221184115563565,0.005128614607914774
53.800000000000004,43.99424849604587,0.04773404557635505,0.004926833194207682
53.900000000000006,43.99902190060351,0.048226728895775825,0.00479498094422596
54.0,44.00384457349308,0.048706226990198394,0.004704545135862106
54.1,44.0087151961921,0.04917668150378461,0.004584672857875995
54.2,44.01363286434248,0.04963514878957222,0.004496273228824654
54.300000000000004,44.018596379221435,0.05008477611245469,0.0044561446302437335
54.400000000000006,44.023604856832684,0.05053039057547907,0.00446240193399371
54.5,44.028657895890234,0.050976630768878414,0.004591761471878582
54.6,44.03375555896712,0.05143580691606628,0.004734242022032683
54.7,44.038899139658724,0.051909231118269554,0.00477876637247618
54.800000000000004,44.04409006277055,0.05238710775551718,0.004865246191622999
54.900000000000006,44.04932877354611,0.052873632374679486,0.004946992240293869
55.0,44.05461613678357,0.053368331598708844,0.005043512087217064
55.1,44.059952969943446,0.05387268280743056,0.005098428267002183
55.2,44.06534023822419,0.054382525634130784,0.005118644166106075
55.300000000000004,44.0707784907876,0.0548943900507414,0.005116447644006036
55.400000000000006,44.07626792979267,0.05540603481514201,0.005064717034443746
55.5,44.081808533274184,0.055912506518586355,0.004892200152718171
55.6,44.087399783926045,0.05640172653385818,0.004719256400057828
55.7,44.09303995657943,0.05687365217386397,0.004508385880874771
55.800000000000004,44.09872732179682,0.05732449076195145,0.004381546547514305
55.900000000000006,44.104459770873014,0.05776264541670289,0.0042149288127591895
56.0,44.11023603541469,0.058184138297978784,0.003925364000380932
56.1,44.11605444924448,0.05857667469801688,0.0036132942269285527
56.2,44.121912116714284,0.05893800412070974,0.0033738344974051445
56.300000000000004,44.12780591712635,0.05927538757045026,0.0031745558558581265
56.400000000000006,44.1337334558834,0.05959284315603608,0.0029453377118915667
56.5,44.139692740199,0.05988737692722522,0.0027655862369992423
56.6,44.14568147789173,0.06016393555092515,0.0025278926892406323
56.7,44.15169787144682,0.060416724819849214,0.002333921888880328
56.800000000000004,44.157739543928805,0.06065011700873725,0.0021464913166105827
56.900000000000006,44.163804555629675,0.06086476614039831,0.0018995302425682229
57.0,44.16989103224372,0.06105471916465512,0.0016142218518571997
57.1,44.17599650416018,0.061216141349840845,0.0013444445087191868
57.2,44.182118118295165,0.061350585800712766,0.0010773128497499325
57.300000000000004,44.188253176875236,0.06145831708568776,0.0008730691835068126
57.400000000000006,44.19439900858381,0.06154562400403844,0.0006715389083221772
57.5,44.20055357098421,0.06161277789487066,0.0004904855611687006
57.6,44.2067148487737,0.06166182645098753,0.0003461401230724726
57.7,44.212881031418796,0.061696440463294776,9.555590027916647e-05
57.800000000000004,44.21905067546513,0.06170599605332269,-0.0002571177262182497
57.900000000000006,44.22522127507046,0.06168028428070087,-0.0006201762263284913
58.0,44.23138930349853,0.06161826665806802,-0.0009325250925021212
58.1,44.237551130164334,0.06152501414881781,-0.0011967189341360704
58.2,44.243703631579216,0.0614053422554042,-0.0014718185019290328
58.300000000000004,44.24984416580476,0.061258160405211294,-0.0017704063534095425
58.400000000000006,44.255969981845276,0.06108111976987034,-0.0020854554879272892
58.5,44.26207809382227,0.06087257422107762,-0.0023896593165267594
58.6,44.26816535124437,0.06063360828942494,-0.002690261276599607
58.7,44.27422871207332,0.060364582161764976,-0.0029119647123020402
58.800000000000004,44.28026517028949,0.06007338569053477,-0.0031098953764817612
58.900000000000006,44.286272508858545,0.05976239615288659,-0.003370250232903588
59.0,44.29224874847383,0.05942537112959625,-0.0035922790682392
59.1,44.298191285586796,0.05906614322277232,-0.0037935441409221882
59.2,44.304097899909074,0.0586867888086801,-0.00400240986949575
59.300000000000004,44.30996657878994,0.05828654782173052,-0.00424331581927063
59.400000000000006,44.31579523357211,0.05786221623980345,-0.004530185363755803
59.5,44.321581455196096,0.057409197703427894,-0.004816299093777025
59.6,44.327322374966435,0.056927567794050185,-0.005153996413606168
59.7,44.33301513174584,0.05641216815268956,-0.005457951284371715
59.800000000000004,44.33865634856111,0.05586637302425238,-0.005701399321895786
59.900000000000006,44.34424298586354,0.055296233092062795,-0.005798012078330663
60.0,44.34977260917274,0.05471643188422976,-0.005917849034766719
60.1,44.35524425236117,0.05412464698075308,-0.006159824598802234
60.2,44.36065671705924,0.05350866452087285,-0.006416092105960675
60.300000000000004,44.366007583511326,0.05286705531027677,-0.006674675261405433
60.400000000000006,44.37129428904235,0.05219958778413622,-0.006908197863591097
60.5,44.376514247820765,0.05150876799777715,-0.007198716862341187
60.6,44.38166512462055,0.05078889631154302,-0.007444807810758311
60.7,44.3867440142517,0.05004441553046718,-0.007717075410339254
60.800000000000004,44.391748455804745,0.04927270798943324,-0.007964934121255747
60.900000000000006,44.39667572660369,0.04847621457730766,-0.00820141730783352
61.0,44.40152334806142,0.04765607284652435,-0.008449384425328768
61.1,44.40628895534607,0.04681113440399146,-0.00867642701992072
61.2,44.41097006878647,0.04594349170199938,-0.008792100081560658
61.300000000000004,44.41556441795667,0.0450642816938433,-0.008872982705063493
61.400000000000006,44.42007084612606,0.04417698342333694,-0.008979059846007411
61.5,44.42448854446839,0.04327907743873625,-0.00904167023355094
61.6,44.42881645221227,0.04237491041538114,-0.009050690360170598
61.7,44.4330539432538,0.04146984137936407,-0.009016476232413192
61.800000000000004,44.437200927391736,0.040568193756122736,-0.008947171482900166
61.900000000000006,44.44125774676735,0.03967347660783271,-0.008842399140587074
62.0,44.44522509442813,0.03878923669377405,-0.008705539969861927
62.1,44.449104018097515,0.037918682696787845,-0.008668835717278252
62.2,44.45289588636719,0.03705179912506001,-0.008700111775517565
62.300000000000004,44.456601066279696,0.03618178794750824,-0.008702336970614915
62.400000000000006,44.46021924507445,0.035311554250446735,-0.008640911196939749
62.5,44.46375040049949,0.03444746313075281,-0.008597542397556033
62.6,44.467195146812564,0.033587708890997194,-0.008513824781272387
62.7,44.470553917701665,0.03273632641286994,-0.008348672463922312
62.800000000000004,44.47382755034295,0.0319014591664777,-0.00824109820102887
62.900000000000006,44.4770176962596,0.0310773493463748,-0.008117499597091783
63.0,44.48012543119424,0.03026559938666567,-0.007996999509760409
63.1,44.48315199113291,0.029465899435689617,-0.00790055789115631
63.2,44.486098581076476,0.028675843646573974,-0.007865759010276661
63.300000000000004,44.488966165441134,0.027889267745546297,-0.007774677343326917
63.400000000000006,44.49175509221568,0.027111800011213594,-0.0075821704546776844
63.5,44.494466272216805,0.02635358296574587,-0.0073977688119608925
63.6,44.497101630513384,0.02561380608454977,-0.007175911204312312
63.7,44.49966301112184,0.024896214964118528,-0.007013334405675119
63.800000000000004,44.50215263261825,0.024194881523551006,-0.006907959551226145
63.900000000000006,44.504572120770604,0.02350408556842838,-0.00682297185281945
64.0,44.50692252932745,0.022821788383146475,-0.006759873989612849
64.10000000000001,44.50920470816576,0.022145800984185133,-0.006729014607131171
64.2,44.51141928826418,0.021472899523472054,-0.006706760273002613
64.3,44.513566578216526,0.02080222349617183,-0.006670668697209753
64.4,44.515646800566145,0.0201351566264508,-0.006670846210431143
64.5,44.51766031622879,0.019468072005407722,-0.006833844042944272
64.60000000000001,44.51960712342933,0.018784687601113237,-0.006969990625940428
64.7,44.52148559218944,0.018087688538519234,-0.0070768519810327155
64.8,44.52329436104329,0.017380003340416002,-0.0071129540938802945
64.9,44.525032361377335,0.016668707931027912,-0.0072030649686486495
65.0,44.52669923217044,0.01594840143416309,-0.007307707476305015
65.10000000000001,44.528294072313855,0.015217630686532525,-0.00743207401628508
65.2,44.52981583538251,0.014474423284904059,-0.007468087390085477
65.3,44.531263277711,0.013727614545895554,-0.007463140135775264
65.4,44.53263603916559,0.012981300532317963,-0.007454984157487997
65.5,44.53393416921882,0.012235802116569206,-0.007481037493458774
65.60000000000001,44.535157749430475,0.011487698367223265,-0.007454897869248423
65.7,44.5363065192672,0.010742208580298465,-0.0074022037331858285
65.8,44.53738074012523,0.010001988206979924,-0.007394065504678024
65.9,44.53838093894593,0.009262581656512059,-0.0073888472801866
66.0,44.539307197111576,0.00852369692849344,-0.007410937248824536
66.10000000000001,44.54015956680443,0.007782603203610924,-0.007487792957540643
66.2,44.540937827124786,0.007033823907856902,-0.0076272630052696706
66.3,44.541641209515575,0.006271097607329979,-0.00772818482347528
66.4,44.54226831927631,0.005498279124982385,-0.007783605326909318
66.5,44.542818147188804,0.004719918592291497,-0.0077676727613939685
66.60000000000001,44.54329013904803,0.003943151316152034,-0.00775609206994176
66.7,44.54368445417965,0.003167542109157902,-0.007752529129417109
66.8,44.54400120839057,0.0023922891962162352,-0.007696645957415467
66.9,44.54424043731019,0.001622624600474623,-0.007617967204482959
67.0,44.54440269977023,0.0008608278800263703,-0.007511950643158453
67.10000000000001,44.54448878255824,0.00010963281571046098,-0.007331851187297346
67.2,44.54449974583981,-0.000623552303019232,-0.007104374747928654
67.3,44.54443739060951,-0.001333989777812057,-0.0069186009422376685
67.4,44.54430399163172,-0.002025849872035883,-0.006759940074645744
67.5,44.54410140664452,-0.002701843879500419,-0.006614372686429199
67.60000000000001,44.54383122225657,-0.003363281148143395,-0.006533279576284672
67.7,44.54349489414176,-0.004016609105771825,-0.00644715224186023
67.8,44.54309323323118,-0.004661324329957812,-0.006350748228911483
67.9,44.542627100798185,-0.005296399152849014,-0.006233109150632439
68.0,44.5420974608829,-0.005919710067912223,-0.006045045445687297
68.10000000000001,44.54150548987611,-0.006524214612481004,-0.005883390971767379
68.2,44.54085306841486,-0.007112553709657708,-0.005762860601949067
68.3,44.540141813043896,-0.007688839769852582,-0.005599064687562957
68.4,44.53937292906691,-0.008248746238608926,-0.005394493876966217
68.5,44.53854805444305,-0.008788195626305517,-0.005169522252836706
68.60000000000001,44.53766923488042,-0.009305147851589231,-0.00493447854871333
68.7,44.53673872009526,-0.009798595706460536,-0.004729344988907884
68.8,44.53575886052461,-0.010271530205351298,-0.0044457060628788824
68.9,44.53473170750408,-0.010716100811639224,-0.0041847397567509655
69.0,44.53366009742291,-0.011134574787314297,-0.003986500277434059
69.10000000000001,44.53254663994418,-0.011533224815057736,-0.003701188614106748
69.2,44.53139331746267,-0.01190334367646839,-0.003368009040369425
69.3,44.53020298309503,-0.012240144580505314,-0.003025089781640187
69.4,44.52897896863698,-0.012542653558669358,-0.002681519147913754
69.5,44.52772470328111,-0.012810805473460718,-0.002417657339447469
69.60000000000001,44.526443622733765,-0.013052571207405486,-0.0022011463927712337
69.7,44.525138365613024,-0.013272685846682597,-0.0020026954823279463
69.8,44.52381109702836,-0.01347295539491538,-0.0018114298419930081
69.9,44.52246380148887,-0.013654098379114696,-0.0015522771844591313
70.0,44.52109839165095,-0.0138093260975606,-0.0012436274549931772
70.10000000000001,44.519717459041196,-0.013933688843059929,-0.0009450626910817976
70.2,44.518324090156895,-0.014028195112168103,-0.000668791124117874
70.3,44.516921270645675,-0.014095074224579887,-0.0003690673047931079
70.4,44.515511763223216,-0.0141319809550592,-5.1622788219393165e-05
70.5,44.51409856512771,-0.01413714323388114,0.0002791265528059623
70.60000000000001,44.51268485080432,-0.014109230578600541,0.0005453481820374936
70.7,44.511273927746466,-0.014054695760396795,0.0007723784911518617
70.8,44.50986845817042,-0.013977457911281613,0.000964489627676671
70.9,44.50847071237929,-0.013881008948513938,0.001164904796701491
71.0,44.50708261148444,-0.013764518468843795,0.0013927051508949772
71.10000000000001,44.50570615963756,-0.013625247953754286,0.0016943931067835072
71.2,44.504343634842186,-0.013455808643075945,0.002039932242964155
71.3,44.502998053977876,-0.01325181541877954,0.0023733838611865684
71.4,44.501672872436,-0.013014477032660864,0.0026268315753615497
71.5,44.500371424732734,-0.012751793875124724,0.002879991220588755
71.60000000000001,44.49909624534522,-0.012463794753065824,0.0031067411056152415
71.7,44.49784986586991,-0.012153120642504317,0.003353527927807097
71.8,44.49663455380566,-0.011817767849723626,0.003520418667518078
71.9,44.49545277702069,-0.011465725982971789,0.003697817311130692
72.0,44.494306204422394,-0.01109594425185874,0.003862936758554734
72.10000000000001,44.493196609997206,-0.010709650576003234,0.004021387140648144
72.2,44.492125644939605,-0.010307511861938443,0.004118097796995757
72.3,44.49109489375341,-0.00989570208223889,0.004180135091620051
72.4,44.49010532354519,-0.00947768857307685,0.00422116399771785
72.5,44.48915755468788,-0.009055572173305089,0.004294234945481435
72.60000000000001,44.48825199747055,-0.008626148678756908,0.004344592909419861
72.7,44.48738938260268,-0.008191689387814947,0.004333042240831038
72.8,44.486570213663896,-0.007758385163731868,0.0043092125213805045
72.9,44.48579437514752,-0.007327463911593781,0.00429257041935631
73.0,44.48506162875636,-0.006898206869658174,0.004279365650271442
73.10000000000001,44.4843718080694,-0.006470270304630993,0.004247280570569884
73.2,44.48372478103893,-0.006045542247574029,0.004216128107902393
73.3,44.48312022681417,-0.005623929436783814,0.004153800709021254
73.4,44.482557833870494,-0.005208549365881653,0.004060857999202491
73.5,44.482036978933905,-0.004802463565961427,0.003995060763571781
73.60000000000001,44.48155673257731,-0.004402957489604215,0.0038891460773112516
73.7,44.48111643682835,-0.004014042881873112,0.0038608610121973327
73.8,44.48071503254017,-0.0036279567806534003,0.0038317124498389184
73.9,44.480352236862096,-0.003244785535669476,0.0037490672575027886
74.0,44.48002775830853,-0.0028698788099192182,0.003610151084523735
74.10000000000001,44.47974077042754,-0.002508863701466814,0.0034981325147578073
74.2,44.479489884057394,-0.002159050449991053,0.0034058179548457166
74.3,44.4792739790124,-0.0018184686545065008,0.0033317994443374265
74.4,44.479092132146945,-0.0014852887100727298,0.003284849643093906
74.5,44.47894360327594,-0.0011568037457633578,0.0032328149195371744
74.60000000000001,44.47882792290136,-0.0008335222538096128,0.003141351163603432
74.7,44.47874457067598,-0.0005193871374492875,0.0029807897272143406
74.8,44.47869263196223,-0.0002213081647278704,0.0028176193711955786
74.9,44.478670501145764,6.0453772391711475e-05,0.00254803075493544
75.0,44.478676546523,0.000315256847885241,0.0023011083107386523
75.10000000000001,44.47870807220779,0.0005453676789591258,0.0020691399952065463
75.2,44.478762608975686,0.0007522816784797687,0.0018806428455527095
75.3,44.47883783714353,0.000940345963035029,0.0017616700922497182
75.4,44.47893187173984,0.0011165129722600158,0.0017234934877579564
75.5,44.47904352303706,0.0012888623210358017,0.0017055994082624244
75.60000000000001,44.47917240926917,0.0014594222618620587,0.0016896690586219803
75.7,44.47931835149535,0.001628389167724247,0.0016539072629944197
75.8,44.47948119041212,0.0017937798940236796,0.0015670796652018934
75.9,44.47966056840153,0.0019504878605438823,0.0013848669585657767
76.0,44.47985561718758,0.002088974556400452,0.0011526724295423247
76.10000000000001,44.480064514643225,0.0022042417993546944,0.0008725873285146567
76.2,44.48028493882316,0.002291500532206155,0.0005401799083658898
76.3,44.480514088876376,0.002345518523042741,0.00017507740056681915
76.4,44.480748640728685,0.0023630262630994245,-0.00012806890803913757
76.5,44.48098494335499,0.0023502193722955114,-0.0003841206409029472
76.60000000000001,44.48121996529222,0.0023118073082052134,-0.0006428339822755967
76.7,44.48145114602304,0.0022475239099776574,-0.0008514035259838033
76.80000000000001,44.48167589841404,0.00216238355737927,-0.0010060546764839246
76.9,44.48189213676978,0.002061778089730883,-0.0011031984817086815
77.0,44.48209831457875,0.0019514582415600212,-0.0010518552747248297
77.10000000000001,44.48229346040291,0.0018462727140875293,-0.0009950609619338191
77.2,44.482478087674316,0.001746766617894153,-0.0009707895355838587
77.30000000000001,44.48265276433611,0.0016496876643357589,-0.0008595692758923936
77.4,44.482817733102536,0.0015637307367465244,-0.0007499458612457382
77.5,44.482974106176215,0.0014887361506219548,-0.0006389857108605879
77.60000000000001,44.483122979791275,0.0014248375795358906,-0.0005255319953051912
77.7,44.48326546354923,0.0013722843800053745,-0.0004084512005396618
77.80000000000001,44.48340269198723,0.0013314392599514048,-0.0003234211324097842
77.9,44.48353583591322,0.0012990971467104282,-0.00030645754125365826
78.0,44.483665745627896,0.0012684513925850642,-0.00034912486704022854
78.10000000000001,44.48379259076715,0.0012335389058810383,-0.00036771369978403853
78.2,44.483915944657745,0.0011967675359026366,-0.00035014620767520214
78.30000000000001,44.48403562141133,0.0011617529151351134,-0.0003591366988473875
78.4,44.48415179670285,0.0011258392452503767,-0.0004076615283181161
78.5,44.48426438062737,0.0010850730924185674,-0.0004802720373611174
78.60000000000001,44.484372887936615,0.0010370458886824515,-0.000568711788148763
78.7,44.48447659252548,0.0009801747098675785,-0.0006307222418793796
78.80000000000001,44.48457460999647,0.0009171024856796351,-0.0006887432215198177
78.9,44.48466632024503,0.0008482281635276573,-0.0008143411228443001
79.0,44.48475114306139,0.0007667940512432319,-0.0009272378474586255
79.10000000000001,44.484827822466514,0.0006740702664973614,-0.001023574834478921
79.2,44.48489522949316,0.0005717127830494751,-0.0010678887507740444
79.30000000000001,44.48495240077147,0.0004649239079720616,-0.0012121391163865465
79.4,44.48499889316226,0.0003437099963334138,-0.0013777691525187791
79.5,44.4850332641619,0.00020593308108154374,-0.0015831224181368287
79.60000000000001,44.48505385747001,4.762083926784735e-05,-0.0018380289422408142
79.7,44.48505861955393,-0.00013618205495622365,-0.002095765616418542
79.80000000000001,44.48504500134844,-0.0003457586165980957,-0.0023715990327329646
79.9,44.48501042548678,-0.0005829185198713787,-0.0026606672989596797
80.0,44.48495213363479,-0.0008489852497673315,-0.0028922126770997425
80.10000000000001,44.48486723510982,-0.0011382065174773304,-0.0031085006844622804
80.2,44.48475341445807,-0.0014490565859235408,-0.0033711782468529698
80.30000000000001,44.484608508799475,-0.0017861744106088665,-0.003566261005541921
80.4,44.48442989135842,-0.0021428005111630384,-0.0037293513251915058
80.5,44.4842156113073,-0.0025157356436821677,-0.003880921922850615
80.60000000000001,44.48396403774293,-0.0029038278359672623,-0.003924965831295114
80.7,44.48367365495933,-0.0032963244190967514,-0.003932164814633062
80.80000000000001,44.48334402251742,-0.003689540900560091,-0.003976173472512034
80.9,44.482975068427365,-0.004087158247811272,-0.004017300982367266
81.0,44.48256635260258,-0.004488888346047976,-0.004113431424901866
81.10000000000001,44.48211746376798,-0.004900231488538197,-0.00420912801837856
81.2,44.48162744061913,-0.0053211442903760295,-0.004263221909990359
81.30000000000001,44.481095326190086,-0.005747466481375102,-0.004313440749944729
81.4,44.48052057954195,-0.00617881055636955,-0.004345927880138501
81.5,44.47990269848631,-0.0066134033443833755,-0.004443271134407575
81.60000000000001,44.479241358151874,-0.007057730457824171,-0.004527110922096153
81.7,44.478535585106094,-0.00751044155003376,-0.004700555942686754
81.80000000000001,44.47778454095109,-0.007980497144302476,-0.004813886080318182
81.9,44.47698649123666,-0.008461885752334267,-0.0048560491013538935
82.0,44.47614030266143,-0.008947490662469628,-0.0049476663346577476
82.10000000000001,44.47524555359518,-0.009442257295935445,-0.004965758230586017
82.2,44.47430132786559,-0.009938833118994019,-0.004921781773365056
82.30000000000001,44.47330744455369,-0.010431011296330566,-0.00486414216589407
82.4,44.47226434342405,-0.010917425512919946,-0.004831178603052156
82.5,44.47117260087276,-0.011400543373225134,-0.00471799990657483
82.60000000000001,44.47003254653544,-0.011872343363882657,-0.00461444976177946
82.7,44.46884531219905,-0.012333788340060577,-0.0045159929610914945
82.80000000000001,44.46761193336504,-0.012785387636169765,-0.004331701256707295
82.9,44.46633339460143,-0.01321855776184047,-0.004092394694848064
83.0,44.465011538825244,-0.013627797231325253,-0.003829398430337565
83.10000000000001,44.463648759102114,-0.014010737074359042,-0.0036270725101455125
83.2,44.46224768539467,-0.014373444325373573,-0.003448176076723577
83.30000000000001,44.46081034096214,-0.01471826193304596,-0.003261630537899728
83.4,44.45933851476883,-0.015044424986835914,-0.0030591293856358473
83.5,44.45783407227015,-0.015350337925399481,-0.002830314638391543
83.60000000000001,44.45629903847761,-0.01563336938923866,-0.002596529580253951
83.7,44.45473570153869,-0.01589302234726404,-0.0023251206315848013
83.80000000000001,44.45314639930396,-0.01612553441042254,-0.0020165236242802274
83.9,44.45153384586292,-0.01632718677285055,-0.0017511594273633298
84.0,44.44990112718563,-0.016502302715586874,-0.0014923610242352965
84.10000000000001,44.448250896914075,-0.016651538818010417,-0.001237926531146642
84.2,44.44658574303227,-0.016775331471125074,-0.0009482773870386301
84.30000000000001,44.44490820988516,-0.016870159209828945,-0.0007360786129674628
84.4,44.44322119396418,-0.016943767071125687,-0.0005871947767050246
84.5,44.44152681725706,-0.017002486548796186,-0.000389694658936049
84.60000000000001,44.439826568602186,-0.017041456014689794,-0.00015527163176169196
84.7,44.43812242300071,-0.017056983177865963,7.2080736372119e-05
84.80000000000001,44.43641672468293,-0.01704977510422875,0.0003228410661536816
84.9,44.43471174717251,-0.017017490997613384,0.0006498925918527904
85.0,44.43300999807275,-0.01695250173842811,0.0010249454216057316
85.10000000000001,44.4313147478989,-0.016850007196267527,0.0013927653465156426
85.2,44.42962974717928,-0.01671073066161597,0.0017534740189972355
85.30000000000001,44.427958674113114,-0.016535383259716232,0.0019919241438799786
85.4,44.426305135787146,-0.016336190845328245,0.0021924653937710685
85.5,44.42467151670261,-0.01611694430595115,0.0022379256963851214
85.60000000000001,44.423059822272016,-0.01589315173631262,0.0021994685093849747
85.7,44.421470507098384,-0.015673204885374135,0.0020950365220380063
85.80000000000001,44.419903186609844,-0.015463701233170316,0.0019401445808467429
85.9,44.41835681648653,-0.015269686775085653,0.0018296827707916553
86.0,44.41682984780902,-0.015086718498006498,0.0017497238855928854
86.10000000000001,44.41532117595922,-0.014911746109447194,0.0016725780990370447
86.2,44.41383000134827,-0.0147444882995435,0.0015391331555621591
86.30000000000001,44.41235555251832,-0.01459057498398727,0.0013765509629653108
86.4,44.41089649501992,-0.014452919887690747,0.0012155094416212845
86.5,44.40945120303115,-0.014331368943528626,0.0010641890306172792
86.60000000000001,44.4080180661368,-0.014224950040466889,0.001008180460622959
86.7,44.406595571132755,-0.014124131994404598,0.0009625855238700997
86.80000000000001,44.405183157933315,-0.01402787344201758,0.0009312920803391913
86.9,44.40378037058911,-0.013934744233983666,0.0009839417767915988
87.0,44.402386896165716,-0.013836350056304512,0.0010420731664122196
87.10000000000001,44.401003261160085,-0.013732142739663281,0.0010629533808373998
87.2,44.39963004688612,-0.013625847401579547,0.0010911180396331918
87.30000000000001,44.39826746214596,-0.013516735597616219,0.0011302609337849757
87.4,44.3969157885862,-0.013403709504237728,0.0012135331534213196
87.5,44.395575417635776,-0.013282356188895603,0.0012881523168246343
87.60000000000001,44.39424718201688,-0.013153540957213128,0.0013904573694170739
87.7,44.39293182792116,-0.013014495220271429,0.0015633097310800584
87.80000000000001,44.391630378399135,-0.01285816424716341,0.001765501860619755
87.9,44.390344561974416,-0.012681614061101444,0.0020477575995557964
88.0,44.38907640056831,-0.012476838301145876,0.0023937421165614145
88.10000000000001,44.38782871673819,-0.012237464089489714,0.0026695462458123853
88.2,44.386604970329245,-0.011970509464908491,0.0030210196502517715
88.30000000000001,44.38540791938276,-0.011668407499883288,0.00340307058206804
88.4,44.38424107863277,-0.011328100441676503,0.0038398960772074923
88.5,44.3831082685886,-0.010944110833955776,0.004320368234743631
88.60000000000001,44.3820138575052,-0.010512074010481376,0.004768277221950782
88.7,44.38096265010415,-0.010035246288286325,0.005095149397440281
88.80000000000001,44.379959125475324,-0.009525731348542253,0.005357222904115714
88.9,44.37900655234047,-0.008990009058130712,0.005591578421783721
89.0,44.37810755143466,-0.008430851215952372,0.005805798880564533
89.10000000000001,44.377264466313065,-0.007850271327895869,0.006055933261327392
89.2,44.37647943918027,-0.007244678001763164,0.006334095896674385
89.30000000000001,44.3757549713801,-0.006611268412095672,0.0065607524010230425
89.4,44.37509384453889,-0.005955193171993405,0.006808853350827693
89.5,44.37449832522169,-0.005274307836910674,0.0069821011105768715
89.60000000000001,44.373970894437996,-0.004576097725852928,0.00713784019263397
89.7,44.373513284665414,-0.003862313706589571,0.007271722524990012
89.80000000000001,44.37312705329475,-0.003135141454090508,0.007347579006236535
89.9,44.37281353914934,-0.0024003835534668963,0.007373741791042203
90.0,44.372573500794,-0.001663009374362718,0.007437010628926861
90.10000000000001,44.37240719985656,-0.0009193083114699684,0.00749312339079245
90.2,44.372315269025414,-0.00016999597239076604,0.007521520563747662
90.30000000000001,44.37229826942817,0.0005821560839840643,0.007526887057241844
90.4,44.372356485036576,0.001334844789708206,0.007491711477359914
90.5,44.37248996951554,0.0020840159374441547,0.007452342782655119
90.60000000000001,44.37269837110929,0.00282925021570973,0.0073985043833084884
90.7,44.37298129613086,0.003569100654040537,0.007331115321842482
90.80000000000001,44.373338206196266,0.004302212186224848,0.0072734720889571615
90.9,44.37376842741489,0.0050295593951205225,0.00722546126819512
91.0,44.3742713833544,0.005752105521939993,0.007148137566857007
91.10000000000001,44.37484659390659,0.006466919278625755,0.007069518028409181
91.2,44.37549328583445,0.007173871081466633,0.006996585323127276
91.30000000000001,44.3762106729426,0.00787352961377942,0.006929425602182153
91.4,44.37699802590398,0.008566472173997596,0.0069264191619759375
91.5,44.37785467312138,0.00925911409019515,0.006907941229616321
91.60000000000001,44.378780584530396,0.009949908213156841,0.006807312464504773
91.7,44.379775575351715,0.01063063945960728,0.006715371342183828
91.80000000000001,44.38083863929767,0.01130217659382572,0.006670561093696373
91.9,44.38196885695706,0.01196923270319532,0.006664056037972638
92.0,44.38316578022738,0.012635638306992545,0.0066651500933282435
92.10000000000001,44.38442934405808,0.013302153316325427,0.006739629553048859
92.2,44.38575955938971,0.013976116271630274,0.00688090011924837
92.30000000000001,44.387157171016874,0.01466420628355517,0.00700254786850183
92.4,44.38862359164523,0.015364461070405313,0.007171425113727944
92.5,44.39016003775227,0.016081603581778067,0.007313920038806988
92.60000000000001,44.39176819811045,0.016812995585658828,0.007397876333645162
92.7,44.39344949766901,0.017552783219023302,0.007464369580086847
92.80000000000001,44.39520477599091,0.01829922017703205,0.007508055210822342
92.9,44.39703469800862,0.01905002569811424,0.007485865827575713
93.0,44.39893970057843,0.01979861228087177,0.0073307102857088
93.10000000000001,44.40091956180652,0.020531683309442713,0.007216523342464074
93.2,44.402972730137456,0.02125333564368908,0.007062280037122096
93.30000000000001,44.40509806370183,0.02195956364740135,0.006957764536949081
93.4,44.407294020066566,0.022655340101096218,0.006925816010766734
93.5,44.40955955407668,0.023347921702172852,0.00692746020243929
93.60000000000001,44.411894346246896,0.02404066772241684,0.006893500252166441
93.7,44.41429841301914,0.024730017747633445,0.006795270689970375
93.80000000000001,44.4167714147939,0.02540954481663054,0.006674933017606283
93.9,44.419312369275566,0.02607703811839113,0.006595659335816566
94.0,44.421920073087406,0.02673660405197275,0.00647378291785999
94.10000000000001,44.4245937334926,0.027383982343758804,0.006357548314303519
94.2,44.42733213172698,0.02801973717518912,0.006173520091193
94.30000000000001,44.430134105444495,0.028637089184308472,0.005972076276795558
94.4,44.43299781436293,0.029234296811987994,0.005737796849159794
94.5,44.435921244044124,0.02980807649690394,0.005531820931016174
94.60000000000001,44.438902051693816,0.030361258590005605,0.005357265693405013
94.7,44.441938177552814,0.030896985159346076,0.005157726774709462
94.80000000000001,44.44502787606875,0.031412757836817067,0.004912459031769652
94.9,44.44816915185243,0.031904003739994004,0.004668317545816954
95.0,44.45135955222643,0.03237083549457567,0.004432904885999549
95.10000000000001,44.454596635775886,0.032814125983175665,0.004223173589620007
95.2,44.457878048374205,0.03323644334213764,0.003995880318413767
95.30000000000001,44.46120169270842,0.03363603137397905,0.0037058702117537283
95.4,44.464565295845816,0.034006618395154405,0.0034501476710027557
95.5,44.46796595768534,0.03435163316225466,0.0032060928178619845
95.60000000000001,44.47140112100156,0.034672242444040886,0.0029286044390755134
95.7,44.474868345245966,0.03496510288794842,0.0026797957005142915
95.80000000000001,44.47836485553476,0.03523308245799987,0.002377099187793951
95.9,44.48188816378056,0.035470792376779255,0.0021204561134277418
96.0,44.48543524301824,0.03568283798812202,0.0017786648119184078
96.10000000000001,44.48900352681705,0.03586070446931387,0.0014467851063906928
96.2,44.49258959726398,0.036005382979952934,0.0011296276565644645
96.30000000000001,44.496190135561974,0.03611834574560939,0.0007546480432177051
96.4,44.49980197013654,0.036193810549931156,0.0003308103219611302
96.5,44.50342135119153,0.03622689158212727,-9.420831516427393e-05
96.60000000000001,44.50704404034974,0.03621747075061084,-0.0004953095476315926
96.7,44.510665787424806,0.03616793979584768,-0.0008101728200386741
96.80000000000001,44.51428258140439,0.03608692251384381,-0.001078282034881742
96.9,44.51789127365577,0.03597909431035564,-0.0013617621713466696
97.0,44.52148918308681,0.03584291809322098,-0.0016136699838675145
97.10000000000001,44.52507347489613,0.035681551094834216,-0.001872882705331975
97.2,44.528641630005616,0.03549426282430103,-0.0021734573555287164
97.30000000000001,44.53219105628804,0.03527691708874814,-0.0025093984373483103
97.4,44.53571874799692,0.03502597724501332,-0.0028641405866665598
97.5,44.539221345721415,0.03473956318634668,-0.0032507688004562722
97.60000000000001,44.54269530204005,0.03441448630630103,-0.0036267936275580204
97.7,44.546136750670684,0.034051806943545246,-0.004001192135559001
97.80000000000001,44.54954193136504,0.03365168772998931,-0.004384955176057233
97.9,44.552907100138036,0.03321319221238361,-0.00477927727262683
98.0,44.55622841935928,0.03273526448512096,-0.00510692492828769
98.10000000000001,44.55950194580779,0.032224571992292145,-0.005490755384231945
98.2,44.56272440300702,0.03167549645386898,-0.005986565912745888
98.30000000000001,44.56589195265241,0.03107683986259434,-0.006534132383960296
98.4,44.568999636638665,0.03042342662419835,-0.007085510479734276
98.5,44.57204197930108,0.029714875576224962,-0.007623296475160443
98.60000000000001,44.57501346685871,0.028952545928708853,-0.008158495556189032
98.7,44.57790872145158,0.028136696373089996,-0.008655223264539469
98.80000000000001,44.580722391088884,0.027271174046635975,-0.009093198052760734
98.9,44.58344950849355,0.026361854241359953,-0.009509433237864365
99.0,44.58608569391769,0.02541091091757357,-0.00996296155836263
99.10000000000001,44.588626785009446,0.024414614761737223,-0.010415393736047352
99.2,44.59106824648562,0.023373075388132547,-0.010810376698131405
99.30000000000001,44.59340555402443,0.022292037718319314,-0.011199491093655927
99.4,44.59563475779626,0.021172088608953785,-0.011678384135299756
99.5,44.59775196665716,0.020004250195423876,-0.012176442630347544
99.60000000000001,44.5997523916767,0.018786605932389018,-0.012674128346595375
99.7,44.60163105226994,0.017519193097729552,-0.013121481743527978
99.80000000000001,44.60338297157971,0.016207044923376643,-0.013586410368873056
99.9,44.60500367607205,0.014848403886489414,-0.01403291694001425
100.0,44.6064885164607,0.01344511219248807,-0.01441548732189664
100.10000000000001,44.607833027679945,0.012003563460298282,-0.014769910366859713
100.2,44.60903338402598,0.010526572423612395,-0.015051048180624062
100.30000000000001,44.61008604126834,0.00902146760554986,-0.015304182350224951
100.4,44.61098818802889,0.007491049370527452,-0.015447564433111115
100.5,44.61173729296595,0.005946292927216428,-0.01559904670464922
100.60000000000001,44.61233192225867,0.004386388256751373,-0.015751957432549323
100.7,44.61277056108434,0.0028111925134965306,-0.015920386446772718
100.80000000000001,44.613051680335694,0.001219153868819123,-0.016084087866402124
100.9,44.61317359572257,-0.00038925491782099825,-0.016147146968390483
101.0,44.61313467023079,-0.002003969614659955,-0.016103842345327166
101.10000000000001,44.612934273269325,-0.003614353849192809,-0.015955208932965755
101.2,44.61257283788441,-0.005209874742489294,-0.015760512548696655
101.30000000000001,44.612051850410154,-0.006785925997359094,-0.015435647026804564
101.4,44.61137325781042,-0.008329490700039462,-0.015043381618480537
101.5,44.61054030874042,-0.00983382886188743,-0.014657190759655905
101.60000000000001,44.60955692585423,-0.011299547937853146,-0.014266522810154522
101.7,44.608426971060446,-0.012726200218868517,-0.013909042323911595
101.80000000000001,44.60715435103856,-0.014117104451259795,-0.013584856080038092
101.9,44.605742640593434,-0.015475590059263527,-0.013328490584435642
102.0,44.604195081587505,-0.016808439117707016,-0.013115750881390253
102.10000000000001,44.602514237675734,-0.018120014205846153,-0.012903422135764868
102.2,44.60070223625515,-0.019410356419422566,-0.012657740074003342
102.30000000000001,44.598761200613204,-0.02067613042682301,-0.012427847231354384
102.4,44.59669358757053,-0.021918915149958376,-0.012196663935522753
102.5,44.59450169605553,-0.023138581543510582,-0.011936485279553018
102.60000000000001,44.59218783790118,-0.024332230071465986,-0.011536008708718338
102.7,44.589754614894034,-0.025485830942337754,-0.011153476690287087
102.80000000000001,44.587206031799795,-0.026601178611366558,-0.010790247012034602
102.9,44.58454591393866,-0.027680203312569956,-0.010437785642747405
103.0,44.5817778936074,-0.028723981876844638,-0.01013294563626609
103.10000000000001,44.57890549541972,-0.029737276440471333,-0.009892180886977651
103.2,44.57593176777567,-0.030726494529169042,-0.009680964668297022
103.30000000000001,44.572859118322754,-0.03169459099599883,-0.009459036246584947
103.4,44.56968965922316,-0.03264049462065727,-0.009222030192306104
103.5,44.56642560976109,-0.033562697639887826,-0.008982725211383113
103.60000000000001,44.5630693399971,-0.034460970161026214,-0.008737092993712444
103.7,44.559623242981,-0.03533467946039741,-0.008484797223406488
103.80000000000001,44.556089775034955,-0.03618315918273813,-0.00824515586806648
103.9,44.55247145911668,-0.03700767476954473,-0.008001801094074428
104.0,44.54877069163973,-0.03780785487895213,-0.007762495301208529
104.10000000000001,44.544989906151834,-0.03858410440907305,-0.007498782523241927
104.2,44.54113149571093,-0.0393339826613972,-0.007229032306859195
104.30000000000001,44.53719809744479,-0.04005688589208318,-0.007002846197710476
104.4,44.53319240885558,-0.040757170511854186,-0.006733923435987382
104.5,44.5291166918044,-0.041430562855452886,-0.006521770883554933
104.60000000000001,44.52497363551885,-0.042082739943808435,-0.006426083610290585
104.7,44.52076536152447,-0.04272534830483746,-0.006354957506442284
104.80000000000001,44.516492826693984,-0.04336084405548174,-0.006290878164464466
104.9,44.51215674228843,-0.04398993187192815,-0.006231820473923268
105.0,44.507757749101245,-0.04461311391932044,-0.006141110262812725
105.10000000000001,44.50329643770931,-0.04522722494560177,-0.006073445217150626
105.2,44.49877371521475,-0.045834569467316795,-0.006029118161698834
105.30000000000001,44.49419025826802,-0.04643748128348673,-0.005924848232785596
105.4,44.48954651013967,-0.047029966106765256,-0.005798282797958142
105.5,44.48484351352899,-0.04760979438656104,-0.0057413087758823
105.60000000000001,44.480082534090336,-0.048183925264149316,-0.00570239005347512
105.7,44.475264141563926,-0.048754164269496796,-0.005674391140418624
105.80000000000001,44.47038872513697,-0.049321603383538706,-0.0055420886591473996
105.9,44.46545656479862,-0.049875812249453415,-0.005396792626330029
106.0,44.460468983573676,-0.05041549151208639,-0.0052682681252986755
106.10000000000001,44.45542743442247,-0.0509423183246163,-0.0051371322900163755
106.2,44.45033320259,-0.05145603155361791,-0.005007912745361085
106.30000000000001,44.44518759943464,-0.05195682282815406,-0.004828250787047638
106.4,44.43999191715183,-0.052439647906858795,-0.004677052257338737
106.5,44.43474795236114,-0.05290735313259264,-0.004582030627623647
106.60000000000001,44.42945721704788,-0.053365556195355046,-0.004481944673576285
106.7,44.42412066142835,-0.05381375066271265,-0.004396941849220584
106.80000000000001,44.418739286362076,-0.054253444847634745,-0.004408300896167728
106.9,44.41331394187731,-0.05469427493725149,-0.004496759232271628
107.0,44.407844514383584,-0.05514395086047863,-0.004542852915501467
107.10000000000001,44.40233011929754,-0.055598236152028815,-0.004569565378480712
107.2,44.39677029568234,-0.05605519268987686,-0.0046432614465113445
107.30000000000001,44.39116477641335,-0.056519518834528035,-0.004739924674052729
107.4,44.3855128245299,-0.05699351130193328,-0.004821398509171761
107.5,44.3798134733997,-0.05747565115285043,-0.004873979846578628
107.60000000000001,44.374065908284415,-0.057963049137508334,-0.004808084161686747
107.7,44.36826960337066,-0.05844385755367698,-0.004700649181121704
107.80000000000001,44.362425217615296,-0.05891392247178919,-0.004573467212878653
107.9,44.35653382536812,-0.05937126919307703,-0.004404544494323704
108.0,44.35059669844881,-0.059811723642509376,-0.004294960339206297
108.10000000000001,44.34461552608456,-0.06024121967643004,-0.00411796105570651
108.2,44.33859140411692,-0.06065301578200067,-0.003928448346819045
108.30000000000001,44.332526102538715,-0.06104586061668261,-0.0036654644592649943
108.4,44.32642151647705,-0.06141240706260909,-0.003378597190975189
108.5,44.32028027577079,-0.061750266781706586,-0.0031780877075893925
108.60000000000001,44.31410524909262,-0.06206807555246555,-0.0029703273315509087
108.7,44.30789844153737,-0.06236510828562063,-0.002759888696070204
108.80000000000001,44.30166193070881,-0.06264109715522767,-0.0025729941930061136
108.9,44.29539782099329,-0.06289839657452827,-0.002393254208128551
109.0,44.28910798133583,-0.06313772199534111,-0.0021657944503290323
109.10000000000001,44.2827942091363,-0.06335430144037403,-0.0018446675297232812
109.2,44.276458778992264,-0.06353876819334635,-0.001499276400312177
109.30000000000001,44.270104902172925,-0.06368869583337758,-0.0011067191814764028
109.4,44.26373603258959,-0.06379936775152521,-0.0006553001129901521
109.5,44.25735609581444,-0.06386489776282422,-0.00023602736634318542
109.60000000000001,44.250969606038154,-0.06388850049945854,0.00017631019449141809
109.7,44.24458075598821,-0.0638708694800094,0.0005740323372202049
109.80000000000001,44.23819366904021,-0.06381346624628738,0.0009775999562198212
109.9,44.23181232241558,-0.0637157062506654,0.0014204963135385747
110.0,44.225440751790515,-0.06357365661931155,0.0018237584641827953
110.10000000000001,44.21908338612858,-0.06339128077289326,0.002212797316596669
110.2,44.212744258051295,-0.0631700010412336,0.002537716435544518
110.30000000000001,44.20642725794717,-0.06291622939767913,0.00282922885142286
110.4,44.2001356350074,-0.06263330651253686,0.003072089690164295
110.5,44.19387230435615,-0.06232609754352045,0.0032979385161704226
110.60000000000001,44.18763969460179,-0.06199630369190338,0.003475802472320256
110.7,44.1814400642326,-0.06164872344467137,0.0035732199142523157
110.80000000000001,44.17527519188814,-0.06129140145324611,0.0037043606039362962
110.9,44.169146051742814,-0.0609209653928525,0.0038145469649628148
111.0,44.16305395520353,-0.06053951069635624,0.0039746224041552975
111.10000000000001,44.15700000413389,-0.06014204845594068,0.004158474720008688
111.2,44.1509857992883,-0.05972620098393983,0.004283784873880657
111.30000000000001,44.1450131791899,-0.05929782249655173,0.004367948227413277
111.4,44.13908339694025,-0.05886102767381043,0.004425053949899576
111.5,44.13319729417287,-0.058418522278820495,0.004452596121291461
111.60000000000001,44.127355441944985,-0.05797326266669131,0.0044380053466918255
111.7,44.12155811567832,-0.057529462132022154,0.0044457217433634495
111.80000000000001,44.11580516946511,-0.05708488995768577,0.0044531289169412215
111.9,44.11009668046935,-0.056639577065991674,0.004593264093447608
112.0,44.104432722762745,-0.05618025065664694,0.004759988462068331
112.10000000000001,44.09881469769708,-0.055704251810440066,0.004969971041391482
112.2,44.09324427251604,-0.055207254706300946,0.0052050391941408924
112.30000000000001,44.08772354704541,-0.05468675078688681,0.005365501148266685
112.4,44.08225487196672,-0.054150200672060174,0.005500423220580718
112.5,44.076839851899514,-0.05360015835000213,0.00571579404437368
112.60000000000001,44.07147983606451,-0.05302857894556472,0.005983932159674819
112.7,44.066176978169956,-0.05243018572959727,0.006166754612221577
112.80000000000001,44.060933959596994,-0.05181351026837506,0.006300013203315522
112.9,44.05575260857016,-0.05118350894804354,0.0063522705080076985
113.0,44.050634257675355,-0.05054828189724281,0.006414398422881781
113.10000000000001,44.04557942948563,-0.049906842054954575,0.006480487520088792
113.2,44.04058874528013,-0.04925879330294573,0.006498174060872373
113.30000000000001,44.03566286594984,-0.04860897589685844,0.006474900156503448
113.4,44.03080196836015,-0.04796148588120813,0.006546773815579538
113.5,44.02600581977203,-0.047306808499650216,0.006651299398266393
113.60000000000001,44.02127513892207,-0.04664167855982352,0.006829178970550576
113.7,44.016610971066086,-0.0459587606627685,0.007048501294481767
113.80000000000001,44.01201509499981,-0.045253910533320264,0.007269089842073664
113.9,44.007489703946476,-0.04452700154911294,0.00741723406250242
114.0,44.00303700379157,-0.04378527814286274,0.007580878609479333
114.10000000000001,43.99865847597728,-0.04302719028191474,0.007789911290503076
114.2,43.99435575694909,-0.04224819915286448,0.00803502505935077
114.30000000000001,43.990130937033804,-0.04144469664692933,0.00827791755958948
114.4,43.98598646736911,-0.04061690489097043,0.008523055736644953
114.5,43.981924776880014,-0.039764599317305985,0.00867765524458062
114.60000000000001,43.97794831694828,-0.03889683379284785,0.008837995887325967
114.7,43.974058633568994,-0.0380130342041153,0.008923070596146209
114.80000000000001,43.970257330148584,-0.037120727144500605,0.008947357023713376
114.9,43.966545257434134,-0.03622599144212932,0.00895264045041424
115.0,43.96292265828992,-0.035330727397087945,0.008946309430471477
115.10000000000001,43.95938958555021,-0.03443609645404072,0.008879099451928071
115.2,43.95594597590481,-0.033548186508847964,0.008786362381549784
115.30000000000001,43.95259115725393,-0.03266955027069291,0.008623996192926036
115.4,43.949324202226855,-0.03180715065140036,0.008489259275591129
115.5,43.94614348716171,-0.030958224723841292,0.00833783345355563
115.60000000000001,43.94304766468933,-0.030124441378485658,0.008171165479023253
115.7,43.94003522055148,-0.02930732483058338,0.008024135320592398
115.80000000000001,43.93710448806842,-0.02850491129852407,0.007886855104296781
115.9,43.93425399693857,-0.027716225788094438,0.007650763460847217
116.0,43.93148237435976,-0.02695114944200976,0.007392525212625873
116.10000000000001,43.928787259415564,-0.02621189692074711,0.0071025167944783205
116.2,43.926166069723486,-0.025501645241299317,0.0067878444427989
116.30000000000001,43.923615905199355,-0.02482286079701937,0.006452698802269632
116.4,43.92113361911966,-0.024177590916792443,0.006183081314702289
116.5,43.91871586002797,-0.02355928278532225,0.005930513841096872
116.60000000000001,43.91635993174944,-0.02296623140121251,0.005684270772558763
116.7,43.91406330860932,-0.022397804323956667,0.0054276999942175445
116.80000000000001,43.911823528176924,-0.021855034324534867,0.005209618958375903
116.9,43.909638024744474,-0.021334072428697306,0.00499311580033701
117.0,43.9075046175016,-0.020834760848663633,0.004774214230460423
117.10000000000001,43.90542114141674,-0.02035733942561755,0.004518506613590767
117.2,43.903385407474175,-0.0199054887642585,0.004304370221689718
117.30000000000001,43.90139485859775,-0.01947505174208949,0.004116518405528685
117.4,43.89944735342354,-0.019063399901536646,0.0039221351094125495
117.5,43.89754101343339,-0.018671186390595413,0.003809620853497489
117.60000000000001,43.89567389479433,-0.01829022430524563,0.0037111301278200766
117.7,43.8938448723638,-0.017919111292463645,0.003645604798879523
117.80000000000001,43.892052961234555,-0.01755455081257566,0.003634449228672591
117.9,43.890297506153296,-0.017191105889708423,0.0036701588704233378
118.0,43.88857839556433,-0.01682409000266611,0.0037002361388450253
118.10000000000001,43.88689598656406,-0.016454066388781576,0.0037829385586208505
118.2,43.885250579925184,-0.016075772532919513,0.003846309524064338
118.30000000000001,43.88364300267189,-0.015691141580513046,0.003882106386449888
118.4,43.88207388851384,-0.01530293094186808,0.00386785442320354
118.5,43.88054359541965,-0.014916145499547747,0.0038937567641250644
118.60000000000001,43.8790519808697,-0.014526769823135208,0.004039079128320415
118.7,43.877599303887386,-0.01412286191030319,0.004151845779151377
118.80000000000001,43.87618701769635,-0.013707677332388016,0.004229537918399373
118.9,43.87481624996312,-0.013284723540548103,0.004313692310067375
119.0,43.873487777609064,-0.01285335430954139,0.004382272086219098
119.10000000000001,43.87220244217811,-0.012415127100919443,0.00450338170384416
119.2,43.87096092946801,-0.011964788930535052,0.004598108564908665
119.30000000000001,43.86976445057496,-0.011504978074044147,0.004629036020209236
119.4,43.86861395276756,-0.01104207447202325,0.004592610551907642
119.5,43.867509745320355,-0.010582813416832511,0.0046017806760791855
119.60000000000001,43.86645146397867,-0.010122635349224553,0.004652056725822124
119.7,43.865439200443745,-0.009657429676642367,0.004756828135252359
119.80000000000001,43.86447345747609,-0.009181746863117091,0.004914335409611644
119.9,43.863555282789775,-0.008690313322155955,0.005016945167345401
120.0,43.86268625145756,-0.008188618805421443,0.005082595760764041
120.10000000000001,43.861867389577014,-0.007680359229344996,0.005124103355147463
120.2,43.86109935365408,-0.007167948893830278,0.005186004965176882
120.30000000000001,43.8603825587647,-0.006649348397312546,0.005273806952047138
120.4,43.859717623924965,-0.006121967702107862,0.005320770409604465
120.5,43.85910542715476,-0.005589890661147446,0.0053618280990377675
120.60000000000001,43.85854643808864,-0.0050537078512436235,0.005320024237215024
120.7,43.85804106730352,-0.004521705427522151,0.005177625391773484
120.80000000000001,43.85758889676077,-0.004003942888344759,0.005005109237430537
120.9,43.85718850247193,-0.0035034319646017336,0.004831042462841051
121.0,43.85683815927547,-0.003020327718317656,0.004690812426901961
121.10000000000001,43.85653612650364,-0.00255124647562742,0.004561146605615694
121.2,43.856281001856075,-0.0020951318150658764,0.004395394693871707
121.30000000000001,43.856071488674566,-0.0016555923456786682,0.004246966098768362
121.4,43.85590592944,-0.0012308957358018562,0.004032067838723056
121.5,43.85578283986642,-0.0008276889519295735,0.0037707808300806037
121.60000000000001,43.855700070971224,-0.000450610868921481,0.0035982914866326365
121.7,43.85565500988434,-9.078172025823776e-05,0.0035225430052188427
121.80000000000001,43.85564593171231,0.0002614725802636765,0.0035172062793966496
121.9,43.855672078970336,0.0006131932082033215,0.00356832357095708
122.0,43.85573339829116,0.0009700255652990092,0.0036036860599923696
122.10000000000001,43.85583040084769,0.001330394171298277,0.0036887774237958403
122.2,43.855963440264816,0.00169927191367784,0.003752271834085698
122.30000000000001,43.85613336745618,0.002074499097086442,0.0038654879486224145
122.4,43.85634081736589,0.0024610478919486613,0.003923062116418971
122.5,43.85658692215509,0.002853354103590536,0.0039235735147735784
122.60000000000001,43.85687225756545,0.0032457114550679274,0.0039045601013250556
122.7,43.857196828710954,0.003636167465200411,0.003940243091159104
122.80000000000001,43.85756044545747,0.004030191774316355,0.0039855466729351975
122.9,43.857963464634906,0.004428746441609852,0.003925839918508791
123.0,43.858406339279064,0.004821330433460709,0.003936276937592063
123.10000000000001,43.85888847232241,0.0052149581272199486,0.003855761389071632
123.2,43.85940996813513,0.00560053426612709,0.0037449328249324863
123.30000000000001,43.85997002156175,0.00597502754862037,0.00362496469546787
123.4,43.86056752431661,0.006337524018167137,0.003598178168376494
123.5,43.861201276718425,0.006697341835004766,0.003584153708627916
123.60000000000001,43.86187101090193,0.007055757205867588,0.0036171199849682556
123.7,43.86257658662251,0.007417469204364393,0.0035951649090153683
123.80000000000001,43.86331833354295,0.00777698569526596,0.0035402547651868666
123.9,43.86409603211248,0.008131011171784627,0.003472286767498094
124.0,43.86490913322965,0.008478239848534417,0.00338046899185964
124.10000000000001,43.86575695721451,0.00881628674772041,0.0032317808539859758
124.2,43.86663858588928,0.009139464833118989,0.0031332715078516878
124.30000000000001,43.86755253237259,0.009452791983904184,0.0030949109010691552
124.4,43.86849781157098,0.009762283074011082,0.003117932461634818
124.5,43.869474039878384,0.010074076320174546,0.0032262950312767135
124.60000000000001,43.8704814475104,0.010396705823302245,0.003287825635460789
124.7,43.87152111809273,0.010725488386848305,0.0033268754133376184
124.80000000000001,43.872593666931415,0.011058175928182095,0.0033891025084757855
124.9,43.87369948452423,0.011397086179029655,0.0034411477981356616
125.0,43.87483919314214,0.011741200958843201,0.00350219517870887
125.10000000000001,43.87601331323802,0.012091420476714118,0.0036697712307379696
125.2,43.87722245528569,0.012458397599787894,0.0038534532368825385
125.30000000000001,43.87846829504567,0.012843742923476181,0.004076788434554223
125.4,43.87975266933802,0.01325142176693158,0.004313244672826333
125.5,43.881077811514714,0.013682746234214189,0.00448212197490862
125.60000000000001,43.88244608613813,0.014130958431705089,0.004666051890851631
125.7,43.88385918198131,0.014597563620790226,0.0048373429932637435
125.80000000000001,43.88531893834338,0.015081297920116641,0.005041027865184877
125.9,43.886827068135396,0.0155854007066351,0.005233912606241057
126.0,43.88838560820606,0.016108791967259176,0.005524615605637087
126.10000000000001,43.88999648740278,0.016661253527822932,0.005847243992787215
126.2,43.89166261275557,0.01724597792710162,0.006192150845525094
126.30000000000001,43.893387210548276,0.017865193011654183,0.006500107768729566
126.4,43.89517372984944,0.018515203788527102,0.0067234814697726695
126.5,43.897025250228296,0.01918755193550433,0.006930585638935983
126.60000000000001,43.898944005421846,0.019880610499397988,0.007169928718062579
126.7,43.90093206647178,0.020597603371204205,0.007412779130319221
126.80000000000001,43.90299182680891,0.02133888128423619,0.007615136523699116
126.9,43.90512571493733,0.02210039493660606,0.007774227893571931
127.0,43.90733575443099,0.022877817725963208,0.007964484100661926
127.10000000000001,43.90962353620358,0.02367426613602947,0.008211926095250762
127.2,43.911990962817185,0.024495458745554498,0.008494389112710634
127.30000000000001,43.91444050869175,0.025344897656825634,0.008810286536881944
127.4,43.91697499845743,0.026225926310513778,0.00909589324218064
127.5,43.919597591088475,0.02713551563473179,0.00935460957551152
127.60000000000001,43.92231114265195,0.028070976592283022,0.009647901858379486
127.7,43.92511824031118,0.029035766778120916,0.009924168009980368
127.80000000000001,43.928021816988995,0.030028183579119037,0.010204020436095942
127.9,43.9310246353469,0.031048585622728574,0.010478477465681561
128.0,43.934129493909175,0.03209643336929667,0.010683290314995996
128.1,43.937339137246106,0.03316476240079621,0.010771347630716181
128.20000000000002,43.940655613486186,0.03424189716386807,0.0106964939411827
128.3,43.94407980320257,0.03531154655798628,0.010652367812677819
128.4,43.94761095785837,0.036376783339254,0.010564101609699925
128.5,43.9512486361923,0.037433193500223935,0.010423219998917137
128.6,43.95499195554232,0.03847551550011559,0.010230503238951546
128.70000000000002,43.95883950709233,0.03949856582401098,0.010038270301040863
128.8,43.96278936367473,0.040502392854115006,0.009782715228508767
128.9,43.96683960296014,0.04148066437696583,0.009533607750331546
129.0,43.97098766939784,0.04243402515199893,0.009298162587788083
129.1,43.975231071913036,0.04336384141077768,0.009091662326057723
129.20000000000002,43.97956745605412,0.04427300764338366,0.008845558808212393
129.3,43.983994756818454,0.04515756352420485,0.008598758830359255
129.4,43.98851051317088,0.04601743940724073,0.008313667361742452
129.5,43.9931122571116,0.046848806143414926,0.007993541320080285
129.6,43.99779713772594,0.04764816027542291,0.007717177333354718
129.70000000000002,44.002561953753485,0.048419878008758556,0.007470333568400387
129.8,44.00740394155436,0.04916691136559855,0.007191131984809049
129.9,44.01232063269092,0.049886024564079416,0.006928185782942275
130.0,44.01730923514733,0.050578843142373604,0.006748230404020722
130.1,44.02236711946156,0.05125366618277564,0.006610731461800616
130.20000000000002,44.027492486079844,0.05191473932895585,0.006453014075599678
130.3,44.03268396001274,0.05256004073651578,0.006245030908375451
130.4,44.03793996408639,0.05318454382735329,0.0060190451196895315
130.5,44.04325841846912,0.05378644833932221,0.00570935061640789
130.6,44.048637063303055,0.054357383400962966,0.005391390417577742
130.70000000000002,44.05407280164315,0.05489652244272086,0.0051156641550370715
130.8,44.05956245388742,0.05540808885822454,0.004913409995102315
130.9,44.06510326277325,0.055899429857734745,0.004741199471828681
131.0,44.07069320575902,0.056373549804917586,0.004594437458271106
131.1,44.076330560739514,0.05683299355074467,0.004497266957251088
131.20000000000002,44.08201386009459,0.05728272024646988,0.0044644264633265695
131.3,44.08774213211924,0.05772916289280251,0.004425297605744937
131.4,44.09351504840851,0.05817169265337698,0.004337282905056385
131.5,44.099332217673854,0.058605420943882595,0.004287467271461947
131.6,44.105192759768244,0.059034167671028766,0.0042385306508292775
131.70000000000002,44.11109617653535,0.05945802073611179,0.004193599851751747
131.8,44.11704197860895,0.05987738072128694,0.0041222007863100495
131.9,44.12302971668108,0.06028960079991792,0.003950620793401835
132.0,44.129058676761076,0.06068466287925808,0.0037499518090607833
132.1,44.135127143049004,0.06105965806016414,0.0035980674131261417
132.20000000000002,44.14123310885502,0.061419464801476836,0.003452885392156007
132.3,44.14737505533517,0.06176475334069242,0.0032696641179685627
132.4,44.15355153066923,0.062091719752489255,0.003138743952195958
132.5,44.15976070264448,0.06240559414770883,0.0029220218706618307
132.6,44.166001262059254,0.062697796334775,0.0027067297381023433
132.70000000000002,44.17227104169273,0.0629684693085853,0.002560022812013736
132.8,44.17856788862359,0.06322447158978665,0.002421657702680323
132.9,44.18489033578257,0.06346663736005467,0.0022757123324835997
133.0,44.19123699951857,0.06369420859330302,0.0021161989870431366
133.1,44.1976064203779,0.06390582849200732,0.0019707547225215577
133.20000000000002,44.20399700322711,0.06410290396425952,0.0018398203614219612
133.3,44.21040729362353,0.06428688600040171,0.0016670079706218148
133.4,44.21683598222357,0.06445358679746388,0.001471386981042822
133.5,44.22328134090332,0.06460072549556815,0.0012995611538097658
133.6,44.22974141345288,0.06473068161094912,0.0010611514510680904
133.70000000000002,44.23621448161397,0.06483679675605596,0.0008089572276244921
133.8,44.242698161289574,0.0649176924788184,0.000536448569146311
133.9,44.249189930537455,0.06497133733573303,0.00024457684244071076
134.0,44.25568706427103,0.0649957950199771,1.7799106535322143e-05
134.1,44.26218664377303,0.06499757493063063,-0.00015458917517207442
134.20000000000002,44.268686401266095,0.06498211601311342,-0.00038866565401781674
134.3,44.275184612867406,0.06494324944771164,-0.0005436963375678481
134.4,44.281678937812174,0.06488887981395486,-0.0007219022300629784
134.5,44.28816782579357,0.06481668959094856,-0.0008116989873780307
134.6,44.29464949475266,0.06473551969221077,-0.0008891296803582226
134.70000000000002,44.301123046721884,0.06464660672417492,-0.0008977023875323353
134.8,44.307587707394305,0.0645568364854217,-0.0009067729812870477
134.9,44.314043391042844,0.064466159187293,-0.0009372899697677161
135.0,44.32049000696158,0.06437243019031623,-0.0010035328784622226
135.1,44.326927249980606,0.06427207690247001,-0.001052460743856714
135.20000000000002,44.33335445767085,0.06416683082808432,-0.0009936551721675133
135.3,44.33977114075366,0.06406746531086757,-0.0008946339396602951
135.4,44.346177887284746,0.06397800191690155,-0.000759875689600774
135.5,44.35257568747644,0.06390201434794147,-0.0005583369922705956
135.6,44.35896588891123,0.06384618064871442,-0.0003888585213642441
135.70000000000002,44.36535050697611,0.06380729479657798,-0.00011840693768695017
135.8,44.371731236455766,0.06379545410280929,0.00018700539700282023
135.9,44.37811078186604,0.06381415464250957,0.0004667048113277382
136.0,44.384492197330296,0.06386082512364234,0.0007708059493262858
136.1,44.39087827984266,0.06393790571857497,0.0010257509816607056
136.20000000000002,44.397272070414516,0.06404048081674106,0.0013236887134641304
136.3,44.40367611849619,0.06417284968808747,0.0016379956067080301
136.4,44.410093403465,0.06433664924875826,0.0019993260991868237
136.5,44.416527068389875,0.06453658185867693,0.00237869602627935
136.6,44.422980726575744,0.06477445146130485,0.0027695992264595935
136.70000000000002,44.429458171721876,0.06505141138395087,0.0031864929551939517
136.8,44.43596331286027,0.06537006067947025,0.0036093416187644276
136.9,44.44250031892822,0.06573099484134667,0.004064047187493739
137.0,44.44907341841235,0.06613739956009602,0.004447018819395523
137.1,44.455687158368356,0.06658210144203555,0.004752759848532686
137.20000000000002,44.462345368512565,0.06705737742688893,0.004950026395083022
137.3,44.46905110625525,0.0675523800663972,0.005101091568438949
137.4,44.47580634426189,0.06806248922324107,0.005201252825315657
137.5,44.482612593184214,0.0685826145057726,0.005285102708105527
137.6,44.48947085463479,0.06911112477658313,0.005401792061592324
137.70000000000002,44.49638196711245,0.06965130398274248,0.005468625072738048
137.8,44.503347097510726,0.07019816649001626,0.005445006604958729
137.9,44.510366914159725,0.0707426671505121,0.00548120891590776
138.0,44.517441180874776,0.07129078804210284,0.005433316020415666
138.1,44.52457025967899,0.07183411964414438,0.005369798998919484
138.20000000000002,44.5317536716434,0.07237109954403645,0.005317387197170006
138.3,44.5389907815978,0.07290283826375342,0.005242431441205862
138.4,44.54628106542418,0.07342708140787398,0.005187823766645994
138.5,44.55362377356497,0.07394586378453855,0.005229045143312786
138.6,44.561018359943425,0.0744687682988698,0.005224258251538749
138.70000000000002,44.568465236773314,0.07499119412402379,0.005172115849348002
138.8,44.575964356185715,0.07550840570895856,0.005118156699400341
138.9,44.58351519675661,0.07602022137889856,0.005038741642448422
139.0,44.591117218894496,0.07652409554314338,0.0048160765775671875
139.1,44.598769628448814,0.07700570320090007,0.004532005145617631
139.20000000000002,44.6064701987689,0.07745890371546194,0.004216254136608467
139.3,44.61421608914045,0.07788052912912276,0.003908360499574548
139.4,44.62200414205336,0.07827136517908019,0.003628490627195847
139.5,44.62983127857127,0.07863421424179975,0.0033246964607177246
139.6,44.63769469999545,0.07896668388787151,0.002993512260901651
139.70000000000002,44.64559136838424,0.07926603511396174,0.0026949742502409423
139.8,44.65351797189563,0.07953553253898582,0.0023006893798370376
139.9,44.66147152514953,0.07976560147696951,0.0018849201554167433
140.0,44.669448085297226,0.07995409349251117,0.0014181249723840246
140.1,44.677443494646475,0.08009590598974957,0.0008434187038485777
140.20000000000002,44.685453085245456,0.08018024786013445,0.00027676258438623553
140.3,44.69347111003147,0.08020792411857307,-0.0002082272304675233
140.4,44.70149190244332,0.08018710139552632,-0.0005652139722482951
140.5,44.709510612582875,0.08013057999830149,-0.000902267436334643
140.6,44.71752367058271,0.08004035325466803,-0.001172120931202819
140.70000000000002,44.72552770590818,0.07992314116154772,-0.0015184076295594348
140.8,44.73352002002433,0.07977130039859179,-0.0018878716456814345
140.9,44.74149715006419,0.07958251323402366,-0.002220948491050549
141.0,44.74945540138759,0.07936041838491861,-0.0024739598834884486
141.1,44.75739144322608,0.07911302239656978,-0.0027003167759103684
141.20000000000002,44.76530274546574,0.07884299071897868,-0.002948854713362871
141.3,44.773187044537636,0.07854810524764241,-0.0031894804331270435
141.4,44.7810418550624,0.07822915720432973,-0.0034737995413757525
141.5,44.78886477078284,0.07788177725019217,-0.0036539972196237415
141.6,44.796652948507855,0.07751637752822982,-0.0038687271435212476
141.70000000000002,44.80440458626068,0.0771295048138776,-0.004164899114432006
141.8,44.812117536742065,0.07671301490243443,-0.004467732842140919
141.9,44.819788838232306,0.07626624161822036,-0.0047768654160952545
142.0,44.82741546239413,0.07578855507661086,-0.00514319755037783
142.1,44.83499431790179,0.07527423532157311,-0.005487531783983647
142.20000000000002,44.84252174143395,0.07472548214317462,-0.005824144379548616
142.3,44.849994289648265,0.07414306770521979,-0.006205272622802147
142.4,44.857408596418786,0.07352254044293961,-0.006563335740964972
142.5,44.86476085046308,0.07286620686884315,-0.006887299044808895
142.6,44.87204747114996,0.0721774769643623,-0.007159999439341379
142.70000000000002,44.879265218846406,0.071461477020428,-0.007464417831628136
142.8,44.886411366548444,0.07071503523726523,-0.007798666432318912
142.9,44.89348287007217,0.06993516859403338,-0.008124057671611746
143.0,44.90047638693157,0.06912276282687226,-0.008463477935172279
143.1,44.90738866321426,0.06827641503335508,-0.008671140498734796
143.20000000000002,44.9142163047176,0.0674093009834814,-0.008842651273210742
143.3,44.920957234815944,0.06652503585616037,-0.009016785589002303
143.4,44.927609738401564,0.0656233572972602,-0.00913390974624669
143.5,44.93417207413129,0.06470996632263558,-0.009255015975530965
143.6,44.94064307076355,0.06378446472508253,-0.00933584321966728
143.70000000000002,44.94702151723606,0.0628508804031156,-0.009378759890188692
143.8,44.953306605276374,0.06191300441409678,-0.009432233560042589
143.9,44.95949790571778,0.06096978105809257,-0.009465764895990377
144.0,44.96559488382359,0.06002320456849359,-0.009465225910950652
144.1,44.971597204280435,0.05907668197739858,-0.009433146182390169
144.20000000000002,44.97750487247818,0.058133367359159346,-0.009355267023209065
144.3,44.9833182092141,0.05719784065683849,-0.009266796383949033
144.4,44.98903799327978,0.05627116101844364,-0.00918627971609968
144.5,44.99466510938162,0.05535253304683373,-0.009132087823228543
144.6,45.00020036268631,0.054439324264510924,-0.009142821484971756
144.70000000000002,45.00564429511276,0.05352504211601354,-0.009183914155443224
144.8,45.01099679932436,0.05260665070046927,-0.009198094711862401
144.9,45.01625746439441,0.05168684122928308,-0.00918248703436913
145.0,45.021426148517335,0.05076859252584622,-0.009118627387407449
145.1,45.02650300776992,0.04985672978710553,-0.008982363094919467
145.20000000000002,45.03148868074863,0.04895849347761338,-0.008891537438399188
145.3,45.03638453009639,0.04806933973377351,-0.008741494924958553
145.4,45.04119146406977,0.047195190241277704,-0.008565654106628061
145.5,45.0459109830939,0.04633862483061495,-0.008397421544000588
145.6,45.05054484557696,0.045498882676214936,-0.008149391545222588
145.70000000000002,45.05509473384458,0.04468394352169249,-0.007920578516706737
145.8,45.05956312819675,0.04389188567002186,-0.007640433583502392
145.9,45.06395231676375,0.04312784231167167,-0.0073208638089287265
146.0,45.068265100994914,0.042395755930778836,-0.007109675791157817
146.1,45.072504676588,0.041684788351663095,-0.006913310630554694
146.20000000000002,45.076673155423165,0.04099345728860747,-0.006712833552655166
146.3,45.080772501152026,0.04032217393334199,-0.006490413659463062
146.4,45.08480471854536,0.03967313256739572,-0.006285301566838011
146.5,45.088772031802094,0.039044602410711955,-0.006068406184997972
146.6,45.09267649204317,0.03843776179221219,-0.0058657964088710945
146.70000000000002,45.09652026822239,0.03785118215132495,-0.005744442249053842
146.8,45.10030538643752,0.0372767379264196,-0.005727641248113153
146.9,45.104033060230165,0.036703973801608315,-0.005794224993119889
147.0,45.10770345761033,0.03612455130229636,-0.005870641998861116
147.1,45.11131591274055,0.03553748710241028,-0.005971553605519822
147.20000000000002,45.1148696614508,0.03494033174185816,-0.0060661452385155756
147.3,45.11836369462498,0.03433371721800664,-0.006196885409748559
147.4,45.12179706634678,0.03371402867703182,-0.006294842153852937
147.5,45.125168469214486,0.03308454446164656,-0.0063390233635968315
147.6,45.12847692366065,0.032450642125286915,-0.006387782780841321
147.70000000000002,45.13172198787318,0.03181186384720264,-0.006486312416066364
147.8,45.1349031742579,0.031163232605596038,-0.006586265985374054
147.9,45.13801949751846,0.03050460600705867,-0.006690206157230481
148.0,45.14106995811916,0.02983558539133566,-0.006731989915084898
148.1,45.144053516658296,0.029162386399827208,-0.006752654652858623
148.20000000000002,45.14696975529828,0.028487120934541192,-0.006744179314830715
148.3,45.14981846739173,0.02781270300305816,-0.0067067551276267165
148.4,45.15259973769204,0.027142027490295526,-0.006734397113763343
148.5,45.15531394044107,0.02646858777891923,-0.006752244534699757
148.6,45.15796079921896,0.025793363325449292,-0.006764070317984347
148.70000000000002,45.16054013555151,0.025116956293650704,-0.006727933486203424
148.8,45.16305183118087,0.0244441629450304,-0.006665916504052444
148.9,45.165496247475375,0.023777571294625193,-0.006654081192258122
149.0,45.16787400460483,0.02311216317539942,-0.006674465725824208
149.1,45.17018522092238,0.022444716602817036,-0.006602806032237366
149.20000000000002,45.17242969258266,0.02178443599959315,-0.006512519361692506
149.3,45.17460813618262,0.021133184063423936,-0.006423867492643867
149.4,45.17672145458896,0.020490797314159585,-0.006402781701900003
149.5,45.17877053432038,0.01985051914396962,-0.0063852386219863545
149.6,45.180755586234774,0.019211995281771022,-0.006380761424770356
149.70000000000002,45.18267678576295,0.01857391913929384,-0.006369761184661733
149.8,45.18453417767688,0.017936943020827704,-0.006351920943942643
149.9,45.18632787197896,0.017301750926433476,-0.006325972261577036
150.0,45.18805804707161,0.01666915370027581,-0.00631824930936537
150.1,45.18972496244163,0.016037328769339308,-0.0063307254820422695
150.20000000000002,45.19132869531857,0.015404256221134937,-0.006288647606664161
150.3,45.19286912094068,0.014775391460468556,-0.006230068386075892
150.4,45.19434666008673,0.014152384621861002,-0.006116231117163762
150.5,45.195761898548916,0.013540761510144661,-0.0059798267972570075
150.6,45.197115974699926,0.012942778830418994,-0.005866121167027468
150.70000000000002,45.19841025258297,0.012356166713716114,-0.005710151508230161
150.8,45.19964586925434,0.01178515156289313,-0.005523771693407236
150.9,45.20082438441063,0.011232774393552438,-0.005329245528712311
151.0,45.201947661849985,0.010699849840681237,-0.005191727033144102
151.1,45.203017646834056,0.010180677137366857,-0.005060565499106489
151.20000000000002,45.20403571454779,0.009674620587456093,-0.004975549644340183
151.3,45.20500317660654,0.009177065623022103,-0.00488809395868383
151.4,45.20592088316884,0.008688256227153747,-0.004793444478112854
151.5,45.206789708791554,0.00820891177934249,-0.004673504667367228
151.6,45.20761059996949,0.007741561312605793,-0.004572066855314381
151.70000000000002,45.20838475610075,0.007284354627074251,-0.004502724105935568
151.8,45.20911319156345,0.00683408221648072,-0.00446751981371712
151.9,45.20979659978511,0.006387330235109033,-0.004600836783692681
152.0,45.210435332808615,0.005927246556739791,-0.004812784695614803
152.1,45.21102805746429,0.005445968087178338,-0.005009612017140682
152.20000000000002,45.211572654273006,0.004945006885464156,-0.005232449871793446
152.3,45.21206715496155,0.004421761898284841,-0.005457035374428373
152.4,45.21250933115138,0.003876058360842035,-0.005675074744366825
152.5,45.21289693698747,0.003308550886405385,-0.00587392006325827
152.6,45.213227792076104,0.0027211588800795912,-0.006078921828723463
152.70000000000002,45.21349990796411,0.0021132666972071066,-0.006205035405418357
152.8,45.213711234633834,0.0014927631566653062,-0.006307164077348035
152.9,45.2138605109495,0.0008620467489305386,-0.006367585267317888
153.0,45.213946715624395,0.00022528822219878598,-0.006425032045410366
153.1,45.213969244446616,-0.00041721498234221414,-0.006537337713108714
153.20000000000002,45.21392752294838,-0.0010709487536532342,-0.006666648313070685
153.3,45.213820428073014,-0.0017376135849602647,-0.006855357574656673
153.4,45.21364666671452,-0.002423149342425893,-0.006930922520361594
153.5,45.21340435178028,-0.003116241594462013,-0.00697414631728254
153.60000000000002,45.21309272762083,-0.0038136562261904257,-0.006986904372781064
153.70000000000002,45.21271136199821,-0.004512346663468492,-0.006928130851598886
153.8,45.21226012733187,-0.005205159748628342,-0.00684627093828982
153.9,45.211739611357004,-0.005889786842457285,-0.006733628155415539
154.0,45.211150632672755,-0.0065631496579988,-0.006605919643473417
154.10000000000002,45.21049431770695,-0.007223741622346292,-0.006464178092298422
154.20000000000002,45.20977194354472,-0.007870159431576098,-0.006302296715917308
154.3,45.20898492760156,-0.008500389103167793,-0.006118047483754351
154.4,45.20813488869125,-0.009112193851543193,-0.00594327175529429
154.5,45.207223669306096,-0.009706521027072588,-0.005815249387911711
154.60000000000002,45.20625301720339,-0.010288045965863891,-0.005731224469554954
154.70000000000002,45.2052242126068,-0.010861168412819354,-0.005632797054383473
154.8,45.204138095765515,-0.01142444811825767,-0.005540641718411249
154.9,45.20299565095369,-0.011978512290098763,-0.005364810201002317
155.0,45.20179779972468,-0.012514993310198964,-0.0052448743207762815
155.10000000000002,45.20054630039366,-0.013039480742276711,-0.005059982873113829
155.20000000000002,45.19924235231943,-0.013545479029588066,-0.004797807351553917
155.3,45.197887804416474,-0.01402525976474343,-0.004543546591554372
155.4,45.19648527844,-0.014479614423898841,-0.004242205216257627
155.5,45.19503731699761,-0.01490383494552458,-0.0038810295797880715
155.60000000000002,45.19354693350306,-0.015291937903503475,-0.00349060932890075
155.70000000000002,45.19201773971271,-0.01564099883639353,-0.0030992175200770062
155.8,45.190453639829066,-0.015950920588401214,-0.002755130058246323
155.9,45.18885854777023,-0.01622643359422583,-0.0024557520581235818
156.0,45.187235904410805,-0.016472008800038174,-0.0021792746459520476
156.10000000000002,45.185588703530804,-0.01668993626463343,-0.0019515379135970762
156.20000000000002,45.18391970990434,-0.016885090055993125,-0.001778882474484236
156.3,45.18223120089874,-0.01706297830344154,-0.0016204965093353943
156.4,45.180524903068395,-0.01722502795437507,-0.0014590085652524533
156.5,45.17880240027296,-0.017370928810900306,-0.0013155982209678762
156.60000000000002,45.17706530739187,-0.017502488632997124,-0.001147117816999578
156.70000000000002,45.17531505852857,-0.017617200414697075,-0.0009983473235332953
156.8,45.173553338487096,-0.0177170351470504,-0.0008350336146933704
156.9,45.17178163497239,-0.01780053850851973,-0.0006940178173815057
157.0,45.17000158112154,-0.017869940290257878,-0.0005881435835970432
157.10000000000002,45.168214587092514,-0.017928754648617595,-0.00041198540399861854
157.20000000000002,45.166421711627656,-0.017969953189017455,-0.00020881943628874516
157.3,45.16462471630875,-0.017990835132646328,4.2535980458310506e-05
157.4,45.16282563279549,-0.017986581534600497,0.00026264121222368506
157.5,45.16102697464203,-0.01796031741337813,0.0004565026144297271
157.60000000000002,45.15923094290069,-0.017914667151935147,0.0006821038713370655
157.70000000000002,45.157439476185495,-0.017846456764801445,0.000843568709236512
157.8,45.155654830509015,-0.017762099893877798,0.0009158090248904439
157.9,45.15387862051963,-0.01767051899138876,0.000958722919624808
158.0,45.15211156862049,-0.017574646699426284,0.0009223508364732803
158.10000000000002,45.15035410395055,-0.017482411615778935,0.0008599123860050243
158.20000000000002,45.14860586278897,-0.017396420377178437,0.0007905123876969613
158.3,45.14686622075125,-0.017317369138408745,0.0006738859043720799
158.4,45.14513448383741,-0.01724998054797154,0.0005412926771167534
158.5,45.14340948578261,-0.01719585128025987,0.00038765979855416783
158.60000000000002,45.14168990065458,-0.017157085300404443,0.00020699842256802697
158.70000000000002,45.13997419212455,-0.017136385458147642,6.447544379021097e-05
158.8,45.13826055357873,-0.01712993791376862,-8.778434657044447e-05
158.9,45.13654755978735,-0.017138716348425665,-0.00025076728460268104
159.0,45.13483368815251,-0.017163793076885932,-0.000389703642646644
159.10000000000002,45.133117308844824,-0.017202763441150605,-0.0005173913552478734
159.20000000000002,45.13139703250071,-0.01725450257667539,-0.0006452109992615576
159.3,45.12967158224304,-0.01731902367660154,-0.000789285863905125
159.4,45.12793967987538,-0.01739795226299205,-0.0009698326198451786
159.5,45.12619988464908,-0.017494935524976562,-0.001112615867469396
159.60000000000002,45.12445039109659,-0.017606197111723527,-0.0013743813113226578
159.70000000000002,45.12268977138541,-0.017743635242855785,-0.0016774106269220029
159.8,45.120915407861126,-0.017911376305547975,-0.002007045004818613
159.9,45.11912427023057,-0.018112080806029825,-0.0023356962436415296
160.0,45.11731306214997,-0.018345650430393965,-0.0026409040385439483
160.10000000000002,45.11547849710693,-0.01860974083424842,-0.0028797148720418717
160.20000000000002,45.11361752302351,-0.01889771232145259,-0.0030556731404862707
160.3,45.111727751791356,-0.0192032796355012,-0.003229121587189607
160.4,45.10980742382781,-0.019526191794220143,-0.003306049617979708
160.5,45.10785480464839,-0.019856796756018095,-0.0033204456743891274
160.60000000000002,45.105869124972784,-0.020188841323457083,-0.003347226905609495
160.70000000000002,45.10385024084044,-0.020523564014018014,-0.003442024841088022
160.8,45.10179788443904,-0.020867766498126796,-0.003483264838218769
160.9,45.099711107789226,-0.021216092981948653,-0.0034913540505951317
161.0,45.09758949849103,-0.021565228387008147,-0.003501543069259693
161.10000000000002,45.09543297565233,-0.021915382693934195,-0.003414154944763416
161.20000000000002,45.093241437382936,-0.022256798188410518,-0.0032811443121115924
161.3,45.091015757564094,-0.022584912619621658,-0.0031835148243749144
161.4,45.08875726630213,-0.02290326410205913,-0.003182667760106048
161.5,45.08646693989193,-0.02322153087806972,-0.003227143744869357
161.60000000000002,45.08414478680412,-0.023544245252556727,-0.003222084104678803
161.70000000000002,45.081790362278866,-0.02386645366302459,-0.0031705567205311883
161.8,45.07940371691256,-0.02418350933507769,-0.003079175756630673
161.9,45.076985365979056,-0.02449142691074074,-0.003014051409044175
162.0,45.07453622328798,-0.02479283205164514,-0.002932253618740103
162.10000000000002,45.07205694008282,-0.025086057413519217,-0.002887985810541204
162.20000000000002,45.06954833434146,-0.02537485599457332,-0.002826175271347397
162.3,45.06701084874201,-0.025657473521708045,-0.002634429503019346
162.4,45.064445101389836,-0.025920916472009965,-0.002462556463242936
162.5,45.061853009742634,-0.026167172118334244,-0.0023124144063781053
162.60000000000002,45.0592362925308,-0.026398413558972107,-0.0021872171281642756
162.70000000000002,45.056596451174904,-0.026617135271788522,-0.0020879028158851476
162.8,45.05393473764772,-0.026825925553377025,-0.0020133750335705435
162.9,45.051252145092384,-0.027027263056734068,-0.0018391735851912287
163.0,45.04854941878671,-0.02721118041525318,-0.0016629476712653364
163.10000000000002,45.045828300745185,-0.027377475182379752,-0.0014937109957975803
163.20000000000002,45.04309055322695,-0.0275268462819595,-0.0012637738843875406
163.3,45.040337868598755,-0.02765322367039825,-0.0010189688130701642
163.4,45.037572546231715,-0.02775512055170526,-0.0008366824511004668
163.5,45.03479703417654,-0.0278387887968153,-0.0006031790946561827
163.60000000000002,45.03201315529686,-0.027899106706280933,-0.0003407412740965273
163.70000000000002,45.02922324462624,-0.027933180833690584,-8.751902362127776e-05
163.8,45.02642992654287,-0.02794193273605271,0.00018209072316329242
163.9,45.02363573326926,-0.027923723663736383,0.0004554533897868899
164.0,45.02084336090289,-0.027878178324757696,0.0007340865221994588
164.10000000000002,45.01805554307041,-0.027804769672537734,0.0009613391930816109
164.20000000000002,45.01527506610316,-0.027708635753229578,0.00116294560070385
164.3,45.012504202527836,-0.0275923411931592,0.0014442532008820386
164.4,45.00974496840852,-0.027447915873071004,0.001665644909873307
164.5,45.00700017682121,-0.027281351382083683,0.0018013882003439505
164.60000000000002,45.004272041683,-0.027101212562049247,0.001962272267318183
164.70000000000002,45.001561920426795,-0.02690498533531744,0.0021029100038571173
164.8,44.99887142189326,-0.02669469433493174,0.002212718480736537
164.9,44.99620195245977,-0.0264734224868581,0.0023735047542671572
165.0,44.993554610211085,-0.026236072011431397,0.0025725533367838885
165.10000000000002,44.99093100300994,-0.02597881667775295,0.002663566399168453
165.20000000000002,44.988333121342166,-0.02571246003783612,0.002687243754016848
165.3,44.98576187533838,-0.02544373566243445,0.002746306561160431
165.4,44.98321750177214,-0.025169105006318422,0.002779155365166838
165.5,44.98070059127151,-0.024891189469801754,0.0028660427650017005
165.60000000000002,44.97821147232453,-0.02460458519330152,0.002938318317028323
165.70000000000002,44.9757510138052,-0.024310753361598703,0.003048424378424598
165.8,44.97331993846904,-0.02400591092375626,0.0032038691289383667
165.9,44.970919347376665,-0.023685524010862442,0.0033826799845196507
166.0,44.96855079497558,-0.023347256012410497,0.003567182284985684
166.10000000000002,44.96621606937433,-0.022990537783911847,0.003779462782586673
166.20000000000002,44.963917015595946,-0.0226125915056532,0.004098214364981295
166.3,44.96165575644538,-0.022202770069155095,0.004443415073094532
166.4,44.95943547943846,-0.021758428561845667,0.004850921949737066
166.5,44.95725963658228,-0.021273336366871988,0.005285197481965701
166.60000000000002,44.95513230294559,-0.020744816618675298,0.0056587700144534415
166.70000000000002,44.95305782128373,-0.020178939617229986,0.0060629816109905215
166.8,44.951039927322,-0.019572641456130968,0.006482646248151349
166.9,44.94908266317639,-0.01892437683131587,0.006863624134204752
167.0,44.94719022549326,-0.018238014417895434,0.007244820234153082
167.10000000000002,44.945366424051464,-0.01751353239447996,0.007648314944733778
167.20000000000002,44.94361507081202,-0.016748700900006627,0.008006275862575168
167.3,44.941940200722016,-0.015948073313749155,0.008311232307902462
167.4,44.94034539339064,-0.015116950082958956,0.00859139150144432
167.5,44.938833698382346,-0.014257810932814573,0.008854643394570481
167.60000000000002,44.937407917289065,-0.013372346593357324,0.009134535838379325
167.70000000000002,44.93607068262973,-0.012458893009519443,0.009362658759096398
167.8,44.93482479332878,-0.011522627133609856,0.009576982180101504
167.9,44.93367253061542,-0.01056492891559976,0.00977432739538691
168.0,44.93261603772386,-0.009587496176061125,0.00997999085011586
168.10000000000002,44.93165728810625,-0.008589497091049312,0.010224012779762506
168.20000000000002,44.930798338397146,-0.0075670958130731195,0.010452655144362
168.3,44.93004162881584,-0.006521830298636979,0.010601779734839672
168.4,44.92938944578598,-0.005461652325153072,0.010744845332833316
168.5,44.92884328055346,-0.0043871677918698015,0.010906598695217588
168.60000000000002,44.92840456377427,-0.0032965079223477947,0.011085965099382783
168.70000000000002,44.92807491298204,-0.0021879114124095794,0.011272804330716937
168.8,44.9278561218408,-0.0010606309793379498,0.011510770524770786
168.9,44.927750058742866,9.044607313906321e-05,0.01169538714404393
169.0,44.927759103350176,0.0012599847875433897,0.011928342128033486
169.10000000000002,44.927885101828934,0.0024528190003470095,0.012170937520512994
169.20000000000002,44.92813038372897,0.0036699127523982396,0.012419216554446246
169.3,44.928497375004206,0.004911834407842794,0.012624772577176202
169.4,44.92898855844499,0.006174311665560342,0.012804706657463198
169.5,44.929605989611545,0.007454782331306589,0.012970355537393263
169.60000000000002,44.93035146784468,0.00875181788504621,0.013129928761430112
169.70000000000002,44.93122664963318,0.010064810761189147,0.013255065775672991
169.8,44.9322331307093,0.01139031733875637,0.013317621315734461
169.9,44.93337216244318,0.012722079470329741,0.013387182136115562
170.0,44.93464437039021,0.014060797683941221,0.013484015400675597
170.10000000000002,44.936050450158604,0.015409199224009087,0.013506947389280507
170.20000000000002,44.93759137008101,0.01675989396293706,0.01352331399855349
170.3,44.9392673594773,0.018112225362792334,0.013550188703035725
170.4,44.94107858201358,0.01946724423309583,0.013516872441613417
170.5,44.94302530643689,0.020818931477257094,0.013414517535069243
170.60000000000002,44.94510719958461,0.022160383230764323,0.0132165787840133
170.70000000000002,44.94732323790769,0.023482041109165578,0.012951796563911683
170.8,44.949671442018605,0.024777220765556673,0.012737364271060004
170.9,44.95214916409516,0.0260509571926626,0.012581781685854242
171.0,44.95475425981443,0.027309135361247953,0.012513880975158348
171.10000000000002,44.957485173350555,0.028560523458764073,0.012505060028756582
171.20000000000002,44.96034122569643,0.02981102946163966,0.012449896765229868
171.3,44.96332232864259,0.031056019138162576,0.012387080722024723
171.4,44.96642793055641,0.03229472721036498,0.012250352559323928
171.5,44.969657403277445,0.0335197624662973,0.012113305679514207
171.60000000000002,44.97300937952408,0.034731093034249,0.011902070903943903
171.70000000000002,44.9764824888275,0.03592130012464332,0.011699798208844354
171.8,44.980074618839964,0.03709127994552769,0.011551127815531448
171.9,44.98378374683452,0.03824639272708077,0.011355922079622029
172.0,44.987608386107226,0.039381984935042906,0.01120700529023815
172.10000000000002,44.991546584600734,0.040502685464066976,0.011032085339217833
172.20000000000002,44.995596853147134,0.0416058939979887,0.010850582521232728
172.3,44.99975744254694,0.04269095225011191,0.010609745336498715
172.4,45.00402653777195,0.04375192678376172,0.010413742583411623
172.5,45.00840173045032,0.04479330104210282,0.010232547108789574
172.60000000000002,45.012881060554534,0.04581655575298201,0.010022558027662998
172.70000000000002,45.017462716129835,0.046818811555748255,0.00983765300960664
172.8,45.022144597285404,0.04780257685670886,0.009627257474728373
172.9,45.02692485497108,0.048765302604181646,0.009402923018323163
173.0,45.031801385231496,0.04970559490601391,0.00921150500367013
173.10000000000002,45.0367719447221,0.05062674540638113,0.00902495853293081
173.20000000000002,45.04183461926274,0.05152924125967416,0.008800886045370965
173.3,45.0469875433887,0.05240932986421121,0.008488653876231041
173.4,45.05222847637512,0.05325819525183426,0.00817038111309535
173.5,45.0575542959003,0.05407523336314375,0.0078082851576175985
173.60000000000002,45.06296181923662,0.05485606187890569,0.007395035977651528
173.70000000000002,45.068447425424516,0.0555955654766708,0.006974116026708507
173.8,45.07400698197218,0.05629297707934161,0.006608034462598251
173.9,45.079636279680116,0.0569537805256014,0.006316767277288761
174.0,45.085331657732674,0.05758545725333024,0.006071338052403778
174.10000000000002,45.09109020345801,0.058192591058570754,0.005824213922095268
174.20000000000002,45.096909462563865,0.05877501245078025,0.005560123063510818
174.3,45.10278696380894,0.0593310247571313,0.005272754159337695
174.4,45.108720066284654,0.05985830017306504,0.004994783629061062
174.5,45.11470589630196,0.060357778535971116,0.004753917406972898
174.60000000000002,45.12074167415556,0.06083317027666851,0.004552765678166782
174.70000000000002,45.12682499118323,0.061288446844485166,0.004399387448986339
174.8,45.132953835867674,0.061728385589383775,0.004293419581932433
174.9,45.13912667442661,0.062157727547576994,0.004175400269896922
175.0,45.14534244718137,0.06257526757456666,0.004047678115093929
175.10000000000002,45.15159997393883,0.06298003538607615,0.003952725638314922
175.20000000000002,45.15789797747743,0.06337530794990762,0.0038538409226194473
175.3,45.16423550827243,0.06376069204216954,0.003698137850764937
175.4,45.17061157747664,0.06413050582724601,0.003466038647295169
175.5,45.177024628059364,0.06447710969197551,0.0033072794469574925
175.60000000000002,45.18347233902856,0.06480783763667133,0.003139569723632952
175.70000000000002,45.18995312279223,0.06512179460903461,0.003051321813357967
175.8,45.19646530225314,0.06542692679037039,0.0030363475130078593
175.9,45.20300799493217,0.06573056154167116,0.0029894152419514576
176.0,45.20958105108634,0.06602950306586629,0.002998607984503755
176.10000000000002,45.216184001392925,0.06632936386431673,0.003002391124482838
176.20000000000002,45.222816937779356,0.066629602976765,0.0029921121662764318
176.3,45.22947989807703,0.06692881419339262,0.0029350332432680486
176.4,45.23617277949637,0.06722231751771941,0.0029090901259554423
176.5,45.242895011248144,0.06751322653031494,0.0028228980826030224
176.60000000000002,45.249646333901175,0.0677955163385753,0.00271613929463012
176.70000000000002,45.25642588553504,0.0680671302680383,0.002568636351718286
176.8,45.263232598561835,0.06832399390321012,0.002465524672770615
176.9,45.27006499795216,0.06857054637048716,0.0024046326014695563
177.0,45.27692205258921,0.0688110096306341,0.002348502664618495
177.10000000000002,45.28380315355227,0.06904585989709601,0.002311114162995002
177.20000000000002,45.29070773954198,0.0692769713133955,0.0022399758510550814
177.3,45.29763543667332,0.06950096889850099,0.00220300991383203
177.4,45.30458553356317,0.06972126988988418,0.002204681231654779
177.5,45.31155766055216,0.06994173801304965,0.00217685833628709
177.60000000000002,45.318551834353464,0.0701594238466784,0.002175964973708934
177.70000000000002,45.32556777673813,0.07037702034404929,0.0021371221719849835
177.8,45.332605478772535,0.07059073256124777,0.0020463020078270496
177.9,45.33966455202866,0.07079536276203047,0.001969712745061137
178.0,45.34674408830486,0.07099233403653657,0.0019053973616768413
178.10000000000002,45.35384332170852,0.0711828737727043,0.0017548014491656659
178.20000000000002,45.36096160908579,0.07135835391762085,0.0016274661145989726
178.3,45.36809744447755,0.07152110052908074,0.001524046744480704
178.4,45.375249554530455,0.0716735052035288,0.0014434619501844368
178.5,45.38241690505081,0.07181785139854724,0.0014626214818857512
178.60000000000002,45.38959869019067,0.07196411354673585,0.0015206030887591514
178.70000000000002,45.39679510154534,0.07211617385561175,0.0016811685160755387
178.8,45.4040067189309,0.0722842907072193,0.0017715841464143907
178.9,45.41123514800162,0.07246144912186073,0.0018478521723304048
179.0,45.41848129291381,0.07264623433909376,0.0019367902502760474
179.10000000000002,45.42574591634772,0.0728399133641214,0.0020366908601203207
179.20000000000002,45.43302990768413,0.07304358245013343,0.002226931522508179
179.3,45.440334265929145,0.07326627560238423,0.002461386436169445
179.4,45.447660893489385,0.07351241424600116,0.0026486695873596928
179.5,45.45501213491398,0.07377728120473712,0.0027604689304965677
179.60000000000002,45.46238986303446,0.07405332809778684,0.0027419673641704448
179.70000000000002,45.469795195844235,0.07432752483420386,0.0026819858203941532
179.8,45.47722794832765,0.07459572341624326,0.002576270934485516
179.9,45.484687520669276,0.0748533505096918,0.002457295950734074
180.0,45.49217285572025,0.0750990801047652,0.0023045441237572496
180.10000000000002,45.499682763730725,0.07532953451714097,0.002129559408624425
180.20000000000002,45.50721571718244,0.0755424904580034,0.0019500302666083655
180.3,45.514769966228236,0.07573749348466423,0.0017100765909055654
180.4,45.5223437155767,0.07590850114375478,0.0015013705469780502
180.5,45.52993456569108,0.07605863819845257,0.0013755425903884048
180.60000000000002,45.537540429510926,0.07619619245749144,0.0012649671337957467
180.70000000000002,45.54516004875668,0.07632268917087101,0.0010654676285406278
180.8,45.55279231767376,0.07642923593372507,0.0008469023711702365
180.9,45.560435241267136,0.07651392617084209,0.0006207188141195771
181.0,45.56808663388422,0.07657599805225404,0.000466121427484289
181.10000000000002,45.57574423368945,0.07662261019500248,0.0003957593318364375
181.20000000000002,45.583406494708946,0.07666218612818612,0.00037936968595763613
181.3,45.591072713321765,0.07670012309678188,0.00042660303099991895
181.4,45.59874272563144,0.07674278339988187,0.0004891802345662333
181.5,45.60641700397143,0.0767917014233385,0.0006893867283356934
181.60000000000002,45.61409617411376,0.07686064009617208,0.0009209430591153835
181.70000000000002,45.62178223812338,0.07695273440208361,0.001115509906578418
181.8,45.629477511563586,0.07706428539274145,0.0012148941253221214
181.9,45.637183940102865,0.07718577480527365,0.0012529175982913688
182.0,45.64490251758339,0.07731106656510278,0.001294340666503202
182.10000000000002,45.652633624239904,0.07744050063175313,0.0013770098987942686
182.20000000000002,45.66037767430308,0.07757820162163255,0.0015340080722000588
182.3,45.66813549446524,0.07773160242885255,0.0017496894752542676
182.4,45.675908654708124,0.07790657137637796,0.0019342482054727761
182.5,45.683699311845764,0.07809999619692523,0.002136263944255215
182.60000000000002,45.69150931146545,0.0783136225913508,0.0023537356052129262
182.70000000000002,45.69934067372459,0.07854899615187208,0.002629991865591996
182.8,45.707195573339774,0.07881199533843126,0.002878997612160175
182.9,45.71507677287362,0.07909989509964727,0.003114787950775532
183.0,45.722986762383584,0.0794113738947248,0.0032457723272586838
183.10000000000002,45.73092789977306,0.07973595112745074,0.003370037318757205
183.20000000000002,45.7389014948858,0.08007295485932645,0.003551763309093605
183.3,45.746908790371734,0.08042813119023579,0.0037877494102183593
183.4,45.75495160349076,0.0808069061312576,0.004047446979029514
183.5,45.76303229410389,0.08121165082916053,0.004323259286597425
183.60000000000002,45.7711534591868,0.08164397675782037,0.004623676748416307
183.70000000000002,45.77931785686258,0.08210634443266197,0.004975572523905352
183.8,45.78752849130585,0.08260390168505248,0.0053006924372857546
183.9,45.79578888147435,0.08313397092878103,0.0055474651691714665
184.0,45.80410227856723,0.08368871744569814,0.005733543689283944
184.10000000000002,45.8124711503118,0.08426207181462667,0.005878807941670423
184.20000000000002,45.820897357493266,0.08484995260879367,0.006049508168040268
184.3,45.829382352754145,0.08545490342559767,0.006256150119970322
184.4,45.8379278430967,0.08608051843759466,0.0064602169035225315
184.5,45.846535894940466,0.08672654012794688,0.006660218057666102
184.60000000000002,45.85520854895326,0.08739256193371364,0.006902805820701272
184.70000000000002,45.86394780514663,0.08808284251578373,0.007104215559093756
184.8,45.87275608939821,0.08879326407169306,0.007287030959901712
184.9,45.88163541580538,0.0895219671676832,0.00743578201529247
185.0,45.89058761252215,0.0902655453692124,0.007632959881555614
185.10000000000002,45.89961416705907,0.09102884135736813,0.007898201703831242
185.20000000000002,45.908717051194806,0.09181866152775121,0.008234392380883412
185.3,45.91789891734758,0.09264210076583951,0.008585260126240462
185.4,45.927163127424166,0.0935006267784635,0.008850950147380274
185.5,45.936513190102005,0.09438572179320148,0.009047866881422586
185.60000000000002,45.94595176228133,0.09529050848134395,0.00923137976393745
185.70000000000002,45.95548081312946,0.09621364645773764,0.009419936221790446
185.8,45.965102177775236,0.09715564007991663,0.009636261197320105
185.9,45.97481774178323,0.09811926619964859,0.009786384427539626
186.0,45.984629668403194,0.09909790464240249,0.009907706989859094
186.10000000000002,45.994539458867436,0.10008867534138863,0.009963380818066591
186.20000000000002,46.004548326401576,0.10108501342319523,0.01002027112391822
186.3,46.01465682774389,0.102087040535587,0.010095553880508664
186.4,46.02486553179745,0.1030965959236378,0.01017675125513417
186.5,46.03517519138981,0.10411427104915116,0.010229048706748877
186.60000000000002,46.04558661849473,0.10513717591982628,0.01020326896381293
186.70000000000002,46.056100336086715,0.10615750281620752,0.01019277876140037
186.8,46.06671608636833,0.1071767806923475,0.010227103814049619
186.9,46.077433764437565,0.1081994910737524,0.010232955871348369
187.0,46.088253713544944,0.10922278666088718,0.010240579155248761
187.10000000000002,46.09917599221103,0.11024684457641229,0.010250266344240838
187.20000000000002,46.110200676668676,0.11127187121083632,0.01027084603891479
187.3,46.12132786378976,0.11229895581472774,0.010279022435730369
187.4,46.13255775937123,0.11332685805830071,0.010273450628537935
187.5,46.14389044517706,0.11435420312115445,0.010305337157403992
187.60000000000002,46.155325865489175,0.11538473683689508,0.010312926255751673
187.70000000000002,46.16686433917287,0.11641602946247019,0.010355148580805001
187.8,46.17850594211911,0.11745154432055063,0.010425193211302985
187.9,46.190251096551165,0.11849406364168087,0.01048042203509504
188.0,46.202100502915336,0.11954210584519032,0.010530642341767642
188.10000000000002,46.214054713499856,0.12059517007936732,0.01055818117398068
188.20000000000002,46.22611423050779,0.12165098819676533,0.010523731512575895
188.3,46.23827932932747,0.12270336134802286,0.010486587732305194
188.4,46.250549665462266,0.12375202012125332,0.0104715687816984
188.5,46.262924867474396,0.1247991769994231,0.010448433282972942
188.60000000000002,46.27540478517434,0.12584402032772063,0.010383512439283184
188.70000000000002,46.28798918720711,0.1268823715716489,0.010315994734170806
188.8,46.300677424364274,0.1279139710450659,0.01021931983031135
188.9,46.31346882146878,0.128935903028097,0.01010823099978105
189.0,46.32636241177159,0.12994672612807504,0.009971181742278687
189.10000000000002,46.3393570843844,0.13094384430230313,0.009819124154950846
189.20000000000002,46.35245146881463,0.13192575671779816,0.00965647687606485
189.3,46.36564404448641,0.1328914044054046,0.00943997711725623
189.4,46.37893318492695,0.13383540211713016,0.009178742137839447
189.5,46.39231672513866,0.13475327633091405,0.008886601709721031
189.60000000000002,46.40579205277176,0.13564193650188636,0.00860518248984581
189.70000000000002,46.41935624642194,0.1365024547508709,0.00835518924723103
189.8,46.43300649189703,0.13733797367559394,0.00813239893126751
189.9,46.44674028926459,0.13815121356872065,0.007878759040841513
190.0,46.46055541062146,0.13893908947280476,0.007598110555034003
190.10000000000002,46.47444931956874,0.13969890052830833,0.007256764110602634
190.20000000000002,46.488419209621576,0.14042457693936855,0.006900407372081977
190.3,46.50246166731551,0.1411146176765767,0.006498676944894458
190.4,46.51657312908316,0.14176448537106612,0.005980507910677342
190.5,46.53074957762027,0.14236253616213382,0.005365452656922066
190.60000000000002,46.54498583123649,0.14289908142782615,0.004755591315313272
190.70000000000002,46.55927573937927,0.14337464055935745,0.004253037691059578
190.8,46.5736132034352,0.14379994432846338,0.003798864514465921
190.9,46.58799319786805,0.14417983077990995,0.003422221814793264
191.0,46.60241118094604,0.14452205296138926,0.003030127826039041
191.10000000000002,46.61686338624218,0.14482506574399323,0.0026720930623201763
191.20000000000002,46.63134589281658,0.14509227505022523,0.0023514577124504558
191.3,46.645855120321606,0.14532742082147027,0.002202969664260993
191.4,46.66038786240375,0.14554771778789635,0.0020617910543739354
191.5,46.674942634182536,0.14575389689333373,0.0019745024368240612
191.60000000000002,46.68951802387188,0.14595134713701619,0.0018999479332102967
191.70000000000002,46.70411315858558,0.1461413419303372,0.0017811530712509196
191.8,46.71872729277861,0.14631945723746229,0.0016771986129821958
191.9,46.73335923850235,0.1464871770987605,0.0016159611124767301
192.0,46.74800795621223,0.14664877321000816,0.0015420758762931632
192.10000000000002,46.76267283353323,0.1468029807976375,0.0014539689081861367
192.20000000000002,46.777353131613,0.14694837768845612,0.0013364942550129415
192.3,46.79204796938184,0.1470820271139574,0.0012130009100875384
192.4,46.80675617209324,0.14720332720496615,0.001092179798169508
192.5,46.82147650481373,0.1473125451847831,0.0008870273786349618
192.60000000000002,46.83620775933221,0.1474012479226466,0.0006414577309824341
192.70000000000002,46.85094788412448,0.14746539369574485,0.000454537689648952
192.8,46.86569442349405,0.14751084746470974,0.0003439412149139538
192.9,46.88044550824052,0.14754524158620114,0.0003343494910568369
193.0,46.89520003239914,0.14757867653530682,0.00024283991203488705
193.10000000000002,46.909957900052675,0.1476029605265103,0.00014185563493002956
193.20000000000002,46.924718196105324,0.14761714609000331,-1.1783762084439212e-05
193.3,46.939479910714326,0.14761596771379487,-0.00031348431691587527
193.4,46.954241507485705,0.14758461928210329,-0.0006354078697759863
193.5,46.968999969413915,0.1475210784951257,-0.0009414485640894057
193.60000000000002,46.983752077263425,0.14742693363871673,-0.0011546561018569536
193.70000000000002,46.998494770627296,0.14731146802853104,-0.0013278269668563136
193.8,47.01322591743015,0.14717868533184542,-0.0014912499292328034
193.9,47.02794378596334,0.14702956033892214,-0.001648641208468287
194.0,47.042646741997224,0.14686469621807532,-0.00181700115013381
194.10000000000002,47.05733321161904,0.1466829961030619,-0.0019595591345840106
194.20000000000002,47.072001511229345,0.1464870401896035,-0.0020310196029067517
194.3,47.0866502152483,0.14628393822931285,-0.002129207502350582
194.4,47.10127860907123,0.1460710174790778,-0.0022496514908369627
194.5,47.11588571081914,0.14584605232999412,-0.0025401447505049354
194.60000000000002,47.13047031605214,0.14559203785494357,-0.0029048045918374497
194.70000000000002,47.145029519837635,0.14530155739575984,-0.0033428709740137242
194.8,47.15955967557721,0.14496727029835849,-0.003842061569603813
194.9,47.17405640260704,0.14458306414139813,-0.004423366717291573
195.0,47.188514709021185,0.144140727469669,-0.005076788456239945
195.10000000000002,47.20292878176816,0.14363304862404488,-0.005747985214195111
195.20000000000002,47.21729208663056,0.1430582501026254,-0.006339721779771517
195.3,47.23159791164082,0.1424242779246483,-0.006883992140751918
195.4,47.245840339433286,0.14173587871057314,-0.007445029027938345
195.5,47.26001392730434,0.14099137580777935,-0.007974181121492693
195.60000000000002,47.27411306488512,0.1401939576956299,-0.008462274858589061
195.70000000000002,47.28813246065469,0.13934773020977104,-0.00894327141757629
195.8,47.30206723367566,0.13845340306801346,-0.009351402013110497
195.9,47.31591257398246,0.13751826286670246,-0.009812107593354383
196.0,47.32966440026913,0.13653705210736708,-0.010295279786825698
196.10000000000002,47.34331810547987,0.13550752412868428,-0.010767845932077637
196.20000000000002,47.356868857892735,0.13443073953547657,-0.011207449489293668
196.3,47.37031193184629,0.13330999458654727,-0.011531137983749707
196.4,47.38364293130494,0.13215688078817237,-0.011795448709010897
196.5,47.39685861938376,0.13097733591727134,-0.012029435072754597
196.60000000000002,47.409956352975485,0.1297743924099956,-0.012268970395815513
196.70000000000002,47.42293379221648,0.12854749537041413,-0.01243555363818803
196.8,47.435788541753524,0.1273039400065954,-0.01257089702839597
196.9,47.44851893575418,0.12604685030375587,-0.012679786144705078
197.0,47.46112362078456,0.12477887168928543,-0.012776947698474603
197.10000000000002,47.47360150795349,0.12350117691943768,-0.012838623898444765
197.20000000000002,47.485951625645434,0.12221731452959328,-0.012919244856921431
197.3,47.498173357098395,0.12092539004390121,-0.012984681858003071
197.4,47.51026589610278,0.11962692185810098,-0.013089650173388112
197.5,47.52222858828859,0.11831795684076224,-0.013260125497657798
197.60000000000002,47.53406038397267,0.11699194429099616,-0.013455126664531013
197.70000000000002,47.54575957840177,0.11564643162454313,-0.013650105926158949
197.8,47.55732422156422,0.11428142103192732,-0.013849354501676386
197.9,47.568752363667414,0.11289648558175976,-0.01407168951301257
198.0,47.58004201222559,0.11148931663045858,-0.014309108148417647
198.10000000000002,47.591190943888634,0.11005840581561649,-0.014432397661532636
198.20000000000002,47.6021967844702,0.10861516604946331,-0.014458263126114469
198.3,47.61305830107514,0.10716933973685194,-0.014389790266857702
198.4,47.62377523504883,0.10573036071016625,-0.014337866317909159
198.5,47.63434827111985,0.10429657407837542,-0.014353017359295185
198.60000000000002,47.64477792852769,0.10286127234244558,-0.014404079828987656
198.70000000000002,47.655064055761926,0.10142086435954689,-0.014442333990274657
198.8,47.66520614219788,0.09997663096051951,-0.014483442715069036
198.9,47.67520380529393,0.09852828668901269,-0.014580663034951116
199.0,47.68505663396284,0.09707022038551766,-0.014703173403401425
199.10000000000002,47.69476365600139,0.09559990304517718,-0.014759865781897315
199.20000000000002,47.70432364630591,0.09412391646698753,-0.014803837297745074
199.3,47.71373603795261,0.09264353273721311,-0.01484372493932699
199.4,47.72300039122633,0.0911591602432805,-0.014890406443427165
199.5,47.73211630725065,0.08967011959893786,-0.014893963917621905
199.60000000000002,47.741083319210546,0.08818072320717533,-0.014885705894796694
199.70000000000002,47.74990139153127,0.08669215261769575,-0.014867043848494922
199.8,47.758570606793036,0.08520544823284634,-0.014801194684191535
199.9,47.76709115161632,0.08372532876442727,-0.014801194684191535
200.0,47.77546368449276,nan,nan
