t,TN2,Tm,Thp,Tf,c[1],c[2],c[3],c[4],c[5],c[6],n,rho_dollars,Q_to_steam,drumAngleDeg
0.0,90.0,135.0,67.5,22.5,-45.0,4.5,180.0,-22.5,112.5,33.75,56.25,-90.0,11.25,45.0
0.1,89.88588989126497,134.82883483689744,67.41441741844872,22.47147247281624,-44.94294494563248,4.494294494563248,179.77177978252993,-22.47147247281624,112.35736236408121,33.70720870922436,56.178681182040606,-89.88588989126497,11.23573623640812,44.94294494563248
0.2,89.77511148730241,134.66266723095362,67.33133361547681,22.443777871825603,-44.887555743651205,4.488755574365121,179.55022297460482,-22.443777871825603,112.21888935912801,33.665666807738404,56.10944467956401,-89.77511148730241,11.221888935912801,44.887555743651205
0.30000000000000004,89.66787786427653,134.5018167964148,67.2509083982074,22.416969466069133,-44.83393893213827,4.483393893213827,179.33575572855307,-22.416969466069133,112.08484733034567,33.6254541991037,56.042423665172834,-89.66787786427653,11.208484733034567,44.83393893213827
0.4,89.56439394798673,134.3465909219801,67.17329546099005,22.391098486996682,-44.782196973993365,4.478219697399337,179.12878789597346,-22.391098486996682,111.95549243498341,33.586647730495024,55.977746217491706,-89.56439394798673,11.195549243498341,44.782196973993365
0.5,89.46482506469935,134.19723759704902,67.09861879852451,22.36620626617484,-44.73241253234968,4.473241253234968,178.9296501293987,-22.36620626617484,111.8310313308742,33.549309399262256,55.9155156654371,-89.46482506469935,11.18310313308742,44.73241253234968
0.6000000000000001,89.36929959292104,134.05394938938156,67.02697469469078,22.34232489823026,-44.68464979646052,4.468464979646052,178.73859918584208,-22.34232489823026,111.7116244911513,33.51348734734539,55.85581224557565,-89.36929959292104,11.17116244911513,44.68464979646052
0.7000000000000001,89.27791505853246,133.91687258779868,66.95843629389934,22.319478764633114,-44.63895752926623,4.463895752926623,178.55583011706491,-22.319478764633114,111.59739382316558,33.47921814694967,55.79869691158279,-89.27791505853246,11.159739382316557,44.63895752926623
0.8,89.19078502318544,133.78617753477818,66.89308876738909,22.29769625579636,-44.59539251159272,4.459539251159272,178.38157004637088,-22.29769625579636,111.4884812789818,33.446544383694544,55.7442406394909,-89.19078502318544,11.14884812789818,44.59539251159272
0.9,89.10806180412702,133.66209270619052,66.83104635309526,22.277015451031755,-44.55403090206351,4.455403090206351,178.21612360825404,-22.277015451031755,111.38507725515878,33.41552317654763,55.69253862757939,-89.10806180412702,11.138507725515877,44.55403090206351
1.0,89.02978624880784,133.54467937321175,66.77233968660587,22.25744656220196,-44.51489312440392,4.451489312440392,178.05957249761568,-22.25744656220196,111.2872328110098,33.38616984330294,55.6436164055049,-89.02978624880784,11.12872328110098,44.51489312440392
1.1,88.95595285104888,133.4339292765733,66.71696463828665,22.23898821276222,-44.47797642552444,4.447797642552444,177.91190570209776,-22.23898821276222,111.1949410638111,33.35848231914333,55.59747053190555,-88.95595285104888,11.11949410638111,44.47797642552444
1.2000000000000002,88.88652445116342,133.32978667674513,66.66489333837256,22.221631112790856,-44.44326222558171,4.444326222558171,177.77304890232685,-22.221631112790856,111.10815556395428,33.33244666918628,55.55407778197714,-88.88652445116342,11.110815556395428,44.44326222558171
1.3,88.82146124310394,133.2321918646559,66.61609593232795,22.205365310775985,-44.41073062155197,4.441073062155197,177.64292248620788,-22.205365310775985,111.02682655387993,33.308047966163976,55.513413276939964,-88.82146124310394,11.102682655387992,44.41073062155197
1.4000000000000001,88.76075652338398,133.14113478507596,66.57056739253798,22.190189130845994,-44.38037826169199,4.438037826169199,177.52151304676795,-22.190189130845994,110.95094565422997,33.28528369626899,55.475472827114984,-88.76075652338398,11.095094565422997,44.38037826169199
1.5,88.70434742905547,133.0565211435832,66.5282605717916,22.17608685726387,-44.35217371452774,4.435217371452774,177.40869485811095,-22.17608685726387,110.88043428631934,33.2641302858958,55.44021714315967,-88.70434742905547,11.088043428631934,44.35217371452774
1.6,88.65211167574887,132.9781675136233,66.48908375681165,22.163027918937217,-44.326055837874435,4.432605583787444,177.30422335149774,-22.163027918937217,110.81513959468609,33.244541878405826,55.407569797343044,-88.65211167574887,11.081513959468609,44.326055837874435
1.7000000000000002,88.60389997061984,132.90584995592974,66.45292497796487,22.15097499265496,-44.30194998530992,4.430194998530992,177.20779994123967,-22.15097499265496,110.7548749632748,33.226462488982435,55.3774374816374,-88.60389997061984,11.07548749632748,44.30194998530992
1.8,88.55960810813453,132.8394121622018,66.4197060811009,22.13990202703363,-44.27980405406726,4.427980405406727,177.11921621626905,-22.13990202703363,110.69951013516815,33.20985304055045,55.34975506758408,-88.55960810813453,11.069951013516816,44.27980405406726
1.9000000000000001,88.51919727137657,132.77879590706485,66.38939795353242,22.129799317844142,-44.259598635688285,4.425959863568829,177.03839454275314,-22.129799317844142,110.64899658922072,33.19469897676621,55.32449829461036,-88.51919727137657,11.064899658922071,44.259598635688285
2.0,88.48265281437084,132.72397922155625,66.36198961077812,22.12066320359271,-44.24132640718542,4.424132640718542,176.96530562874167,-22.12066320359271,110.60331601796355,33.18099480538906,55.301658008981775,-88.48265281437084,11.060331601796355,44.24132640718542
2.1,88.44996165960995,132.67494248941495,66.33747124470747,22.11249041490249,-44.22498082980498,4.422498082980498,176.8999233192199,-22.11249041490249,110.56245207451244,33.168735622353736,55.28122603725622,-88.44996165960995,11.056245207451244,44.22498082980498
2.2,88.42107105554335,132.63160658331503,66.31580329165752,22.105267763885838,-44.210535527771675,4.421053552777168,176.8421421110867,-22.105267763885838,110.52633881942918,33.15790164582876,55.26316940971459,-88.42107105554335,11.052633881942919,44.210535527771675
2.3000000000000003,88.39593954338375,132.59390931507562,66.29695465753781,22.098984885845937,-44.197969771691874,4.419796977169187,176.7918790867675,-22.098984885845937,110.49492442922968,33.148477328768905,55.24746221461484,-88.39593954338375,11.049492442922968,44.197969771691874
2.4000000000000004,88.37448148329453,132.5617222249418,66.2808611124709,22.093620370823633,-44.187240741647265,4.418724074164727,176.74896296658906,-22.093620370823633,110.46810185411816,33.14043055623545,55.23405092705908,-88.37448148329453,11.046810185411816,44.187240741647265
2.5,88.35656263818426,132.5348439572764,66.2674219786382,22.089140659546064,-44.17828131909213,4.417828131909213,176.71312527636852,-22.089140659546064,110.44570329773032,33.1337109893191,55.22285164886516,-88.35656263818426,11.044570329773032,44.17828131909213
2.6,88.34204700333166,132.51307050499747,66.25653525249874,22.085511750832914,-44.17102350166583,4.417102350166583,176.68409400666332,-22.085511750832914,110.42755875416458,33.12826762624937,55.21377937708229,-88.34204700333166,11.042755875416457,44.17102350166583
2.7,88.33081958456569,132.49622937684853,66.24811468842427,22.082704896141422,-44.165409792282844,4.416540979228285,176.66163916913138,-22.082704896141422,110.41352448070711,33.12405734421213,55.206762240353555,-88.33081958456569,11.041352448070711,44.165409792282844
2.8000000000000003,88.32279591589062,132.48419387383592,66.24209693691796,22.080698978972656,-44.16139795794531,4.416139795794531,176.64559183178125,-22.080698978972656,110.40349489486329,33.12104846845898,55.20174744743164,-88.32279591589062,11.040349489486328,44.16139795794531
2.9000000000000004,88.3179279398375,132.47689190975626,66.23844595487813,22.079481984959376,-44.15896396991875,4.415896396991875,176.635855879675,-22.079481984959376,110.39740992479688,33.119222977439065,55.19870496239844,-88.3179279398375,11.039740992479688,44.15896396991875
3.0,88.31618518259262,132.47427777388893,66.23713888694446,22.079046295648155,-44.15809259129631,4.415809259129631,176.63237036518524,-22.079046295648155,110.39523147824077,33.11856944347223,55.19761573912039,-88.31618518259262,11.039523147824077,44.15809259129631
3.1,88.31758875865455,132.47638313798183,66.23819156899091,22.079397189663638,-44.158794379327276,4.415879437932728,176.6351775173091,-22.079397189663638,110.39698594831819,33.11909578449546,55.198492974159095,-88.31758875865455,11.039698594831819,44.158794379327276
3.2,88.32218208108857,132.48327312163286,66.24163656081643,22.080545520272143,-44.161091040544285,4.416109104054429,176.64436416217714,-22.080545520272143,110.40272760136071,33.120818280408216,55.201363800680355,-88.32218208108857,11.040272760136071,44.161091040544285
3.3000000000000003,88.3300070400994,132.4950105601491,66.24750528007455,22.08250176002485,-44.1650035200497,4.41650035200497,176.6600140801988,-22.08250176002485,110.41250880012426,33.123752640037274,55.20625440006213,-88.3300070400994,11.041250880012425,44.1650035200497
3.4000000000000004,88.34106836985694,132.5116025547854,66.2558012773927,22.085267092464235,-44.17053418492847,4.417053418492848,176.68213673971388,-22.085267092464235,110.42633546232118,33.12790063869635,55.21316773116059,-88.34106836985694,11.042633546232118,44.17053418492847
3.5,88.35537197477727,132.5330579621659,66.26652898108296,22.088842993694318,-44.177685987388635,4.4177685987388635,176.71074394955454,-22.088842993694318,110.44421496847158,33.13326449054148,55.22210748423579,-88.35537197477727,11.044421496847159,44.177685987388635
3.6,88.37287901006576,132.55931851509865,66.27965925754933,22.09321975251644,-44.18643950503288,4.418643950503288,176.74575802013152,-22.09321975251644,110.46609876258219,33.13982962877466,55.233049381291096,-88.37287901006576,11.04660987625822,44.18643950503288
3.7,88.39346377916429,132.59019566874645,66.29509783437322,22.098365944791073,-44.196731889582146,4.419673188958215,176.78692755832859,-22.098365944791073,110.49182972395536,33.14754891718661,55.24591486197768,-88.39346377916429,11.049182972395537,44.196731889582146
3.8000000000000003,88.41699922804474,132.62549884206712,66.31274942103356,22.104249807011186,-44.20849961402237,4.420849961402237,176.8339984560895,-22.104249807011186,110.52124903505593,33.15637471051678,55.260624517527965,-88.41699922804474,11.052124903505593,44.20849961402237
3.9000000000000004,88.44339415835086,132.66509123752627,66.33254561876313,22.110848539587714,-44.22169707917543,4.422169707917543,176.8867883167017,-22.110848539587714,110.55424269793858,33.16627280938157,55.27712134896929,-88.44339415835086,11.055424269793857,44.22169707917543
4.0,88.4725219771712,132.7087829657568,66.3543914828784,22.1181304942928,-44.2362609885856,4.42362609885856,176.9450439543424,-22.1181304942928,110.590652471464,33.1771957414392,55.295326235732,-88.4725219771712,11.0590652471464,44.2362609885856
4.1000000000000005,88.50420387703298,132.75630581554947,66.37815290777473,22.126050969258245,-44.25210193851649,4.425210193851649,177.00840775406596,-22.126050969258245,110.63025484629122,33.18907645388737,55.31512742314561,-88.50420387703298,11.063025484629122,44.25210193851649
4.2,88.53826409297702,132.80739613946554,66.40369806973277,22.134566023244254,-44.26913204648851,4.426913204648851,177.07652818595403,-22.134566023244254,110.67283011622126,33.201849034866385,55.33641505811063,-88.53826409297702,11.067283011622127,44.26913204648851
4.3,88.57460175041281,132.86190262561922,66.43095131280961,22.143650437603203,-44.287300875206405,4.42873008752064,177.14920350082562,-22.143650437603203,110.71825218801601,33.215475656404806,55.359126094008005,-88.57460175041281,11.071825218801601,44.287300875206405
4.4,88.61309985026216,132.91964977539322,66.45982488769661,22.15327496256554,-44.30654992513108,4.430654992513108,177.22619970052432,-22.15327496256554,110.7663748128277,33.229912443848306,55.38318740641385,-88.61309985026216,11.07663748128277,44.30654992513108
4.5,88.65362597040915,132.98043895561372,66.49021947780686,22.163406492602288,-44.326812985204576,4.432681298520458,177.3072519408183,-22.163406492602288,110.81703246301144,33.24510973890343,55.40851623150572,-88.65362597040915,11.081703246301144,44.326812985204576
4.6000000000000005,88.69609598256476,133.04414397384713,66.52207198692356,22.17402399564119,-44.34804799128238,4.434804799128238,177.3921919651295,-22.17402399564119,110.87011997820595,33.26103599346178,55.435059989102974,-88.69609598256476,11.087011997820595,44.34804799128238
4.7,88.74047236913619,133.11070855370428,66.55535427685214,22.185118092284046,-44.37023618456809,4.437023618456809,177.48094473827237,-22.185118092284046,110.92559046142023,33.27767713842607,55.462795230710114,-88.74047236913619,11.092559046142023,44.37023618456809
4.800000000000001,88.78678111909889,133.18017167864832,66.59008583932416,22.196695279774723,-44.393390559549445,4.439339055954945,177.57356223819778,-22.196695279774723,110.98347639887362,33.29504291966208,55.49173819943681,-88.78678111909889,11.098347639887361,44.393390559549445
4.9,88.83505519759555,133.2525827963933,66.62629139819666,22.208763799398888,-44.417527598797776,4.441752759879778,177.6701103951911,-22.208763799398888,111.04381899699445,33.31314569909833,55.52190949849722,-88.83505519759555,11.104381899699444,44.417527598797776
5.0,88.88531280790738,133.32796921186107,66.66398460593054,22.221328201976846,-44.44265640395369,4.444265640395369,177.77062561581477,-22.221328201976846,111.10664100988423,33.33199230296527,55.553320504942114,-88.88531280790738,11.110664100988423,44.44265640395369
5.1000000000000005,88.93757442668783,133.40636164003175,66.70318082001587,22.234393606671958,-44.468787213343916,4.446878721334392,177.87514885337566,-22.234393606671958,111.17196803335979,33.35159041000794,55.585984016679895,-88.93757442668783,11.117196803335979,44.468787213343916
5.2,88.99186446117628,133.4877966917644,66.7438983458822,22.24796611529407,-44.49593223058814,4.449593223058814,177.98372892235255,-22.24796611529407,111.23983057647035,33.3719491729411,55.61991528823518,-88.99186446117628,11.123983057647035,44.49593223058814
5.300000000000001,89.04815267786455,133.57222901679683,66.78611450839841,22.262038169466138,-44.524076338932275,4.452407633893228,178.0963053557291,-22.262038169466138,111.31019084733069,33.393057254199206,55.655095423665344,-89.04815267786455,11.131019084733069,44.524076338932275
5.4,89.10635711632719,133.65953567449077,66.82976783724538,22.276589279081797,-44.553178558163594,4.45531785581636,178.21271423265438,-22.276589279081797,111.382946395409,33.41488391862269,55.6914731977045,-89.10635711632719,11.138294639540899,44.553178558163594
5.5,89.16648570878286,133.7497285631743,66.87486428158715,22.291621427195714,-44.58324285439143,4.458324285439143,178.33297141756572,-22.291621427195714,111.45810713597857,33.437432140793575,55.72905356798928,-89.16648570878286,11.145810713597857,44.58324285439143
5.6000000000000005,89.22853540748318,133.84280311122478,66.92140155561239,22.307133851870795,-44.61426770374159,4.4614267703741595,178.45707081496636,-22.307133851870795,111.53566925935397,33.460700777806196,55.76783462967698,-89.22853540748318,11.153566925935397,44.61426770374159
5.7,89.29249817428071,133.93874726142107,66.96937363071054,22.323124543570177,-44.646249087140355,4.464624908714035,178.58499634856142,-22.323124543570177,111.61562271785088,33.48468681535527,55.80781135892544,-89.29249817428071,11.161562271785089,44.646249087140355
5.800000000000001,89.3584139251721,134.03762088775815,67.01881044387908,22.339603481293025,-44.67920696258605,4.467920696258605,178.7168278503442,-22.339603481293025,111.69801740646513,33.50940522193954,55.84900870323256,-89.3584139251721,11.169801740646513,44.67920696258605
5.9,89.42631511460866,134.13947267191298,67.06973633595649,22.356578778652164,-44.71315755730433,4.471315755730433,178.8526302292173,-22.356578778652164,111.78289389326082,33.534868167978246,55.89144694663041,-89.42631511460866,11.178289389326082,44.71315755730433
6.0,89.49618194794492,134.24427292191737,67.12213646095869,22.37404548698623,-44.74809097397246,4.474809097397246,178.99236389588984,-22.37404548698623,111.87022743493115,33.56106823047934,55.935113717465576,-89.49618194794492,11.187022743493115,44.74809097397246
6.1000000000000005,89.56799928050616,134.35199892075923,67.17599946037961,22.39199982012654,-44.78399964025308,4.478399964025308,179.13599856101231,-22.39199982012654,111.9599991006327,33.58799973018981,55.97999955031635,-89.56799928050616,11.19599991006327,44.78399964025308
6.2,89.64172461056442,134.46258691584663,67.23129345792331,22.410431152641106,-44.82086230528221,4.482086230528221,179.28344922112885,-22.410431152641106,112.05215576320553,33.61564672896166,56.02607788160277,-89.64172461056442,11.205215576320553,44.82086230528221
6.300000000000001,89.71732511804859,134.57598767707287,67.28799383853644,22.429331279512148,-44.858662559024296,4.48586625590243,179.43465023609718,-22.429331279512148,112.14665639756075,33.64399691926822,56.073328198780374,-89.71732511804859,11.214665639756074,44.858662559024296
6.4,89.79481716085787,134.69222574128682,67.34611287064341,22.44870429021447,-44.89740858042894,4.489740858042894,179.58963432171575,-22.44870429021447,112.24352145107234,33.673056435321705,56.12176072553617,-89.79481716085787,11.224352145107234,44.89740858042894
6.5,89.87426742735882,134.81140114103823,67.40570057051912,22.468566856839704,-44.93713371367941,4.493713371367941,179.74853485471763,-22.468566856839704,112.34283428419852,33.70285028525956,56.17141714209926,-89.87426742735882,11.234283428419852,44.93713371367941
6.6000000000000005,89.95578555139483,134.93367832709225,67.46683916354613,22.488946387848706,-44.97789277569741,4.4977892775697415,179.91157110278965,-22.488946387848706,112.44473193924352,33.73341958177306,56.22236596962176,-89.95578555139483,11.244473193924353,44.97789277569741
6.7,90.03944777231408,135.05917165847112,67.52958582923556,22.50986194307852,-45.01972388615704,4.501972388615704,180.07889554462815,-22.50986194307852,112.5493097153926,33.76479291461778,56.2746548576963,-90.03944777231408,11.25493097153926,45.01972388615704
6.800000000000001,90.12531949409215,135.18797924113824,67.59398962056912,22.53132987352304,-45.06265974704608,4.506265974704608,180.2506389881843,-22.53132987352304,112.65664936761519,33.79699481028456,56.328324683807594,-90.12531949409215,11.26566493676152,45.06265974704608
6.9,90.2134573376155,135.32018600642323,67.66009300321161,22.553364334403874,-45.10672866880775,4.510672866880775,180.426914675231,-22.553364334403874,112.76682167201938,33.83004650160581,56.38341083600969,-90.2134573376155,11.276682167201937,45.10672866880775
7.0,90.30387195597784,135.45580793396675,67.72790396698338,22.57596798899446,-45.15193597798892,4.515193597798892,180.60774391195568,-22.57596798899446,112.8798399449723,33.86395198349169,56.43991997248615,-90.30387195597784,11.28798399449723,45.15193597798892
7.1000000000000005,90.39653999868537,135.59480999802804,67.79740499901402,22.599134999671342,-45.198269999342685,4.519826999934269,180.79307999737074,-22.599134999671342,112.99567499835672,33.89870249950701,56.49783749917836,-90.39653999868537,11.299567499835671,45.198269999342685
7.2,90.49145778361134,135.737186675417,67.8685933377085,22.622864445902835,-45.24572889180567,4.524572889180567,180.98291556722268,-22.622864445902835,113.11432222951417,33.93429666885425,56.557161114757086,-90.49145778361134,11.311432222951417,45.24572889180567
7.300000000000001,90.58865756895557,135.88298635343335,67.94149317671668,22.647164392238892,-45.294328784477784,4.529432878447778,181.17731513791114,-22.647164392238892,113.23582196119446,33.97074658835834,56.61791098059723,-90.58865756895557,11.323582196119446,45.294328784477784
7.4,90.68815134491291,136.03222701736937,68.01611350868468,22.672037836228228,-45.344075672456455,4.534407567245646,181.37630268982582,-22.672037836228228,113.36018918114114,34.00805675434234,56.68009459057057,-90.68815134491291,11.336018918114114,45.344075672456455
7.5,90.78994809666904,136.18492214500355,68.09246107250178,22.69748702416726,-45.39497404833452,4.539497404833452,181.57989619333807,-22.69748702416726,113.4874351208363,34.04623053625089,56.74371756041815,-90.78994809666904,11.34874351208363,45.39497404833452
7.6000000000000005,90.8940651755446,136.3410977633169,68.17054888165845,22.72351629388615,-45.4470325877723,4.54470325877723,181.7881303510892,-22.72351629388615,113.61758146943075,34.085274440829224,56.80879073471537,-90.8940651755446,11.361758146943075,45.4470325877723
7.7,91.00048735041376,136.50073102562064,68.25036551281032,22.75012183760344,-45.50024367520688,4.550024367520688,182.00097470082753,-22.75012183760344,113.75060918801721,34.12518275640516,56.875304594008604,-91.00048735041376,11.37506091880172,45.50024367520688
7.800000000000001,91.10917728124286,136.6637659218643,68.33188296093215,22.777294320310716,-45.55458864062143,4.555458864062143,182.21835456248573,-22.777294320310716,113.88647160155358,34.165941480466074,56.94323580077679,-91.10917728124286,11.388647160155358,45.55458864062143
7.9,91.22010633660902,136.83015950491352,68.41507975245676,22.805026584152255,-45.61005316830451,4.561005316830451,182.44021267321804,-22.805026584152255,114.02513292076128,34.20753987622838,57.01256646038064,-91.22010633660902,11.402513292076128,45.61005316830451
8.0,91.33319762002004,136.99979643003007,68.49989821501504,22.83329940500501,-45.66659881001002,4.566659881001002,182.6663952400401,-22.83329940500501,114.16649702502505,34.24994910750752,57.083248512512526,-91.33319762002004,11.416649702502506,45.66659881001002
8.1,91.44832751893621,137.17249127840432,68.58624563920216,22.862081879734053,-45.724163759468105,4.572416375946811,182.89665503787242,-22.862081879734053,114.31040939867026,34.29312281960108,57.15520469933513,-91.44832751893621,11.431040939867026,45.724163759468105
8.200000000000001,91.5653561235856,137.3480341853784,68.6740170926892,22.8913390308964,-45.7826780617928,4.57826780617928,183.1307122471712,-22.8913390308964,114.456695154482,34.3370085463446,57.228347577241,-91.5653561235856,11.4456695154482,45.7826780617928
8.3,91.68407066273998,137.52610599410997,68.76305299705498,22.921017665684996,-45.84203533136999,4.584203533136999,183.36814132547997,-22.921017665684996,114.60508832842498,34.38152649852749,57.30254416421249,-91.68407066273998,11.460508832842498,45.84203533136999
8.4,91.80425353142579,137.70638029713868,68.85319014856934,22.951063382856447,-45.90212676571289,4.59021267657129,183.60850706285157,-22.951063382856447,114.75531691428223,34.42659507428467,57.377658457141116,-91.80425353142579,11.475531691428223,45.90212676571289
8.5,91.92567289489975,137.8885093423496,68.9442546711748,22.981418223724937,-45.962836447449874,4.596283644744988,183.8513457897995,-22.981418223724937,114.90709111862469,34.4721273355874,57.453545559312346,-91.92567289489975,11.490709111862468,45.962836447449874
8.6,92.04811248172425,138.07216872258635,69.03608436129318,23.01202812043106,-46.02405624086212,4.602405624086212,184.0962249634485,-23.01202812043106,115.06014060215531,34.51804218064659,57.53007030107766,-92.04811248172425,11.50601406021553,46.02405624086212
8.700000000000001,92.17133516978444,138.25700275467665,69.12850137733832,23.04283379244611,-46.08566758489222,4.608566758489222,184.34267033956888,-23.04283379244611,115.21416896223056,34.56425068866916,57.60708448111528,-92.17133516978444,11.521416896223055,46.08566758489222
8.8,92.29507700844766,138.4426155126715,69.22130775633575,23.073769252111916,-46.14753850422383,4.6147538504223835,184.59015401689533,-23.073769252111916,115.36884626055958,34.610653878167874,57.68442313027979,-92.29507700844766,11.536884626055958,46.14753850422383
8.9,92.41908176799693,138.62862265199539,69.31431132599769,23.104770441999232,-46.209540883998464,4.620954088399847,184.83816353599386,-23.104770441999232,115.52385220999616,34.657155662998846,57.76192610499808,-92.41908176799693,11.552385220999616,46.209540883998464
9.0,92.54318615353861,138.81477923030792,69.40738961515396,23.135796538384653,-46.27159307676931,4.627159307676931,185.08637230707723,-23.135796538384653,115.67898269192327,34.70369480757698,57.83949134596163,-92.54318615353861,11.567898269192327,46.27159307676931
9.1,92.66730220414536,139.00095330621804,69.50047665310902,23.16682555103634,-46.33365110207268,4.633365110207268,185.33460440829072,-23.16682555103634,115.8341277551817,34.75023832655451,57.91706387759085,-92.66730220414536,11.58341277551817,46.33365110207268
9.200000000000001,92.79139042455938,139.18708563683907,69.59354281841954,23.197847606139845,-46.39569521227969,4.639569521227969,185.58278084911876,-23.197847606139845,115.98923803069923,34.79677140920977,57.99461901534961,-92.79139042455938,11.598923803069923,46.39569521227969
9.3,92.9154017289079,139.37310259336184,69.68655129668092,23.228850432226974,-46.45770086445395,4.645770086445395,185.8308034578158,-23.228850432226974,116.14425216113487,34.84327564834046,58.072126080567436,-92.9154017289079,11.614425216113487,46.45770086445395
9.4,93.03927391607266,139.558910874109,69.7794554370545,23.259818479018165,-46.51963695803633,4.651963695803633,186.07854783214532,-23.259818479018165,116.29909239509082,34.88972771852725,58.14954619754541,-93.03927391607266,11.629909239509082,46.51963695803633
9.5,93.16298554790365,139.74447832185547,69.87223916092773,23.29074638697591,-46.58149277395182,4.658149277395182,186.3259710958073,-23.29074638697591,116.45373193487956,34.93611958046387,58.22686596743978,-93.16298554790365,11.645373193487956,46.58149277395182
9.600000000000001,93.28654385409558,139.92981578114336,69.96490789057168,23.321635963523896,-46.64327192704779,4.664327192704779,186.57308770819117,-23.321635963523896,116.60817981761949,34.98245394528584,58.30408990880974,-93.28654385409558,11.660817981761948,46.64327192704779
9.700000000000001,93.40991044958392,140.1148656743759,70.05743283718795,23.35247761239598,-46.70495522479196,4.670495522479196,186.81982089916784,-23.35247761239598,116.76238806197989,35.02871641859397,58.381194030989946,-93.40991044958392,11.67623880619799,46.70495522479196
9.8,93.53302820996753,140.29954231495128,70.14977115747564,23.38325705249188,-46.76651410498376,4.676651410498376,187.06605641993505,-23.38325705249188,116.91628526245941,35.07488557873782,58.458142631229705,-93.53302820996753,11.69162852624594,46.76651410498376
9.9,93.65578552383413,140.48367828575118,70.24183914287559,23.41394638095853,-46.82789276191706,4.6827892761917065,187.31157104766825,-23.41394638095853,117.06973190479266,35.120919571437796,58.53486595239633,-93.65578552383413,11.706973190479266,46.82789276191706
10.0,93.77808818804449,140.66713228206675,70.33356614103337,23.444522047011123,-46.889044094022246,4.688904409402225,187.55617637608898,-23.444522047011123,117.22261023505561,35.166783070516686,58.611305117527806,-93.77808818804449,11.722261023505562,46.889044094022246
10.100000000000001,93.89979752675966,140.8496962901395,70.42484814506975,23.474949381689914,-46.94989876337983,4.694989876337983,187.7995950535193,-23.474949381689914,117.37474690844957,35.21242407253487,58.68737345422478,-93.89979752675966,11.737474690844957,46.94989876337983
10.200000000000001,94.02069916526267,141.031048747894,70.515524373947,23.505174791315667,-47.010349582631335,4.701034958263134,188.04139833052534,-23.505174791315667,117.52587395657834,35.2577621869735,58.76293697828917,-94.02069916526267,11.752587395657834,47.010349582631335
10.3,94.14067049641572,141.21100574462358,70.60550287231179,23.53516762410393,-47.07033524820786,4.707033524820786,188.28134099283145,-23.53516762410393,117.67583812051966,35.302751436155894,58.83791906025983,-94.14067049641572,11.767583812051965,47.07033524820786
10.4,94.25966722481826,141.3895008372274,70.6947504186137,23.564916806204565,-47.12983361240913,4.712983361240913,188.51933444963652,-23.564916806204565,117.82458403102282,35.34737520930685,58.91229201551141,-94.25966722481826,11.782458403102282,47.12983361240913
10.5,94.37770125671395,141.5665518850709,70.78327594253545,23.594425314178487,-47.188850628356974,4.718885062835698,188.7554025134279,-23.594425314178487,117.97212657089244,35.39163797126773,58.98606328544622,-94.37770125671395,11.797212657089243,47.188850628356974
10.600000000000001,94.49482127017966,141.74223190526948,70.87111595263474,23.623705317544914,-47.24741063508983,4.724741063508983,188.9896425403593,-23.623705317544914,118.11852658772457,35.43555797631737,59.05926329386229,-94.49482127017966,11.811852658772457,47.24741063508983
10.700000000000001,94.61107094407554,141.9166064161133,70.95830320805665,23.652767736018884,-47.30553547203777,4.730553547203777,189.22214188815107,-23.652767736018884,118.26383868009442,35.479151604028324,59.13191934004721,-94.61107094407554,11.826383868009442,47.30553547203777
10.8,94.72649156545434,142.0897373481815,71.04486867409075,23.681622891363585,-47.36324578272717,4.7363245782727175,189.45298313090868,-23.681622891363585,118.40811445681793,35.522434337045375,59.20405722840896,-94.72649156545434,11.840811445681792,47.36324578272717
10.9,94.8411234278797,142.26168514181956,71.13084257090978,23.710280856969923,-47.42056171393985,4.742056171393985,189.6822468557594,-23.710280856969923,118.55140428484961,35.56542128545489,59.275702142424805,-94.8411234278797,11.855140428484962,47.42056171393985
11.0,94.9550252591375,142.43253788870624,71.21626894435312,23.738756314784375,-47.47751262956875,4.747751262956875,189.910050518275,-23.738756314784375,118.69378157392188,35.60813447217656,59.34689078696094,-94.9550252591375,11.869378157392187,47.47751262956875
11.100000000000001,95.06832055605695,142.6024808340854,71.3012404170427,23.767080139014237,-47.53416027802847,4.753416027802848,190.1366411121139,-23.767080139014237,118.83540069507119,35.65062020852135,59.41770034753559,-95.06832055605695,11.883540069507118,47.53416027802847
11.200000000000001,95.18114255346747,142.7717138302012,71.3858569151006,23.795285638366867,-47.59057127673373,4.7590571276733735,190.36228510693493,-23.795285638366867,118.97642819183433,35.6929284575503,59.488214095917165,-95.18114255346747,11.897642819183433,47.59057127673373
11.3,95.29354566906714,142.9403185036007,71.47015925180035,23.823386417266786,-47.64677283453357,4.7646772834533575,190.5870913381343,-23.823386417266786,119.11693208633393,35.73507962590018,59.558466043166966,-95.29354566906714,11.911693208633393,47.64677283453357
11.4,95.40558783793078,143.10838175689616,71.55419087844808,23.851396959482695,-47.70279391896539,4.77027939189654,190.81117567586156,-23.851396959482695,119.25698479741348,35.77709543922404,59.62849239870674,-95.40558783793078,11.925698479741348,47.70279391896539
11.5,95.51731247917193,143.2759687187579,71.63798435937895,23.879328119792984,-47.75865623958597,4.775865623958597,191.03462495834387,-23.879328119792984,119.39664059896492,35.818992179689474,59.69832029948246,-95.51731247917193,11.939664059896492,47.75865623958597
11.600000000000001,95.6287106439014,143.4430659658521,71.72153298292605,23.90717766097535,-47.8143553219507,4.78143553219507,191.2574212878028,-23.90717766097535,119.53588830487675,35.860766491463025,59.767944152438375,-95.6287106439014,11.953588830487675,47.8143553219507
11.700000000000001,95.7397560730856,143.60963410962842,71.80481705481421,23.9349390182714,-47.8698780365428,4.78698780365428,191.4795121461712,-23.9349390182714,119.674695091357,35.902408527407104,59.8373475456785,-95.7397560730856,11.9674695091357,47.8698780365428
11.8,95.85038272663871,143.77557408995807,71.88778704497904,23.96259568165968,-47.92519136331936,4.7925191363319355,191.70076545327743,-23.96259568165968,119.81297840829839,35.94389352248952,59.906489204149196,-95.85038272663871,11.98129784082984,47.92519136331936
11.9,95.96052798753249,143.94079198129873,71.97039599064937,23.99013199688312,-47.98026399376624,4.798026399376624,191.92105597506497,-23.99013199688312,119.95065998441561,35.98519799532468,59.975329992207804,-95.96052798753249,11.99506599844156,47.98026399376624
12.0,96.0701922556087,144.10528838341304,72.05264419170652,24.017548063902176,-48.03509612780435,4.803509612780435,192.1403845112174,-24.017548063902176,120.08774031951089,36.02632209585326,60.04387015975544,-96.0701922556087,12.008774031951088,48.03509612780435
12.100000000000001,96.17941109154413,144.2691166373162,72.1345583186581,24.04485277288603,-48.08970554577206,4.808970554577207,192.35882218308825,-24.04485277288603,120.22426386443016,36.06727915932905,60.11213193221508,-96.17941109154413,12.022426386443016,48.08970554577206
12.200000000000001,96.2882655417279,144.43239831259183,72.21619915629591,24.072066385431974,-48.14413277086395,4.814413277086395,192.5765310834558,-24.072066385431974,120.36033192715988,36.10809957814796,60.18016596357994,-96.2882655417279,12.036033192715987,48.14413277086395
12.3,96.39690145332997,144.59535217999496,72.29767608999748,24.099225363332494,-48.19845072666499,4.819845072666499,192.79380290665995,-24.099225363332494,120.49612681666247,36.14883804499874,60.248063408331234,-96.39690145332997,12.049612681666247,48.19845072666499
12.4,96.50542358465137,144.75813537697707,72.37906768848853,24.126355896162842,-48.252711792325684,4.825271179232569,193.01084716930274,-24.126355896162842,120.6317794808142,36.189533844244266,60.3158897404071,-96.50542358465137,12.063177948081421,48.252711792325684
12.5,96.61387849229982,144.92081773844973,72.46040886922486,24.153469623074955,-48.30693924614991,4.830693924614991,193.22775698459964,-24.153469623074955,120.76734811537477,36.23020443461243,60.38367405768739,-96.61387849229982,12.076734811537477,48.30693924614991
12.600000000000001,96.72223470190599,145.08335205285897,72.54167602642949,24.180558675476497,-48.361117350952995,4.8361117350953,193.44446940381198,-24.180558675476497,120.9027933773825,36.27083801321474,60.45139668869125,-96.72223470190599,12.090279337738249,48.361117350952995
12.700000000000001,96.83036262668901,145.2455439400335,72.62277197001676,24.207590656672252,-48.415181313344505,4.841518131334451,193.66072525337802,-24.207590656672252,121.03795328336126,36.31138598500838,60.51897664168063,-96.83036262668901,12.103795328336126,48.415181313344505
12.8,96.9382251573575,145.40733773603625,72.70366886801813,24.234556289339373,-48.46911257867875,4.846911257867875,193.876450314715,-24.234556289339373,121.17278144669686,36.351834434009064,60.58639072334843,-96.9382251573575,12.117278144669687,48.46911257867875
12.9,97.04582503798832,145.56873755698248,72.78436877849124,24.26145625949708,-48.52291251899416,4.852291251899416,194.09165007597664,-24.26145625949708,121.3072812974854,36.39218438924562,60.6536406487427,-97.04582503798832,12.13072812974854,48.52291251899416
13.0,97.15316311016566,145.7297446652485,72.86487233262424,24.288290777541416,-48.57658155508283,4.857658155508283,194.30632622033133,-24.288290777541416,121.44145388770708,36.43243616631212,60.72072694385354,-97.15316311016566,12.144145388770708,48.57658155508283
13.100000000000001,97.26023079406248,145.89034619109373,72.94517309554686,24.31505769851562,-48.63011539703124,4.863011539703124,194.52046158812496,-24.31505769851562,121.5752884925781,36.47258654777343,60.78764424628905,-97.26023079406248,12.15752884925781,48.63011539703124
13.200000000000001,97.36703511686875,146.05055267530312,73.02527633765156,24.341758779217187,-48.683517558434374,4.868351755843438,194.7340702337375,-24.341758779217187,121.70879389608594,36.51263816882578,60.85439694804297,-97.36703511686875,12.170879389608594,48.683517558434374
13.3,97.47352772265076,146.21029158397613,73.10514579198806,24.36838193066269,-48.73676386132538,4.873676386132538,194.94705544530152,-24.36838193066269,121.84190965331345,36.55257289599403,60.920954826656725,-97.47352772265076,12.184190965331345,48.73676386132538
13.4,97.579610511287,146.3694157669305,73.18470788346525,24.39490262782175,-48.7898052556435,4.878980525564351,195.159221022574,-24.39490262782175,121.97451313910875,36.592353941732625,60.987256569554376,-97.579610511287,12.197451313910875,48.7898052556435
13.5,97.68521101779837,146.52781652669756,73.26390826334878,24.42130275444959,-48.84260550889918,4.884260550889919,195.37042203559673,-24.42130275444959,122.10651377224795,36.63195413167439,61.053256886123975,-97.68521101779837,12.210651377224796,48.84260550889918
13.600000000000001,97.79032549502085,146.68548824253128,73.34274412126564,24.447581373755213,-48.895162747510426,4.889516274751043,195.5806509900417,-24.447581373755213,122.23790686877607,36.67137206063282,61.11895343438803,-97.79032549502085,12.223790686877607,48.895162747510426
13.700000000000001,97.89488073100081,146.84232109650122,73.42116054825061,24.473720182750203,-48.947440365500405,4.8947440365500405,195.78976146200162,-24.473720182750203,122.36860091375101,36.710580274125306,61.184300456875505,-97.89488073100081,12.236860091375101,48.947440365500405
13.8,97.99877979457396,146.99816969186094,73.49908484593047,24.49969494864349,-48.99938989728698,4.899938989728699,195.99755958914793,-24.49969494864349,122.49847474321746,36.749542422965234,61.24923737160873,-97.99877979457396,12.249847474321745,48.99938989728698
13.9,98.1019878104024,147.1529817156036,73.5764908578018,24.5254969526006,-49.0509939052012,4.905099390520121,196.2039756208048,-24.5254969526006,122.62748476300301,36.7882454289009,61.313742381501505,-98.1019878104024,12.2627484763003,49.0509939052012
14.0,98.20442402957383,147.30663604436074,73.65331802218037,24.551106007393457,-49.102212014786915,4.9102212014786915,196.40884805914766,-24.551106007393457,122.75553003696729,36.826659011090186,61.37776501848364,-98.20442402957383,12.275553003696729,49.102212014786915
14.100000000000001,98.30593569291601,147.458903539374,73.729451769687,24.576483923229002,-49.152967846458004,4.9152967846458,196.61187138583202,-24.576483923229002,122.88241961614501,36.8647258848435,61.44120980807251,-98.30593569291601,12.288241961614501,49.152967846458004
14.200000000000001,98.40636249320339,147.60954373980508,73.80477186990254,24.601590623300847,-49.203181246601694,4.92031812466017,196.81272498640678,-24.601590623300847,123.00795311650424,36.90238593495127,61.50397655825212,-98.40636249320339,12.300795311650424,49.203181246601694
14.3,98.50551651768743,147.75827477653115,73.87913738826558,24.626379129421856,-49.25275825884371,4.925275825884372,197.01103303537485,-24.626379129421856,123.13189564710927,36.93956869413279,61.56594782355464,-98.50551651768743,12.313189564710928,49.25275825884371
14.4,98.60319837953607,147.9047975693041,73.95239878465205,24.650799594884017,-49.301599189768034,4.930159918976804,197.20639675907213,-24.650799594884017,123.25399797442009,36.97619939232602,61.626998987210044,-98.60319837953607,12.325399797442008,49.301599189768034
14.5,98.69919401247299,148.0487910187095,74.02439550935475,24.674798503118247,-49.34959700623649,4.93495970062365,197.39838802494597,-24.674798503118247,123.37399251559123,37.01219775467737,61.68699625779561,-98.69919401247299,12.337399251559123,49.34959700623649
14.600000000000001,98.7933367198168,148.1900050797252,74.0950025398626,24.6983341799542,-49.3966683599084,4.939666835990841,197.5866734396336,-24.6983341799542,123.49167089977101,37.0475012699313,61.745835449885504,-98.7933367198168,12.3491670899771,49.3966683599084
14.700000000000001,98.88548153140036,148.32822229710052,74.16411114855026,24.72137038285009,-49.44274076570018,4.944274076570018,197.77096306280072,-24.72137038285009,123.60685191425046,37.08205557427513,61.80342595712523,-98.88548153140036,12.360685191425045,49.44274076570018
14.8,98.97552286172419,148.46328429258628,74.23164214629314,24.743880715431047,-49.48776143086209,4.94877614308621,197.95104572344837,-24.743880715431047,123.71940357715523,37.11582107314657,61.85970178857762,-98.97552286172419,12.371940357715523,49.48776143086209
14.9,99.0633369827072,148.5950054740608,74.2975027370304,24.7658342456768,-49.5316684913536,4.953166849135361,198.1266739654144,-24.7658342456768,123.829171228384,37.1487513685152,61.914585614192,-99.0633369827072,12.3829171228384,49.5316684913536
15.0,99.1487205839856,148.72308087597838,74.36154043798919,24.7871801459964,-49.5743602919928,4.95743602919928,198.2974411679712,-24.7871801459964,123.935900729982,37.180770218994596,61.967950364991,-99.1487205839856,12.3935900729982,49.5743602919928
15.100000000000001,99.2315028614937,148.84725429224054,74.42362714612027,24.807875715373424,-49.61575143074685,4.961575143074685,198.4630057229874,-24.807875715373424,124.03937857686712,37.211813573060134,62.01968928843356,-99.2315028614937,12.403937857686712,49.61575143074685
15.200000000000001,99.3116042074264,148.9674063111396,74.4837031555698,24.8279010518566,-49.6558021037132,4.9655802103713205,198.6232084148528,-24.8279010518566,124.139505259283,37.2418515777849,62.0697526296415,-99.3116042074264,12.4139505259283,49.6558021037132
15.3,99.38900353392448,149.0835053008867,74.54175265044336,24.84725088348112,-49.69450176696224,4.969450176696224,198.77800706784896,-24.84725088348112,124.2362544174056,37.27087632522168,62.1181272087028,-99.38900353392448,12.42362544174056,49.69450176696224
15.4,99.46362963855124,149.19544445782685,74.59772222891343,24.86590740963781,-49.73181481927562,4.973181481927562,198.92725927710248,-24.86590740963781,124.32953704818905,37.29886111445671,62.16476852409453,-99.46362963855124,12.432953704818905,49.73181481927562
15.5,99.53533650433809,149.30300475650714,74.65150237825357,24.883834126084523,-49.767668252169045,4.976766825216905,199.07067300867618,-24.883834126084523,124.41917063042261,37.325751189126784,62.20958531521131,-99.53533650433809,12.441917063042261,49.767668252169045
15.600000000000001,99.60401012588741,149.40601518883113,74.70300759441557,24.901002531471853,-49.80200506294371,4.980200506294371,199.20802025177483,-24.901002531471853,124.50501265735926,37.35150379720778,62.25250632867963,-99.60401012588741,12.450501265735927,49.80200506294371
15.700000000000001,99.66957920781722,149.50436881172584,74.75218440586292,24.917394801954305,-49.83478960390861,4.983478960390862,199.33915841563444,-24.917394801954305,124.58697400977152,37.37609220293146,62.29348700488576,-99.66957920781722,12.458697400977153,49.83478960390861
15.8,99.73202443067903,149.59803664601856,74.79901832300928,24.933006107669758,-49.866012215339516,4.986601221533952,199.46404886135807,-24.933006107669758,124.66503053834879,37.39950916150464,62.332515269174394,-99.73202443067903,12.466503053834879,49.866012215339516
15.9,99.7913571874007,149.68703578110106,74.84351789055053,24.947839296850177,-49.89567859370035,4.989567859370036,199.5827143748014,-24.947839296850177,124.73919648425088,37.421758945275265,62.36959824212544,-99.7913571874007,12.473919648425088,49.89567859370035
16.0,99.84764104829705,149.77146157244556,74.88573078622278,24.961910262074262,-49.923820524148525,4.992382052414853,199.6952820965941,-24.961910262074262,124.80955131037132,37.44286539311139,62.40477565518566,-99.84764104829705,12.480955131037131,49.923820524148525
16.1,99.90087663572983,149.85131495359474,74.92565747679737,24.975219158932457,-49.950438317864915,4.995043831786492,199.80175327145966,-24.975219158932457,124.87609579466229,37.462828738398684,62.438047897331145,-99.90087663572983,12.487609579466229,49.950438317864915
16.2,99.95110190952853,149.9266528642928,74.9633264321464,24.987775477382133,-49.975550954764266,4.997555095476427,199.90220381905706,-24.987775477382133,124.93887738691066,37.4816632160732,62.46943869345533,-99.95110190952853,12.493887738691067,49.975550954764266
16.3,99.99841907789548,149.9976286168432,74.9988143084216,24.99960476947387,-49.99920953894774,4.999920953894774,199.99683815579095,-24.99960476947387,124.99802384736935,37.4994071542108,62.49901192368468,-99.99841907789548,12.499802384736935,49.99920953894774
16.400000000000002,100.04298057455982,150.06447086183974,75.03223543091987,25.010745143639955,-50.02149028727991,5.002149028727992,200.08596114911964,-25.010745143639955,125.05372571819977,37.516117715459934,62.526862859099886,-100.04298057455982,12.505372571819978,50.02149028727991
16.5,100.08492988070766,150.1273948210615,75.06369741053075,25.021232470176916,-50.04246494035383,5.0042464940353835,200.16985976141532,-25.021232470176916,125.10616235088457,37.531848705265375,62.55308117544229,-100.08492988070766,12.510616235088458,50.04246494035383
16.6,100.12432122046273,150.1864818306941,75.09324091534705,25.031080305115683,-50.062160610231366,5.006216061023137,200.24864244092547,-25.031080305115683,125.15540152557841,37.54662045767353,62.577700762789206,-100.12432122046273,12.515540152557842,50.062160610231366
16.7,100.16111694190603,150.24167541285905,75.12083770642953,25.040279235476508,-50.080558470953015,5.008055847095302,200.32223388381206,-25.040279235476508,125.20139617738253,37.56041885321476,62.60069808869127,-100.16111694190603,12.520139617738254,50.080558470953015
16.8,100.19520373440824,150.29280560161237,75.14640280080619,25.04880093360206,-50.09760186720412,5.0097601867204125,200.39040746881648,-25.04880093360206,125.24400466801029,37.57320140040309,62.622002334005145,-100.19520373440824,12.52440046680103,50.09760186720412
16.900000000000002,100.22637601530398,150.33956402295598,75.16978201147799,25.056594003825996,-50.11318800765199,5.011318800765199,200.45275203060797,-25.056594003825996,125.28297001912998,37.584891005738996,62.64148500956499,-100.22637601530398,12.528297001912998,50.11318800765199
17.0,100.25442674560509,150.38164011840763,75.19082005920382,25.063606686401272,-50.127213372802544,5.012721337280254,200.50885349121017,-25.063606686401272,125.31803343200636,37.59541002960191,62.65901671600318,-100.25442674560509,12.531803343200636,50.127213372802544
17.1,100.27920999187256,150.41881498780884,75.20940749390442,25.06980249796814,-50.13960499593628,5.013960499593629,200.55841998374513,-25.06980249796814,125.3490124898407,37.60470374695221,62.67450624492035,-100.27920999187256,12.53490124898407,50.13960499593628
17.2,100.30055944438884,150.45083916658325,75.22541958329163,25.07513986109721,-50.15027972219442,5.015027972219443,200.60111888877768,-25.07513986109721,125.37569930548605,37.61270979164581,62.687849652743026,-100.30055944438884,12.537569930548605,50.15027972219442
17.3,100.31829428245848,150.4774414236877,75.23872071184385,25.07957357061462,-50.15914714122924,5.015914714122925,200.63658856491696,-25.07957357061462,125.39786785307311,37.61936035592193,62.698933926536554,-100.31829428245848,12.53978678530731,50.15914714122924
17.400000000000002,100.33231819695924,150.49847729543885,75.24923864771942,25.08307954923981,-50.16615909847962,5.016615909847962,200.66463639391847,-25.08307954923981,125.41539774619905,37.62461932385971,62.707698873099524,-100.33231819695924,12.541539774619904,50.16615909847962
17.5,100.34261296708956,150.51391945063435,75.25695972531717,25.08565324177239,-50.17130648354478,5.017130648354478,200.68522593417913,-25.08565324177239,125.42826620886196,37.62847986265859,62.71413310443098,-100.34261296708956,12.542826620886196,50.17130648354478
17.6,100.34922760518722,150.52384140778082,75.26192070389041,25.087306901296806,-50.17461380259361,5.017461380259362,200.69845521037445,-25.087306901296806,125.43653450648404,37.630960351945205,62.71826725324202,-100.34922760518722,12.543653450648403,50.17461380259361
17.7,100.35222837236105,150.52834255854157,75.26417127927078,25.088057093090264,-50.17611418618053,5.017611418618053,200.7044567447221,-25.088057093090264,125.44028546545132,37.63208563963539,62.72014273272566,-100.35222837236105,12.544028546545132,50.17611418618053
17.8,100.35163845875879,150.52745768813818,75.26372884406909,25.087909614689696,-50.17581922937939,5.017581922937939,200.70327691751757,-25.087909614689696,125.43954807344848,37.631864422034546,62.71977403672424,-100.35163845875879,12.543954807344848,50.17581922937939
17.900000000000002,100.34741455325467,150.521121829882,75.260560914941,25.086853638313666,-50.17370727662733,5.017370727662733,200.69482910650933,-25.086853638313666,125.43426819156834,37.6302804574705,62.71713409578417,-100.34741455325467,12.543426819156833,50.17370727662733
18.0,100.33959736688706,150.5093960503306,75.2546980251653,25.084899341721766,-50.16979868344353,5.016979868344354,200.67919473377412,-25.084899341721766,125.42449670860883,37.62734901258265,62.712248354304414,-100.33959736688706,12.542449670860883,50.16979868344353
18.1,100.32829581225437,150.49244371838154,75.24622185919077,25.082073953063592,-50.164147906127184,5.0164147906127186,200.65659162450874,-25.082073953063592,125.41036976531797,37.623110929595384,62.70518488265898,-100.32829581225437,12.541036976531796,50.164147906127184
18.2,100.31364990265689,150.47047485398534,75.23523742699267,25.078412475664223,-50.156824951328446,5.015682495132845,200.62729980531378,-25.078412475664223,125.39206237832111,37.617618713496334,62.69603118916056,-100.31364990265689,12.539206237832111,50.156824951328446
18.3,100.29578572694898,150.44367859042347,75.22183929521174,25.073946431737244,-50.14789286347449,5.014789286347449,200.59157145389796,-25.073946431737244,125.36973215868622,37.61091964760587,62.68486607934311,-100.29578572694898,12.536973215868622,50.14789286347449
18.400000000000002,100.27489398638932,150.41234097958397,75.20617048979199,25.06872349659733,-50.13744699319466,5.013744699319466,200.54978797277863,-25.06872349659733,125.34361748298664,37.60308524489599,62.67180874149332,-100.27489398638932,12.534361748298664,50.13744699319466
18.5,100.2511599058482,150.37673985877228,75.18836992938614,25.06278997646205,-50.1255799529241,5.01255799529241,200.5023198116964,-25.06278997646205,125.31394988231025,37.59418496469307,62.65697494115513,-100.2511599058482,12.531394988231025,50.1255799529241
18.6,100.22474245833678,150.33711368750517,75.16855684375258,25.056185614584194,-50.11237122916839,5.011237122916839,200.44948491667355,-25.056185614584194,125.28092807292097,37.58427842187629,62.640464036460486,-100.22474245833678,12.528092807292097,50.11237122916839
18.7,100.19573741861171,150.29360612791757,75.14680306395879,25.04893435465293,-50.09786870930586,5.009786870930586,200.39147483722343,-25.04893435465293,125.24467177326464,37.57340153197939,62.62233588663232,-100.19573741861171,12.524467177326464,50.09786870930586
18.8,100.16418637427243,150.24627956140864,75.12313978070432,25.041046593568108,-50.082093187136216,5.008209318713622,200.32837274854487,-25.041046593568108,125.20523296784054,37.56156989035216,62.60261648392027,-100.16418637427243,12.520523296784054,50.082093187136216
18.900000000000002,100.13014681893333,150.1952202284,75.0976101142,25.03253670473333,-50.06507340946666,5.0065073409466665,200.26029363786665,-25.03253670473333,125.16268352366666,37.5488050571,62.58134176183333,-100.13014681893333,12.516268352366666,50.06507340946666
19.0,100.09366591637452,150.14049887456179,75.07024943728089,25.02341647909363,-50.04683295818726,5.004683295818726,200.18733183274904,-25.02341647909363,125.11708239546815,37.535124718640446,62.55854119773407,-100.09366591637452,12.511708239546815,50.04683295818726
19.1,100.05485208115626,150.0822781217344,75.0411390608672,25.013713020289064,-50.02742604057813,5.002742604057813,200.1097041623125,-25.013713020289064,125.06856510144532,37.5205695304336,62.53428255072266,-100.05485208115626,12.506856510144532,50.02742604057813
19.200000000000003,100.01384324534231,150.0207648680135,75.01038243400674,25.00346081133558,-50.00692162267116,5.000692162267116,200.02768649068463,-25.00346081133558,125.01730405667789,37.50519121700337,62.50865202833894,-100.01384324534231,12.50173040566779,50.00692162267116
19.3,99.97080126420465,149.956201896307,74.9781009481535,24.992700316051163,-49.985400632102326,4.998540063210233,199.9416025284093,-24.992700316051163,124.96350158025581,37.48905047407675,62.481750790127904,-99.97080126420465,12.496350158025582,49.985400632102326
19.400000000000002,99.92591672333943,149.88887508500915,74.94443754250457,24.981479180834857,-49.96295836166971,4.996295836166972,199.85183344667885,-24.981479180834857,124.90739590417428,37.47221877125229,62.45369795208714,-99.92591672333943,12.490739590417428,49.96295836166971
19.5,99.87938851636008,149.8190827745401,74.90954138727005,24.96984712909002,-49.93969425818004,4.993969425818005,199.75877703272016,-24.96984712909002,124.84923564545011,37.45477069363503,62.424617822725054,-99.87938851636008,12.48492356454501,49.93969425818004
19.6,99.8314174297658,149.74712614464872,74.87356307232436,24.95785435744145,-49.9157087148829,4.991570871488291,199.6628348595316,-24.95785435744145,124.78927178720726,37.43678153616218,62.39463589360363,-99.8314174297658,12.478927178720726,49.9157087148829
19.700000000000003,99.78222120805498,149.67333181208247,74.83666590604123,24.945555302013744,-49.89111060402749,4.989111060402749,199.56444241610996,-24.945555302013744,124.72777651006872,37.41833295302062,62.36388825503436,-99.78222120805498,12.472777651006872,49.89111060402749
19.8,99.73199760974684,149.59799641462027,74.79899820731013,24.93299940243671,-49.86599880487342,4.986599880487343,199.46399521949368,-24.93299940243671,124.66499701218355,37.39949910365507,62.332498506091774,-99.73199760974684,12.466499701218355,49.86599880487342
19.900000000000002,99.68090824030921,149.5213623604638,74.7606811802319,24.920227060077302,-49.840454120154604,4.984045412015461,199.36181648061842,-24.920227060077302,124.60113530038652,37.38034059011595,62.30056765019326,-99.68090824030921,12.460113530038651,49.840454120154604
20.0,99.62912505007407,149.44368757511108,74.72184378755554,24.907281262518516,-49.81456252503703,4.981456252503704,199.25825010014813,-24.907281262518516,124.53640631259259,37.36092189377777,62.268203156296295,-99.62912505007407,12.453640631259258,49.81456252503703
20.1,99.57683682539702,149.36525523809553,74.68262761904776,24.894209206349256,-49.78841841269851,4.978841841269851,199.15367365079405,-24.894209206349256,124.47104603174628,37.34131380952388,62.23552301587314,-99.57683682539702,12.447104603174628,49.78841841269851
20.200000000000003,99.52418592149061,149.28627888223593,74.64313944111797,24.881046480372653,-49.762092960745306,4.976209296074531,199.04837184298123,-24.881046480372653,124.40523240186326,37.32156972055898,62.20261620093163,-99.52418592149061,12.440523240186327,49.762092960745306
20.3,99.47132794082785,149.20699191124177,74.60349595562089,24.867831985206962,-49.735663970413924,4.973566397041393,198.9426558816557,-24.867831985206962,124.33915992603481,37.30174797781044,62.169579963017405,-99.47132794082785,12.433915992603481,49.735663970413924
20.400000000000002,99.41838123864389,149.12757185796585,74.56378592898292,24.854595309660972,-49.709190619321944,4.970919061932195,198.83676247728778,-24.854595309660972,124.27297654830485,37.28189296449146,62.13648827415243,-99.41838123864389,12.427297654830486,49.709190619321944
20.5,99.36547529437087,149.0482129415563,74.52410647077815,24.841368823592717,-49.682737647185434,4.9682737647185435,198.73095058874173,-24.841368823592717,124.20684411796358,37.262053235389075,62.10342205898179,-99.36547529437087,12.420684411796358,49.682737647185434
20.6,99.31275717619053,148.9691357642858,74.4845678821429,24.828189294047633,-49.656378588095265,4.965637858809527,198.62551435238106,-24.828189294047633,124.14094647023816,37.24228394107145,62.07047323511908,-99.31275717619053,12.414094647023816,49.656378588095265
20.700000000000003,99.26031936600138,148.89047904900207,74.44523952450103,24.815079841500346,-49.63015968300069,4.96301596830007,198.52063873200277,-24.815079841500346,124.07539920750173,37.22261976225052,62.037699603750866,-99.26031936600138,12.407539920750173,49.63015968300069
20.8,99.20820284427855,148.8123042664178,74.4061521332089,24.802050711069636,-49.60410142213927,4.960410142213927,198.4164056885571,-24.802050711069636,124.01025355534819,37.20307606660445,62.00512677767409,-99.20820284427855,12.401025355534818,49.60410142213927
20.900000000000002,99.15638200385162,148.73457300577743,74.36728650288872,24.789095500962905,-49.57819100192581,4.957819100192581,198.31276400770324,-24.789095500962905,123.94547750481452,37.18364325144436,61.97273875240726,-99.15638200385162,12.394547750481452,49.57819100192581
21.0,99.10486419358712,148.65729629038069,74.32864814519034,24.77621604839678,-49.55243209679356,4.955243209679356,198.20972838717424,-24.77621604839678,123.8810802419839,37.16432407259517,61.94054012099195,-99.10486419358712,12.38810802419839,49.55243209679356
21.1,99.05363684535456,148.58045526803184,74.29022763401592,24.76340921133864,-49.52681842267728,4.952681842267729,198.10727369070912,-24.76340921133864,123.8170460566932,37.14511381700796,61.9085230283466,-99.05363684535456,12.38170460566932,49.52681842267728
21.200000000000003,99.00269826926306,148.5040474038946,74.2520237019473,24.750674567315766,-49.50134913463153,4.950134913463153,198.00539653852613,-24.750674567315766,123.75337283657883,37.12601185097365,61.87668641828942,-99.00269826926306,12.375337283657883,49.50134913463153
21.3,98.95215606764276,148.42823410146414,74.21411705073207,24.73803901691069,-49.47607803382138,4.947607803382138,197.90431213528552,-24.73803901691069,123.69019508455345,37.107058525366035,61.845097542276726,-98.95215606764276,12.369019508455345,49.47607803382138
21.400000000000002,98.90214630674225,148.3532194601134,74.1766097300567,24.725536576685563,-49.45107315337113,4.945107315337113,197.8042926134845,-24.725536576685563,123.62768288342781,37.08830486502835,61.813841441713905,-98.90214630674225,12.362768288342782,49.45107315337113
21.5,98.8527124632114,148.2790686948171,74.13953434740856,24.71317811580285,-49.4263562316057,4.94263562316057,197.7054249264228,-24.71317811580285,123.56589057901425,37.06976717370428,61.782945289507126,-98.8527124632114,12.356589057901425,49.4263562316057
21.6,98.80387006527268,148.205805097909,74.1029025489545,24.70096751631817,-49.40193503263634,4.940193503263634,197.60774013054535,-24.70096751631817,123.50483758159085,37.05145127447725,61.752418790795424,-98.80387006527268,12.350483758159085,49.40193503263634
21.700000000000003,98.75562465314877,148.13343697972317,74.06671848986159,24.688906163287193,-49.377812326574386,4.937781232657439,197.51124930629754,-24.688906163287193,123.44453081643596,37.03335924493079,61.72226540821798,-98.75562465314877,12.344453081643596,49.377812326574386
21.8,98.70807455648436,148.06211183472655,74.03105591736328,24.67701863912109,-49.35403727824218,4.935403727824219,197.41614911296872,-24.67701863912109,123.38509319560545,37.01552795868164,61.692546597802725,-98.70807455648436,12.338509319560545,49.35403727824218
21.900000000000002,98.6613419039955,147.99201285599327,73.99600642799663,24.665335475998877,-49.33067095199775,4.9330670951997755,197.322683807991,-24.665335475998877,123.32667737999438,36.99800321399832,61.66333868999719,-98.6613419039955,12.332667737999438,49.33067095199775
22.0,98.6155090667074,147.9232636000611,73.96163180003055,24.65387726667685,-49.3077545333537,4.930775453335371,197.2310181334148,-24.65387726667685,123.26938633338426,36.98081590001527,61.63469316669213,-98.6155090667074,12.326938633338425,49.3077545333537
22.1,98.57065261882694,147.8559789282404,73.9279894641202,24.642663154706735,-49.28532630941347,4.928532630941348,197.14130523765388,-24.642663154706735,123.21331577353368,36.9639947320601,61.60665788676684,-98.57065261882694,12.321331577353368,49.28532630941347
22.200000000000003,98.52686505186831,147.79029757780248,73.89514878890124,24.63171626296708,-49.26343252593416,4.926343252593416,197.05373010373663,-24.63171626296708,123.15858131483539,36.94757439445062,61.579290657417694,-98.52686505186831,12.31585813148354,49.26343252593416
22.3,98.48419018816239,147.72628528224357,73.86314264112178,24.621047547040597,-49.24209509408119,4.9242095094081195,196.96838037632477,-24.621047547040597,123.10523773520299,36.93157132056089,61.552618867601495,-98.48419018816239,12.310523773520298,49.24209509408119
22.400000000000002,98.4426673472647,147.66400102089705,73.83200051044852,24.610666836816176,-49.22133367363235,4.9221333673632355,196.8853346945294,-24.610666836816176,123.05333418408088,36.91600025522426,61.52666709204044,-98.4426673472647,12.305333418408088,49.22133367363235
22.5,98.40232347895935,147.603485218439,73.8017426092195,24.600580869739836,-49.20116173947967,4.920116173947967,196.8046469579187,-24.600580869739836,123.00290434869919,36.90087130460975,61.501452174349595,-98.40232347895935,12.300290434869918,49.20116173947967
22.6,98.36319953709119,147.5447993056368,73.7723996528184,24.590799884272798,-49.181599768545595,4.91815997685456,196.72639907418238,-24.590799884272798,122.95399942136399,36.8861998264092,61.476999710681994,-98.36319953709119,12.295399942136399,49.181599768545595
22.700000000000003,98.32538856169742,147.48808284254613,73.74404142127307,24.581347140424356,-49.16269428084871,4.916269428084871,196.65077712339485,-24.581347140424356,122.90673570212178,36.872020710636534,61.45336785106089,-98.32538856169742,12.290673570212178,49.16269428084871
22.8,98.28904153023313,147.4335622953497,73.71678114767485,24.572260382558284,-49.14452076511657,4.914452076511657,196.57808306046627,-24.572260382558284,122.86130191279142,36.858390573837426,61.43065095639571,-98.28904153023313,12.286130191279142,49.14452076511657
22.900000000000002,98.25428737094315,147.38143105641473,73.69071552820736,24.563571842735787,-49.12714368547157,4.9127143685471575,196.5085747418863,-24.563571842735787,122.81785921367893,36.84535776410368,61.408929606839465,-98.25428737094315,12.281785921367893,49.12714368547157
23.0,98.2212316208726,147.33184743130892,73.66592371565446,24.55530790521815,-49.1106158104363,4.91106158104363,196.4424632417452,-24.55530790521815,122.77653952609074,36.83296185782723,61.38826976304537,-98.2212316208726,12.277653952609075,49.1106158104363
23.1,98.18995544570257,147.28493316855383,73.64246658427692,24.54748886142564,-49.09497772285128,4.909497772285128,196.37991089140513,-24.54748886142564,122.73744430712821,36.82123329213846,61.36872215356411,-98.18995544570257,12.27374443071282,49.09497772285128
23.200000000000003,98.16046364318379,147.24069546477568,73.62034773238784,24.540115910795947,-49.080231821591894,4.90802318215919,196.32092728636758,-24.540115910795947,122.70057955397974,36.81017386619392,61.35028977698987,-98.16046364318379,12.270057955397974,49.080231821591894
23.3,98.132729699162,147.199094548743,73.5995472743715,24.5331824247905,-49.066364849581,4.9066364849581,196.265459398324,-24.5331824247905,122.6659121239525,36.79977363718575,61.33295606197625,-98.132729699162,12.26659121239525,49.066364849581
23.400000000000002,98.10673679289151,147.16010518933726,73.58005259466863,24.526684198222878,-49.053368396445755,4.905336839644576,196.21347358578302,-24.526684198222878,122.63342099111439,36.790026297334315,61.316710495557196,-98.10673679289151,12.263342099111439,49.053368396445755
23.5,98.08247486242036,147.12371229363055,73.56185614681527,24.52061871560509,-49.04123743121018,4.904123743121018,196.1649497248407,-24.52061871560509,122.60309357802544,36.78092807340764,61.30154678901272,-98.08247486242036,12.260309357802544,49.04123743121018
23.6,98.05989568426165,147.08984352639249,73.54492176319624,24.514973921065412,-49.029947842130824,4.9029947842130825,196.1197913685233,-24.514973921065412,122.57486960532705,36.77246088159812,61.287434802663526,-98.05989568426165,12.257486960532706,49.029947842130824
23.700000000000003,98.0390123310328,147.0585184965492,73.5292592482746,24.5097530827582,-49.0195061655164,4.90195061655164,196.0780246620656,-24.5097530827582,122.54876541379099,36.7646296241373,61.274382706895494,-98.0390123310328,12.2548765413791,49.0195061655164
23.8,98.01980639125162,147.02970958687743,73.51485479343872,24.504951597812905,-49.00990319562581,4.900990319562581,196.03961278250324,-24.504951597812905,122.52475798906453,36.75742739671936,61.26237899453226,-98.01980639125162,12.252475798906453,49.00990319562581
23.900000000000002,98.00231550738897,147.00347326108346,73.50173663054173,24.500578876847243,-49.001157753694486,4.900115775369449,196.00463101477794,-24.500578876847243,122.50289438423621,36.750868315270864,61.25144719211811,-98.00231550738897,12.250289438423621,49.001157753694486
24.0,97.9865984407637,146.97989766114554,73.48994883057277,24.496649610190925,-48.99329922038185,4.899329922038185,195.9731968815274,-24.496649610190925,122.48324805095463,36.744974415286386,61.241624025477314,-97.9865984407637,12.248324805095463,48.99329922038185
24.1,97.97266358624253,146.95899537936378,73.47949768968189,24.493165896560633,-48.986331793121266,4.898633179312127,195.94532717248507,-24.493165896560633,122.46582948280317,36.739748844840946,61.232914741401586,-97.97266358624253,12.246582948280317,48.986331793121266
24.200000000000003,97.96046423290045,146.94069634935067,73.47034817467534,24.490116058225112,-48.980232116450225,4.898023211645023,195.9209284658009,-24.490116058225112,122.45058029112556,36.73517408733767,61.22529014556278,-97.96046423290045,12.245058029112556,48.980232116450225
24.3,97.94991658818938,146.9248748822841,73.46243744114204,24.487479147047345,-48.97495829409469,4.897495829409469,195.89983317637876,-24.487479147047345,122.43739573523672,36.73121872057102,61.21869786761836,-97.94991658818938,12.243739573523673,48.97495829409469
24.400000000000002,97.94090506861099,146.9113576029165,73.45567880145825,24.485226267152747,-48.970452534305494,4.89704525343055,195.88181013722198,-24.485226267152747,122.42613133576373,36.727839400729124,61.213065667881864,-97.94090506861099,12.242613133576373,48.970452534305494
24.5,97.93331022656945,146.89996533985416,73.44998266992708,24.48332755664236,-48.96665511328472,4.8966655113284725,195.8666204531389,-24.48332755664236,122.41663778321181,36.72499133496354,61.208318891605906,-97.93331022656945,12.24166377832118,48.96665511328472
24.6,97.92700010114642,146.89050015171964,73.44525007585982,24.481750025286605,-48.96350005057321,4.896350005057322,195.85400020229284,-24.481750025286605,122.40875012643302,36.72262503792991,61.20437506321651,-97.92700010114642,12.240875012643302,48.96350005057321
24.700000000000003,97.92186839495453,146.8828025924318,73.4414012962159,24.480467098738632,-48.960934197477265,4.896093419747727,195.84373678990906,-24.480467098738632,122.40233549369316,36.72070064810795,61.20116774684658,-97.92186839495453,12.240233549369316,48.960934197477265
24.8,97.9178303200116,146.8767454800174,73.4383727400087,24.4794575800029,-48.9589151600058,4.895891516000581,195.8356606400232,-24.4794575800029,122.3972879000145,36.71918637000435,61.19864395000725,-97.9178303200116,12.23972879000145,48.9589151600058
24.900000000000002,97.91475730736978,146.87213596105468,73.43606798052734,24.478689326842446,-48.95737865368489,4.895737865368489,195.82951461473957,-24.478689326842446,122.39344663421222,36.71803399026367,61.19672331710611,-97.91475730736978,12.239344663421223,48.95737865368489
25.0,97.91254529138537,146.86881793707806,73.43440896853903,24.478136322846343,-48.956272645692685,4.895627264569269,195.82509058277074,-24.478136322846343,122.39068161423171,36.717204484269516,61.195340807115855,-97.91254529138537,12.239068161423171,48.956272645692685
25.1,97.91110064221319,146.86665096331978,73.43332548165989,24.477775160553296,-48.95555032110659,4.89555503211066,195.82220128442637,-24.477775160553296,122.38887580276648,36.716662740829946,61.19443790138324,-97.91110064221319,12.238887580276648,48.95555032110659
25.200000000000003,97.91029098716974,146.86543648075462,73.43271824037731,24.477572746792436,-48.95514549358487,4.895514549358488,195.8205819743395,-24.477572746792436,122.38786373396218,36.716359120188656,61.19393186698109,-97.91029098716974,12.238786373396218,48.95514549358487
25.3,97.90988634457494,146.86482951686241,73.43241475843121,24.477471586143736,-48.95494317228747,4.8954943172287475,195.8197726891499,-24.477471586143736,122.38735793071868,36.716207379215604,61.19367896535934,-97.90988634457494,12.238735793071868,48.95494317228747
25.400000000000002,97.9096718351822,146.8645077527733,73.43225387638665,24.47741795879555,-48.9548359175911,4.89548359175911,195.8193436703644,-24.47741795879555,122.38708979397774,36.71612693819333,61.19354489698887,-97.9096718351822,12.238708979397774,48.9548359175911
25.5,97.90949073401849,146.86423610102773,73.43211805051386,24.477372683504623,-48.954745367009245,4.895474536700925,195.81898146803698,-24.477372683504623,122.38686341752312,36.71605902525693,61.19343170876156,-97.90949073401849,12.238686341752311,48.954745367009245
25.6,97.90928319028976,146.86392478543462,73.43196239271731,24.47732079757244,-48.95464159514488,4.895464159514488,195.8185663805795,-24.47732079757244,122.3866039878622,36.715981196358655,61.1933019939311,-97.90928319028976,12.23866039878622,48.95464159514488
25.700000000000003,97.90904494899755,146.8635674234963,73.43178371174815,24.477261237249387,-48.95452247449877,4.895452247449878,195.8180898979951,-24.477261237249387,122.38630618624694,36.71589185587408,61.19315309312347,-97.90904494899755,12.238630618624693,48.95452247449877
25.8,97.90878062348634,146.8631709352295,73.43158546761475,24.477195155871584,-48.95439031174317,4.895439031174317,195.81756124697267,-24.477195155871584,122.38597577935792,36.715792733807376,61.19298788967896,-97.90878062348634,12.238597577935792,48.95439031174317
25.900000000000002,97.90850539807755,146.86275809711634,73.43137904855817,24.477126349519388,-48.954252699038776,4.895425269903878,195.8170107961551,-24.477126349519388,122.38563174759693,36.715689524279085,61.192815873798466,-97.90850539807755,12.238563174759694,48.954252699038776
26.0,97.90825642277377,146.86238463416066,73.43119231708033,24.477064105693444,-48.95412821138689,4.895412821138689,195.81651284554755,-24.477064105693444,122.38532052846722,36.715596158540166,61.19266026423361,-97.90825642277377,12.238532052846722,48.95412821138689
26.1,97.90800462088364,146.86200693132548,73.43100346566274,24.47700115522091,-48.95400231044182,4.895400231044182,195.8160092417673,-24.47700115522091,122.38500577610455,36.71550173283137,61.192502888052275,-97.90800462088364,12.238500577610456,48.95400231044182
26.200000000000003,97.9076813397111,146.86152200956667,73.43076100478334,24.476920334927776,-48.95384066985555,4.895384066985556,195.8153626794222,-24.476920334927776,122.38460167463887,36.71538050239167,61.192300837319436,-97.9076813397111,12.238460167463888,48.95384066985555
26.3,97.90725324553291,146.86087986829938,73.43043993414969,24.47681331138323,-48.95362662276646,4.895362662276646,195.81450649106583,-24.47681331138323,122.38406655691614,36.715219967074844,61.19203327845807,-97.90725324553291,12.238406655691614,48.95362662276646
26.400000000000002,97.90674781353285,146.86012172029928,73.43006086014964,24.47668695338321,-48.95337390676642,4.895337390676643,195.8134956270657,-24.47668695338321,122.38343476691605,36.71503043007482,61.19171738345803,-97.90674781353285,12.238343476691606,48.95337390676642
26.5,97.90619344483093,146.8592901672464,73.4296450836232,24.476548361207733,-48.95309672241547,4.895309672241547,195.81238688966187,-24.476548361207733,122.38274180603867,36.7148225418116,61.19137090301933,-97.90619344483093,12.238274180603867,48.95309672241547
26.6,97.90559125265203,146.85838687897805,73.42919343948903,24.476397813163008,-48.952795626326015,4.895279562632602,195.81118250530406,-24.476397813163008,122.38198906581503,36.71459671974451,61.19099453290752,-97.90559125265203,12.238198906581504,48.952795626326015
26.700000000000003,97.90492736151076,146.85739104226613,73.42869552113306,24.47623184037769,-48.95246368075538,4.895246368075538,195.80985472302152,-24.47623184037769,122.38115920188845,36.71434776056653,61.190579600944226,-97.90492736151076,12.238115920188845,48.95246368075538
26.8,97.9041675823101,146.85625137346514,73.42812568673257,24.476041895577524,-48.95208379115505,4.895208379115505,195.8083351646202,-24.476041895577524,122.38020947788762,36.714062843366285,61.19010473894381,-97.9041675823101,12.238020947788762,48.95208379115505
26.900000000000002,97.90325099704152,146.85487649556228,73.42743824778114,24.47581274926038,-48.95162549852076,4.895162549852077,195.80650199408305,-24.47581274926038,122.37906374630191,36.71371912389057,61.189531873150955,-97.90325099704152,12.23790637463019,48.95162549852076
27.0,97.90211061815354,146.85316592723032,73.42658296361516,24.475527654538386,-48.95105530907677,4.895105530907678,195.8042212363071,-24.475527654538386,122.37763827269193,36.71329148180758,61.18881913634596,-97.90211061815354,12.237763827269193,48.95105530907677
27.1,97.9006346130418,146.8509519195627,73.42547595978135,24.47515865326045,-48.9503173065209,4.89503173065209,195.8012692260836,-24.47515865326045,122.37579326630225,36.712737979890676,61.18789663315113,-97.9006346130418,12.237579326630225,48.9503173065209
27.200000000000003,97.8986912258574,146.8480368387861,73.42401841939305,24.47467280646435,-48.9493456129287,4.894934561292871,195.7973824517148,-24.47467280646435,122.37336403232176,36.712009209696525,61.18668201616088,-97.8986912258574,12.237336403232176,48.9493456129287
27.3,97.89612030251936,146.84418045377905,73.42209022688952,24.47403007562984,-48.94806015125968,4.894806015125969,195.79224060503873,-24.47403007562984,122.3701503781492,36.71104511344476,61.1850751890746,-97.89612030251936,12.23701503781492,48.94806015125968
27.400000000000002,97.89278028730816,146.83917043096224,73.41958521548112,24.47319507182704,-48.94639014365408,4.894639014365408,195.7855605746163,-24.47319507182704,122.36597535913519,36.70979260774056,61.182987679567596,-97.89278028730816,12.23659753591352,48.94639014365408
27.5,97.88853082987725,146.83279624481588,73.41639812240794,24.472132707469314,-48.94426541493863,4.894426541493863,195.7770616597545,-24.472132707469314,122.36066353734657,36.70819906120397,61.180331768673284,-97.88853082987725,12.236066353734657,48.94426541493863
27.6,97.88326427606093,146.8248964140914,73.4124482070457,24.470816069015232,-48.941632138030464,4.894163213803047,195.76652855212186,-24.470816069015232,122.35408034507616,36.70622410352285,61.17704017253808,-97.88326427606093,12.235408034507616,48.941632138030464
27.700000000000003,97.87688693527312,146.8153304029097,73.40766520145485,24.46922173381828,-48.93844346763656,4.8938443467636565,195.75377387054624,-24.46922173381828,122.3461086690914,36.703832600727424,61.1730543345457,-97.87688693527312,12.23461086690914,48.93844346763656
27.8,97.8693360769625,146.80400411544375,73.40200205772187,24.467334019240624,-48.93466803848125,4.893466803848125,195.738672153925,-24.467334019240624,122.33667009620312,36.70100102886094,61.16833504810156,-97.8693360769625,12.233667009620312,48.93466803848125
27.900000000000002,97.8605903139006,146.7908854708509,73.39544273542545,24.46514757847515,-48.9302951569503,4.89302951569503,195.7211806278012,-24.46514757847515,122.32573789237576,36.697721367712724,61.16286894618788,-97.8605903139006,12.232573789237575,48.9302951569503
28.0,97.85064594325293,146.7759689148794,73.3879844574397,24.462661485813232,-48.925322971626464,4.892532297162647,195.70129188650586,-24.462661485813232,122.31330742906616,36.69399222871985,61.15665371453308,-97.85064594325293,12.231330742906616,48.925322971626464
28.1,97.8395074578346,146.7592611867519,73.37963059337595,24.45987686445865,-48.9197537289173,4.89197537289173,195.6790149156692,-24.45987686445865,122.29938432229325,36.689815296687975,61.149692161146625,-97.8395074578346,12.229938432229325,48.9197537289173
28.200000000000003,97.82720755837127,146.74081133755692,73.37040566877846,24.456801889592818,-48.913603779185635,4.891360377918564,195.65441511674254,-24.456801889592818,122.28400944796408,36.68520283438923,61.14200472398204,-97.82720755837127,12.228400944796409,48.913603779185635
28.3,97.8137386717545,146.72060800763177,73.36030400381588,24.453434667938627,-48.90686933587725,4.890686933587726,195.627477343509,-24.453434667938627,122.26717333969313,36.68015200190794,61.133586669846565,-97.8137386717545,12.226717333969313,48.90686933587725
28.400000000000002,97.79911792415635,146.69867688623452,73.34933844311726,24.449779481039087,-48.899558962078174,4.889955896207818,195.5982358483127,-24.449779481039087,122.24889740519544,36.67466922155863,61.12444870259772,-97.79911792415635,12.224889740519544,48.899558962078174
28.5,97.78340192423215,146.6751028863482,73.3375514431741,24.445850481058038,-48.891700962116076,4.889170096211608,195.5668038484643,-24.445850481058038,122.2292524052902,36.66877572158705,61.1146262026451,-97.78340192423215,12.222925240529019,48.891700962116076
28.6,97.76666464339951,146.64999696509926,73.32499848254963,24.441666160849877,-48.883332321699754,4.888333232169976,195.53332928679902,-24.441666160849877,122.20833080424939,36.662499241274816,61.10416540212469,-97.76666464339951,12.220833080424939,48.883332321699754
28.700000000000003,97.74901846042688,146.62352769064032,73.31176384532016,24.43725461510672,-48.87450923021344,4.887450923021344,195.49803692085376,-24.43725461510672,122.1862730755336,36.65588192266008,61.0931365377668,-97.74901846042688,12.21862730755336,48.87450923021344
28.8,97.73061607848987,146.5959241177348,73.2979620588674,24.43265401962247,-48.86530803924494,4.886530803924494,195.46123215697975,-24.43265401962247,122.16327009811235,36.6489810294337,61.081635049056175,-97.73061607848987,12.216327009811234,48.86530803924494
28.900000000000002,97.71159615910263,146.56739423865395,73.28369711932697,24.427899039775657,-48.85579807955131,4.885579807955132,195.42319231820525,-24.427899039775657,122.13949519887828,36.64184855966349,61.06974759943914,-97.71159615910263,12.213949519887828,48.85579807955131
29.0,97.69211658822513,146.5381748823377,73.26908744116885,24.423029147056283,-48.84605829411257,4.884605829411257,195.38423317645027,-24.423029147056283,122.11514573528142,36.634543720584425,61.05757286764071,-97.69211658822513,12.211514573528142,48.84605829411257
29.1,97.6723621409083,146.50854321136245,73.25427160568123,24.418090535227076,-48.83618107045415,4.883618107045415,195.3447242818166,-24.418090535227076,122.09045267613538,36.62713580284061,61.04522633806769,-97.6723621409083,12.209045267613538,48.83618107045415
29.200000000000003,97.65251529242275,146.4787729386341,73.23938646931705,24.413128823105687,-48.826257646211374,4.882625764621138,195.3050305848455,-24.413128823105687,122.06564411552844,36.61969323465853,61.03282205776422,-97.65251529242275,12.206564411552844,48.826257646211374
29.3,97.63271175572339,146.4490676335851,73.22453381679254,24.408177938930848,-48.816355877861696,4.88163558778617,195.26542351144678,-24.408177938930848,122.04088969465424,36.61226690839627,61.02044484732712,-97.63271175572339,12.204088969465424,48.816355877861696
29.400000000000002,97.61303201126725,146.41954801690088,73.20977400845044,24.403258002816813,-48.806516005633625,4.880651600563363,195.2260640225345,-24.403258002816813,122.01629001408406,36.60488700422522,61.00814500704203,-97.61303201126725,12.201629001408406,48.806516005633625
29.5,97.5935056358519,146.39025845377785,73.19512922688892,24.398376408962974,-48.79675281792595,4.879675281792595,195.1870112717038,-24.398376408962974,121.99188204481487,36.59756461344446,60.995941022407436,-97.5935056358519,12.199188204481487,48.79675281792595
29.6,97.57413634288551,146.36120451432828,73.18060225716414,24.393534085721377,-48.787068171442755,4.878706817144276,195.14827268577102,-24.393534085721377,121.96767042860688,36.59030112858207,60.98383521430344,-97.57413634288551,12.196767042860689,48.787068171442755
29.700000000000003,97.55492322511147,146.3323848376672,73.1661924188336,24.388730806277866,-48.77746161255573,4.8777461612555735,195.10984645022293,-24.388730806277866,121.94365403138933,36.5830962094168,60.971827015694664,-97.55492322511147,12.194365403138933,48.77746161255573
29.8,97.53590792316399,146.30386188474597,73.15193094237299,24.383976980790997,-48.767953961581995,4.8767953961582,195.07181584632798,-24.383976980790997,121.919884903955,36.57596547118649,60.9599424519775,-97.53590792316399,12.191988490395499,48.767953961581995
29.900000000000002,97.51717189291638,146.27575783937456,73.13787891968728,24.379292973229095,-48.75858594645819,4.87585859464582,195.03434378583276,-24.379292973229095,121.89646486614548,36.56893945984364,60.94823243307274,-97.51717189291638,12.189646486614548,48.75858594645819
30.0,97.4988158355315,146.24822375329725,73.12411187664863,24.374703958882876,-48.74940791776575,4.8749407917765755,194.997631671063,-24.374703958882876,121.87351979441438,36.56205593832431,60.93675989720719,-97.4988158355315,12.187351979441438,48.74940791776575
30.1,97.48097043643963,146.22145565465945,73.11072782732973,24.37024260910991,-48.74048521821982,4.874048521821982,194.96194087287927,-24.37024260910991,121.85121304554954,36.55536391366486,60.92560652277477,-97.48097043643963,12.185121304554954,48.74048521821982
30.200000000000003,97.46375766054582,146.19563649081874,73.09781824540937,24.365939415136456,-48.73187883027291,4.873187883027292,194.92751532109165,-24.365939415136456,121.82969707568228,36.548909122704686,60.91484853784114,-97.46375766054582,12.182969707568228,48.73187883027291
30.3,97.44734130944946,146.17101196417417,73.08550598208708,24.361835327362364,-48.72367065472473,4.872367065472473,194.8946826188989,-24.361835327362364,121.80917663681183,36.54275299104354,60.904588318405914,-97.44734130944946,12.180917663681182,48.72367065472473
30.400000000000002,97.43188780623838,146.14783170935758,73.07391585467879,24.357971951559595,-48.71594390311919,4.87159439031192,194.86377561247676,-24.357971951559595,121.78985975779797,36.536957927339394,60.894929878898985,-97.43188780623838,12.178985975779797,48.71594390311919
30.5,97.41755243012614,146.1263286451892,73.0631643225946,24.354388107531534,-48.70877621506307,4.870877621506307,194.83510486025227,-24.354388107531534,121.77194053765767,36.5315821612973,60.885970268828835,-97.41755243012614,12.177194053765767,48.70877621506307
30.6,97.40446338199517,146.10669507299275,73.05334753649637,24.351115845498793,-48.702231690997586,4.870223169099759,194.80892676399034,-24.351115845498793,121.75557922749397,36.52667376824819,60.877789613746984,-97.40446338199517,12.175557922749396,48.702231690997586
30.700000000000003,97.39278428283403,146.08917642425104,73.04458821212552,24.348196070708507,-48.696392141417014,4.869639214141702,194.78556856566806,-24.348196070708507,121.74098035354254,36.52229410606276,60.87049017677127,-97.39278428283403,12.174098035354254,48.696392141417014
30.8,97.38272192449793,146.0740828867469,73.03704144337345,24.345680481124482,-48.691360962248964,4.869136096224897,194.76544384899586,-24.345680481124482,121.7284024056224,36.51852072168673,60.8642012028112,-97.38272192449793,12.172840240562241,48.691360962248964
30.900000000000002,97.37446512823607,146.0616976923541,73.03084884617705,24.343616282059017,-48.687232564118034,4.868723256411804,194.74893025647214,-24.343616282059017,121.71808141029508,36.515424423088525,60.85904070514754,-97.37446512823607,12.171808141029508,48.687232564118034
31.0,97.36816532994902,146.05224799492353,73.02612399746177,24.342041332487256,-48.68408266497451,4.868408266497451,194.73633065989804,-24.342041332487256,121.71020666243628,36.51306199873088,60.85510333121814,-97.36816532994902,12.171020666243628,48.68408266497451
31.1,97.3639201631831,146.04588024477465,73.02294012238733,24.340980040795774,-48.68196008159155,4.868196008159155,194.7278403263662,-24.340980040795774,121.70490020397887,36.51147006119366,60.85245010198943,-97.3639201631831,12.170490020397887,48.68196008159155
31.200000000000003,97.36179059742393,146.0426858961359,73.02134294806795,24.340447649355983,-48.68089529871197,4.868089529871197,194.72358119484787,-24.340447649355983,121.70223824677991,36.51067147403398,60.85111912338996,-97.36179059742393,12.170223824677992,48.68089529871197
31.3,97.36183548367288,146.04275322550933,73.02137661275466,24.34045887091822,-48.68091774183644,4.868091774183644,194.72367096734575,-24.34045887091822,121.70229435459109,36.51068830637733,60.851147177295545,-97.36183548367288,12.17022943545911,48.68091774183644
31.400000000000002,97.36411008945291,146.04616513417938,73.02308256708969,24.341027522363227,-48.682055044726454,4.8682055044726456,194.72822017890581,-24.341027522363227,121.70513761181613,36.511541283544844,60.852568805908064,-97.36411008945291,12.170513761181613,48.682055044726454
31.5,97.36865066743641,146.0529760011546,73.0264880005773,24.342162666859103,-48.684325333718206,4.868432533371821,194.73730133487283,-24.342162666859103,121.71081333429552,36.51324400028865,60.85540666714776,-97.36865066743641,12.171081333429552,48.684325333718206
31.6,97.37540836565611,146.06311254848418,73.03155627424209,24.34385209141403,-48.68770418282806,4.868770418282806,194.75081673131223,-24.34385209141403,121.71926045707013,36.515778137121046,60.85963022853507,-97.37540836565611,12.171926045707014,48.68770418282806
31.700000000000003,97.38434670696928,146.07652006045393,73.03826003022697,24.34608667674232,-48.69217335348464,4.8692173353484645,194.76869341393856,-24.34608667674232,121.7304333837116,36.51913001511348,60.8652166918558,-97.38434670696928,12.17304333837116,48.69217335348464
31.8,97.39543898681595,146.0931584802239,73.04657924011195,24.348859746703987,-48.69771949340797,4.869771949340798,194.7908779736319,-24.348859746703987,121.74429873351994,36.52328962005598,60.87214936675997,-97.39543898681595,12.174429873351993,48.69771949340797
31.900000000000002,97.40870859886421,146.1130628982963,73.05653144914815,24.352177149716052,-48.704354299432104,4.87043542994321,194.81741719772842,-24.352177149716052,121.76088574858026,36.52826572457408,60.88044287429013,-97.40870859886421,12.176088574858026,48.704354299432104
32.0,97.42417734821835,146.13626602232753,73.06813301116377,24.356044337054588,-48.712088674109175,4.8712088674109175,194.8483546964367,-24.356044337054588,121.78022168527293,36.53406650558188,60.89011084263647,-97.42417734821835,12.178022168527294,48.712088674109175
32.1,97.44181831698324,146.16272747547487,73.08136373773743,24.36045457924581,-48.72090915849162,4.872090915849163,194.8836366339665,-24.36045457924581,121.80227289622906,36.54068186886872,60.90113644811453,-97.44181831698324,12.180227289622906,48.72090915849162
32.2,97.46159127538478,146.19238691307717,73.09619345653859,24.365397818846194,-48.73079563769239,4.873079563769239,194.92318255076955,-24.365397818846194,121.82698909423097,36.54809672826929,60.913494547115484,-97.46159127538478,12.182698909423097,48.73079563769239
32.300000000000004,97.48338107742181,146.2250716161327,73.11253580806635,24.370845269355453,-48.741690538710905,4.874169053871091,194.96676215484362,-24.370845269355453,121.85422634677727,36.55626790403318,60.92711317338863,-97.48338107742181,12.185422634677726,48.741690538710905
32.4,97.50698650770418,146.26047976155627,73.13023988077813,24.376746626926046,-48.75349325385209,4.875349325385209,195.01397301540837,-24.376746626926046,121.88373313463023,36.56511994038907,60.94186656731512,-97.50698650770418,12.188373313463023,48.75349325385209
32.5,97.53211773076433,146.2981765961465,73.14908829807325,24.38302943269108,-48.76605886538216,4.876605886538217,195.06423546152865,-24.38302943269108,121.9151471634554,36.574544149036626,60.9575735817277,-97.53211773076433,12.19151471634554,48.76605886538216
32.6,97.5584577124726,146.3376865687089,73.16884328435445,24.38961442811815,-48.7792288562363,4.87792288562363,195.1169154249452,-24.38961442811815,121.94807214059075,36.584421642177226,60.97403607029538,-97.5584577124726,12.194807214059075,48.7792288562363
32.7,97.58571468965197,146.37857203447794,73.18928601723897,24.39642867241299,-48.79285734482598,4.879285734482599,195.17142937930393,-24.39642867241299,121.98214336206496,36.594643008619485,60.99107168103248,-97.58571468965197,12.198214336206496,48.79285734482598
32.800000000000004,97.61361095945844,146.42041643918765,73.21020821959382,24.40340273986461,-48.80680547972922,4.880680547972922,195.22722191891688,-24.40340273986461,122.01701369932306,36.60510410979691,61.00850684966153,-97.61361095945844,12.201701369932305,48.80680547972922
32.9,97.64193628181022,146.46290442271533,73.23145221135766,24.410484070452554,-48.82096814090511,4.882096814090511,195.28387256362043,-24.410484070452554,122.05242035226277,36.61572610567883,61.026210176131386,-97.64193628181022,12.205242035226277,48.82096814090511
33.0,97.67047725356383,146.50571588034575,73.25285794017287,24.417619313390958,-48.835238626781916,4.883523862678192,195.34095450712766,-24.417619313390958,122.08809656695479,36.62642897008644,61.044048283477395,-97.67047725356383,12.208809656695479,48.835238626781916
33.1,97.69899515864361,146.54849273796543,73.27424636898272,24.424748789660903,-48.849497579321806,4.884949757932181,195.39799031728722,-24.424748789660903,122.12374394830451,36.63712318449136,61.061871974152254,-97.69899515864361,12.212374394830452,48.849497579321806
33.2,97.72737206798432,146.59105810197647,73.29552905098824,24.43184301699608,-48.86368603399216,4.886368603399216,195.45474413596864,-24.43184301699608,122.1592150849804,36.64776452549412,61.0796075424902,-97.72737206798432,12.21592150849804,48.86368603399216
33.300000000000004,97.7555263845206,146.6332895767809,73.31664478839045,24.43888159613015,-48.8777631922603,4.887776319226031,195.5110527690412,-24.43888159613015,122.19440798065077,36.658322394195224,61.09720399032538,-97.7555263845206,12.219440798065076,48.8777631922603
33.4,97.78339843143712,146.67509764715567,73.33754882357783,24.44584960785928,-48.89169921571856,4.889169921571856,195.56679686287424,-24.44584960785928,122.22924803929641,36.66877441178892,61.114624019648204,-97.78339843143712,12.22292480392964,48.89169921571856
33.5,97.81103381476652,146.71655072214978,73.35827536107489,24.45275845369163,-48.90551690738326,4.890551690738326,195.62206762953303,-24.45275845369163,122.26379226845815,36.679137680537444,61.13189613422907,-97.81103381476652,12.226379226845815,48.90551690738326
33.6,97.83847133401414,146.75770700102123,73.37885350051062,24.459617833503536,-48.91923566700707,4.891923566700708,195.6769426680283,-24.459617833503536,122.29808916751767,36.68942675025531,61.14904458375884,-97.83847133401414,12.229808916751768,48.91923566700707
33.7,97.86574920627396,146.79862380941094,73.39931190470547,24.46643730156849,-48.93287460313698,4.893287460313698,195.73149841254792,-24.46643730156849,122.33218650784245,36.699655952352735,61.166093253921225,-97.86574920627396,12.233218650784245,48.93287460313698
33.800000000000004,97.89291033746484,146.83936550619725,73.41968275309863,24.47322758436621,-48.94645516873242,4.894645516873243,195.78582067492968,-24.47322758436621,122.36613792183105,36.70984137654931,61.18306896091553,-97.89291033746484,12.236613792183105,48.94645516873242
33.9,97.91997860969464,146.87996791454196,73.43998395727098,24.47999465242366,-48.95998930484732,4.8959989304847324,195.83995721938928,-24.47999465242366,122.3999732621183,36.71999197863549,61.19998663105915,-97.91997860969464,12.23999732621183,48.95998930484732
34.0,97.94694810429328,146.92042215643994,73.46021107821997,24.48673702607332,-48.97347405214664,4.897347405214664,195.89389620858657,-24.48673702607332,122.4336851303666,36.730105539109985,61.2168425651833,-97.94694810429328,12.24336851303666,48.97347405214664
34.1,97.97380041671659,146.96070062507488,73.48035031253744,24.493450104179146,-48.98690020835829,4.898690020835829,195.94760083343317,-24.493450104179146,122.46725052089573,36.74017515626872,61.233625260447866,-97.97380041671659,12.246725052089573,48.98690020835829
34.2,98.00051781507064,147.00077672260596,73.50038836130298,24.50012945376766,-49.00025890753532,4.900025890753533,196.00103563014127,-24.50012945376766,122.50064726883829,36.75019418065149,61.250323634419146,-98.00051781507064,12.25006472688383,49.00025890753532
34.300000000000004,98.02711222613382,147.04066833920075,73.52033416960037,24.506778056533456,-49.01355611306691,4.901355611306691,196.05422445226765,-24.506778056533456,122.53389028266727,36.76016708480019,61.266945141333636,-98.02711222613382,12.253389028266728,49.01355611306691
34.4,98.05353536812419,147.08030305218628,73.54015152609314,24.513383842031047,-49.026767684062094,4.902676768406209,196.10707073624837,-24.513383842031047,122.56691921015523,36.77007576304657,61.28345960507762,-98.05353536812419,12.256691921015523,49.026767684062094
34.5,98.0796979374729,147.11954690620934,73.55977345310467,24.519924484368225,-49.03984896873645,4.903984896873645,196.1593958749458,-24.519924484368225,122.59962242184113,36.779886726552334,61.299811210920566,-98.0796979374729,12.259962242184113,49.03984896873645
34.6,98.1054669323441,147.15820039851616,73.57910019925808,24.526366733086025,-49.05273346617205,4.905273346617205,196.2109338646882,-24.526366733086025,122.63183366543012,36.78955009962904,61.31591683271506,-98.1054669323441,12.263183366543013,49.05273346617205
34.7,98.13069408479312,147.1960411271897,73.59802056359484,24.53267352119828,-49.06534704239656,4.9065347042396565,196.26138816958624,-24.53267352119828,122.6633676059914,36.79901028179742,61.3316838029957,-98.13069408479312,12.26633676059914,49.06534704239656
34.800000000000004,98.15525668324571,147.23288502486855,73.61644251243428,24.538814170811428,-49.077628341622855,4.907762834162286,196.31051336649142,-24.538814170811428,122.69407085405714,36.80822125621714,61.34703542702857,-98.15525668324571,12.269407085405714,49.077628341622855
34.9,98.17906746066028,147.2686011909904,73.6343005954952,24.54476686516507,-49.08953373033014,4.908953373033015,196.35813492132056,-24.54476686516507,122.72383432582535,36.8171502977476,61.361917162912675,-98.17906746066028,12.272383432582535,49.08953373033014
35.0,98.2020515006142,147.30307725092132,73.65153862546066,24.55051287515355,-49.1010257503071,4.91010257503071,196.4041030012284,-24.55051287515355,122.75256437576775,36.82576931273033,61.376282187883874,-98.2020515006142,12.275256437576775,49.1010257503071
35.1,98.22418323175275,147.3362748476291,73.66813742381456,24.556045807938187,-49.11209161587637,4.911209161587638,196.4483664635055,-24.556045807938187,122.78022903969094,36.83406871190728,61.39011451984547,-98.22418323175275,12.278022903969093,49.11209161587637
35.2,98.24550755670057,147.36826133505087,73.68413066752544,24.561376889175143,-49.12275377835029,4.912275377835029,196.49101511340115,-24.561376889175143,122.80688444587571,36.84206533376272,61.403442222937855,-98.24550755670057,12.280688444587572,49.12275377835029
35.300000000000004,98.26605183632495,147.39907775448742,73.69953887724371,24.566512959081237,-49.133025918162474,4.913302591816247,196.5321036726499,-24.566512959081237,122.83256479540618,36.849769438621855,61.41628239770309,-98.26605183632495,12.283256479540618,49.133025918162474
35.4,98.28578279058519,147.42867418587778,73.71433709293889,24.571445697646297,-49.142891395292594,4.914289139529259,196.57156558117038,-24.571445697646297,122.85722848823148,36.857168546469445,61.42861424411574,-98.28578279058519,12.285722848823148,49.142891395292594
35.5,98.30462390780012,147.45693586170017,73.72846793085009,24.57615597695003,-49.15231195390006,4.915231195390007,196.60924781560024,-24.57615597695003,122.88077988475015,36.86423396542504,61.44038994237508,-98.30462390780012,12.288077988475015,49.15231195390006
35.6,98.32249878379137,147.48374817568705,73.74187408784353,24.580624695947844,-49.16124939189569,4.916124939189569,196.64499756758275,-24.580624695947844,122.90312347973922,36.870937043921764,61.45156173986961,-98.32249878379137,12.290312347973922,49.16124939189569
35.7,98.33932782298317,147.50899173447476,73.75449586723738,24.58483195574579,-49.16966391149158,4.916966391149159,196.67865564596633,-24.58483195574579,122.92415977872895,36.87724793361869,61.462079889364475,-98.33932782298317,12.292415977872896,49.16966391149158
35.800000000000004,98.35499085815549,147.53248628723324,73.76624314361662,24.588747714538872,-49.177495429077744,4.917749542907774,196.70998171631098,-24.588747714538872,122.94373857269436,36.88312157180831,61.47186928634718,-98.35499085815549,12.294373857269436,49.177495429077744
35.9,98.36939238622999,147.55408857934498,73.77704428967249,24.592348096557497,-49.184696193114995,4.9184696193115,196.73878477245998,-24.592348096557497,122.96174048278749,36.888522144836244,61.480870241393745,-98.36939238622999,12.296174048278749,49.184696193114995
36.0,98.38251948073597,147.57377922110396,73.78688961055198,24.59562987018399,-49.19125974036798,4.919125974036799,196.76503896147193,-24.59562987018399,122.97814935091995,36.89344480527599,61.489074675459975,-98.38251948073597,12.297814935091996,49.19125974036798
36.1,98.394332380852,147.591498571278,73.795749285639,24.598583095213,-49.197166190426,4.9197166190426005,196.788664761704,-24.598583095213,122.99291547606501,36.8978746428195,61.496457738032504,-98.394332380852,12.2992915476065,49.197166190426
36.2,98.40480821251404,147.60721231877108,73.80360615938554,24.60120205312851,-49.20240410625702,4.920240410625702,196.80961642502808,-24.60120205312851,123.00601026564254,36.90180307969277,61.50300513282127,-98.40480821251404,12.300601026564255,49.20240410625702
36.300000000000004,98.41392752055148,147.6208912808272,73.8104456404136,24.60348188013787,-49.20696376027574,4.920696376027575,196.82785504110296,-24.60348188013787,123.01740940068936,36.9052228202068,61.50870470034468,-98.41392752055148,12.301740940068935,49.20696376027574
36.4,98.42154393188335,147.63231589782504,73.81615794891252,24.605385982970837,-49.210771965941674,4.921077196594168,196.8430878637667,-24.605385982970837,123.02692991485418,36.90807897445626,61.51346495742709,-98.42154393188335,12.302692991485419,49.210771965941674
36.5,98.42748336391395,147.64122504587093,73.82061252293546,24.606870840978488,-49.213741681956975,4.9213741681956975,196.8549667278279,-24.606870840978488,123.03435420489244,36.91030626146773,61.51717710244622,-98.42748336391395,12.303435420489244,49.213741681956975
36.6,98.43161510392085,147.64742265588126,73.82371132794063,24.607903775980212,-49.215807551960424,4.921580755196043,196.8632302078417,-24.607903775980212,123.03951887990107,36.911855663970314,61.51975943995053,-98.43161510392085,12.303951887990106,49.215807551960424
36.7,98.43383147490829,147.65074721236243,73.82537360618122,24.608457868727072,-49.216915737454144,4.921691573745415,196.86766294981658,-24.608457868727072,123.04228934363536,36.91268680309061,61.52114467181768,-98.43383147490829,12.304228934363536,49.216915737454144
36.800000000000004,98.43410993014426,147.6511648952164,73.8255824476082,24.608527482536065,-49.21705496507213,4.921705496507213,196.86821986028852,-24.608527482536065,123.04263741268032,36.9127912238041,61.52131870634016,-98.43410993014426,12.304263741268032,49.21705496507213
36.9,98.43248799819897,147.64873199729846,73.82436599864923,24.60812199954974,-49.21624399909948,4.921624399909948,196.86497599639793,-24.60812199954974,123.0406099977487,36.912182999324614,61.52030499887435,-98.43248799819897,12.30406099977487,49.21624399909948
37.0,98.42900838828511,147.64351258242766,73.82175629121383,24.607252097071278,-49.214504194142556,4.921450419414256,196.85801677657022,-24.607252097071278,123.0362604853564,36.910878145606915,61.5181302426782,-98.42900838828511,12.303626048535639,49.214504194142556
37.1,98.42377079900639,147.6356561985096,73.8178280992548,24.605942699751598,-49.211885399503196,4.92118853995032,196.84754159801278,-24.605942699751598,123.02971349875799,36.9089140496274,61.51485674937899,-98.42377079900639,12.302971349875799,49.211885399503196
37.2,98.41690807809061,147.62536211713592,73.81268105856796,24.604227019522654,-49.20845403904531,4.920845403904531,196.83381615618123,-24.604227019522654,123.02113509761327,36.90634052928398,61.510567548806634,-98.41690807809061,12.302113509761327,49.20845403904531
37.300000000000004,98.4085185952944,147.6127778929416,73.8063889464708,24.6021296488236,-49.2042592976472,4.92042592976472,196.8170371905888,-24.6021296488236,123.01064824411799,36.9031944732354,61.505324122058994,-98.4085185952944,12.3010648244118,49.2042592976472
37.4,98.398734519413,147.5981017791195,73.79905088955975,24.59968362985325,-49.1993672597065,4.919936725970651,196.797469038826,-24.59968362985325,122.99841814926624,36.899525444779876,61.49920907463312,-98.398734519413,12.299841814926625,49.1993672597065
37.5,98.38767724173127,147.58151586259692,73.79075793129846,24.596919310432817,-49.193838620865634,4.919383862086564,196.77535448346254,-24.596919310432817,122.98459655216408,36.89537896564923,61.49229827608204,-98.38767724173127,12.298459655216408,49.193838620865634
37.6,98.37543577266955,147.5631536590043,73.78157682950216,24.593858943167387,-49.187717886334774,4.918771788633478,196.7508715453391,-24.593858943167387,122.96929471583694,36.89078841475108,61.48464735791847,-98.37543577266955,12.296929471583693,49.187717886334774
37.7,98.36216181355995,147.54324272033992,73.77162136016996,24.590540453389988,-49.181080906779975,4.918108090677998,196.7243236271199,-24.590540453389988,122.95270226694994,36.88581068008498,61.47635113347497,-98.36216181355995,12.295270226694994,49.181080906779975
37.800000000000004,98.34799495277105,147.52199242915657,73.76099621457828,24.58699873819276,-49.17399747638552,4.9173997476385525,196.6959899055421,-24.58699873819276,122.93499369096381,36.88049810728914,61.467496845481904,-98.34799495277105,12.29349936909638,49.17399747638552
37.9,98.33300354529521,147.4995053179428,73.7497526589714,24.583250886323803,-49.16650177264761,4.916650177264761,196.66600709059043,-24.583250886323803,122.91625443161902,36.8748763294857,61.45812721580951,-98.33300354529521,12.291625443161902,49.16650177264761
38.0,98.31718108150636,147.47577162225954,73.73788581112977,24.57929527037659,-49.15859054075318,4.915859054075319,196.63436216301272,-24.57929527037659,122.89647635188295,36.868942905564886,61.448238175941476,-98.31718108150636,12.289647635188295,49.15859054075318
38.1,98.30056956839383,147.45085435259074,73.72542717629537,24.575142392098456,-49.15028478419691,4.915028478419692,196.60113913678765,-24.575142392098456,122.87571196049228,36.862713588147685,61.43785598024614,-98.30056956839383,12.287571196049228,49.15028478419691
38.2,98.28322066969434,147.42483100454152,73.71241550227076,24.570805167423586,-49.14161033484717,4.914161033484717,196.5664413393887,-24.570805167423586,122.85402583711793,36.85620775113538,61.427012918558965,-98.28322066969434,12.285402583711793,49.14161033484717
38.300000000000004,98.26517240409727,147.3977586061459,73.69887930307296,24.566293101024318,-49.132586202048635,4.913258620204864,196.53034480819454,-24.566293101024318,122.83146550512159,36.84943965153648,61.41573275256079,-98.26517240409727,12.283146550512159,49.132586202048635
38.400000000000006,98.24646607841439,147.36969911762156,73.68484955881078,24.561616519603596,-49.12323303920719,4.9123233039207195,196.49293215682877,-24.561616519603596,122.80808259801799,36.84242477940539,61.404041299008995,-98.24646607841439,12.280808259801798,49.12323303920719
38.5,98.22709785801374,147.3406467870206,73.6703233935103,24.556774464503434,-49.11354892900687,4.911354892900687,196.45419571602747,-24.556774464503434,122.78387232251717,36.83516169675515,61.391936161258585,-98.22709785801374,12.278387232251717,49.11354892900687
38.6,98.20713032176984,147.31069548265475,73.65534774132738,24.55178258044246,-49.10356516088492,4.910356516088492,196.41426064353968,-24.55178258044246,122.7589129022123,36.82767387066369,61.37945645110615,-98.20713032176984,12.27589129022123,49.10356516088492
38.7,98.18668849986061,147.2800327497909,73.64001637489545,24.546672124965152,-49.093344249930304,4.90933442499303,196.37337699972122,-24.546672124965152,122.73336062482576,36.820008187447726,61.36668031241288,-98.18668849986061,12.273336062482576,49.093344249930304
38.800000000000004,98.16592563252296,147.24888844878444,73.62444422439222,24.54148140813074,-49.08296281626148,4.908296281626148,196.3318512650459,-24.54148140813074,122.70740704065369,36.81222211219611,61.353703520326846,-98.16592563252296,12.27074070406537,49.08296281626148
38.900000000000006,98.14494289607799,147.217414344117,73.6087071720585,24.536235724019498,-49.072471448038996,4.9072471448039,196.28988579215599,-24.536235724019498,122.68117862009748,36.80435358602925,61.34058931004874,-98.14494289607799,12.268117862009749,49.072471448038996
39.0,98.12379591575402,147.185693873631,73.5928469368155,24.530948978938504,-49.06189795787701,4.906189795787701,196.24759183150803,-24.530948978938504,122.65474489469253,36.79642346840775,61.327372447346264,-98.12379591575402,12.265474489469252,49.06189795787701
39.1,98.10251009450702,147.15376514176054,73.57688257088027,24.525627523626756,-49.05125504725351,4.905125504725351,196.20502018901405,-24.525627523626756,122.62813761813378,36.788441285440136,61.31406880906689,-98.10251009450702,12.262813761813378,49.05125504725351
39.2,98.0810802572694,147.12162038590412,73.56081019295206,24.52027006431735,-49.0405401286347,4.904054012863471,196.1621605145388,-24.52027006431735,122.60135032158675,36.78040509647603,61.300675160793375,-98.0810802572694,12.260135032158676,49.0405401286347
39.300000000000004,98.05951474509476,147.08927211764214,73.54463605882107,24.51487868627369,-49.02975737254738,4.902975737254739,196.11902949018952,-24.51487868627369,122.57439343136845,36.772318029410535,61.287196715684225,-98.05951474509476,12.257439343136845,49.02975737254738
39.400000000000006,98.03784132801314,147.05676199201972,73.52838099600986,24.509460332003286,-49.01892066400657,4.9018920664006576,196.0756826560263,-24.509460332003286,122.54730166001643,36.76419049800493,61.273650830008215,-98.03784132801314,12.254730166001643,49.01892066400657
39.5,98.01612232762031,147.02418349143045,73.51209174571522,24.504030581905077,-49.008061163810154,4.900806116381016,196.03224465524062,-24.504030581905077,122.5201529095254,36.75604587285761,61.2600764547627,-98.01612232762031,12.252015290952539,49.008061163810154
39.6,97.99444461158164,146.99166691737247,73.49583345868623,24.49861115289541,-48.99722230579082,4.899722230579083,195.98888922316328,-24.49861115289541,122.49305576447705,36.74791672934312,61.246527882238524,-97.99444461158164,12.249305576447705,48.99722230579082
39.7,97.97285904995785,146.95928857493678,73.47964428746839,24.493214762489462,-48.986429524978924,4.898642952497893,195.9457180999157,-24.493214762489462,122.4660738124473,36.739822143734195,61.23303690622365,-97.97285904995785,12.246607381244731,48.986429524978924
39.800000000000004,97.9513812755171,146.92707191327565,73.46353595663783,24.487845318879273,-48.97569063775855,4.897569063775855,195.9027625510342,-24.487845318879273,122.43922659439636,36.73176797831891,61.21961329719818,-97.9513812755171,12.243922659439637,48.97569063775855
39.900000000000006,97.92997163764433,146.8949574564665,73.44747872823325,24.482492909411082,-48.964985818822164,4.896498581882216,195.85994327528866,-24.482492909411082,122.41246454705541,36.723739364116625,61.206232273527704,-97.92997163764433,12.241246454705541,48.964985818822164
40.0,97.90856317147792,146.8628447572169,73.43142237860845,24.47714079286948,-48.95428158573896,4.895428158573896,195.81712634295585,-24.47714079286948,122.3857039643474,36.71571118930422,61.1928519821737,-97.90856317147792,12.23857039643474,48.95428158573896
40.1,97.88705404248833,146.8305810637325,73.41529053186625,24.471763510622083,-48.943527021244165,4.894352702124417,195.77410808497666,-24.471763510622083,122.35881755311041,36.707645265933124,61.179408776555206,-97.88705404248833,12.235881755311041,48.943527021244165
40.2,97.86534849905627,146.7980227485844,73.3990113742922,24.466337124764067,-48.932674249528134,4.893267424952814,195.73069699811253,-24.466337124764067,122.33168562382033,36.6995056871461,61.16584281191017,-97.86534849905627,12.233168562382033,48.932674249528134
40.300000000000004,97.8433626543707,146.76504398155603,73.38252199077802,24.460840663592673,-48.92168132718535,4.892168132718535,195.6867253087414,-24.460840663592673,122.30420331796337,36.69126099538901,61.152101658981685,-97.8433626543707,12.230420331796337,48.92168132718535
40.400000000000006,97.8210105807506,146.7315158711259,73.36575793556295,24.45525264518765,-48.9105052903753,4.89105052903753,195.6420211615012,-24.45525264518765,122.27626322593824,36.68287896778148,61.13813161296912,-97.8210105807506,12.227626322593824,48.9105052903753
40.5,97.79821386276927,146.6973207941539,73.34866039707696,24.44955346569232,-48.89910693138464,4.889910693138464,195.59642772553855,-24.44955346569232,122.24776732846159,36.67433019853848,61.123883664230796,-97.79821386276927,12.22477673284616,48.89910693138464
40.6,97.77488537534877,146.66232806302315,73.33116403151158,24.443721343837193,-48.88744268767439,4.888744268767439,195.54977075069755,-24.443721343837193,122.21860671918597,36.66558201575579,61.109303359592985,-97.77488537534877,12.221860671918597,48.88744268767439
40.7,97.75098939843224,146.62648409764836,73.31324204882418,24.43774734960806,-48.87549469921612,4.887549469921613,195.50197879686448,-24.43774734960806,122.1887367480403,36.65662102441209,61.09436837402015,-97.75098939843224,12.21887367480403,48.87549469921612
40.800000000000004,97.72652341699977,146.58978512549965,73.29489256274982,24.431630854249942,-48.863261708499884,4.886326170849989,195.45304683399954,-24.431630854249942,122.15815427124971,36.64744628137491,61.07907713562486,-97.72652341699977,12.215815427124971,48.863261708499884
40.900000000000006,97.70154252214753,146.5523137832213,73.27615689161065,24.425385630536883,-48.85077126107377,4.885077126107377,195.40308504429507,-24.425385630536883,122.12692815268441,36.63807844580533,61.06346407634221,-97.70154252214753,12.212692815268442,48.85077126107377
41.0,97.67612209883923,146.51418314825884,73.25709157412942,24.419030524709807,-48.838061049419615,4.883806104941962,195.35224419767846,-24.419030524709807,122.09515262354904,36.62854578706471,61.04757631177452,-97.67612209883923,12.209515262354904,48.838061049419615
41.1,97.65039897671937,146.47559846507906,73.23779923253953,24.412599744179843,-48.82519948835969,4.882519948835969,195.30079795343875,-24.412599744179843,122.06299872089922,36.618899616269765,61.03149936044961,-97.65039897671937,12.206299872089922,48.82519948835969
41.2,97.62450427393209,146.43675641089814,73.21837820544907,24.406126068483022,-48.812252136966045,4.881225213696605,195.24900854786418,-24.406126068483022,122.03063034241511,36.609189102724535,61.015315171207554,-97.62450427393209,12.203063034241511,48.812252136966045
41.300000000000004,97.59863113029166,146.3979466954375,73.19897334771875,24.399657782572916,-48.79931556514583,4.879931556514584,195.19726226058333,-24.399657782572916,121.99828891286458,36.599486673859374,60.99914445643229,-97.59863113029166,12.199828891286458,48.79931556514583
41.400000000000006,97.57301793275296,146.35952689912943,73.17976344956472,24.39325448318824,-48.78650896637648,4.878650896637648,195.14603586550592,-24.39325448318824,121.9662724159412,36.58988172478236,60.9831362079706,-97.57301793275296,12.19662724159412,48.78650896637648
41.5,97.54787658352285,146.32181487528428,73.16090743764214,24.386969145880713,-48.773938291761425,4.8773938291761425,195.0957531670457,-24.386969145880713,121.93484572940356,36.58045371882107,60.96742286470178,-97.54787658352285,12.193484572940356,48.773938291761425
41.6,97.52339579366239,146.28509369049357,73.14254684524678,24.380848948415597,-48.761697896831194,4.87616978968312,195.04679158732478,-24.380848948415597,121.90424474207799,36.57127342262339,60.952122371038996,-97.52339579366239,12.190424474207799,48.761697896831194
41.7,97.49973644563758,146.24960466845636,73.12480233422818,24.374934111409395,-48.74986822281879,4.87498682228188,194.99947289127516,-24.374934111409395,121.87467055704698,36.56240116711409,60.93733527852349,-97.49973644563758,12.187467055704698,48.74986822281879
41.800000000000004,97.4769870873088,146.2154806309632,73.1077403154816,24.3692467718272,-48.7384935436544,4.87384935436544,194.9539741746176,-24.3692467718272,121.84623385913599,36.5538701577408,60.923116929567996,-97.4769870873088,12.1846233859136,48.7384935436544
41.900000000000006,97.45524730068418,146.18287095102627,73.09143547551314,24.363811825171044,-48.72762365034209,4.872762365034209,194.91049460136836,-24.363811825171044,121.81905912585522,36.54571773775657,60.90952956292761,-97.45524730068418,12.181905912585522,48.72762365034209
42.0,97.43462930574513,146.1519439586177,73.07597197930885,24.358657326436283,-48.71731465287257,4.871731465287257,194.86925861149027,-24.358657326436283,121.79328663218142,36.53798598965442,60.89664331609071,-97.43462930574513,12.179328663218142,48.71731465287257
42.1,97.41519041053157,146.12278561579734,73.06139280789867,24.35379760263289,-48.70759520526578,4.870759520526579,194.83038082106313,-24.35379760263289,121.76898801316446,36.530696403949335,60.88449400658223,-97.41519041053157,12.176898801316446,48.70759520526578
42.2,97.39699749569262,146.09549624353892,73.04774812176946,24.349249373923154,-48.69849874784631,4.869849874784631,194.79399499138523,-24.349249373923154,121.74624686961577,36.52387406088473,60.87312343480789,-97.39699749569262,12.174624686961577,48.69849874784631
42.300000000000004,97.38008902297382,146.07013353446072,73.03506676723036,24.345022255743455,-48.69004451148691,4.869004451148691,194.76017804594764,-24.345022255743455,121.72511127871728,36.51753338361518,60.86255563935864,-97.38008902297382,12.172511127871728,48.69004451148691
42.400000000000006,97.3645216069674,146.0467824104511,73.02339120522555,24.34113040174185,-48.6822608034837,4.868226080348371,194.7290432139348,-24.34113040174185,121.70565200870925,36.511695602612775,60.852826004354625,-97.3645216069674,12.170565200870925,48.6822608034837
42.5,97.3503045515872,146.0254568273808,73.0127284136904,24.3375761378968,-48.6751522757936,4.867515227579361,194.7006091031744,-24.3375761378968,121.687880689484,36.5063642068452,60.843940344742,-97.3503045515872,12.1687880689484,48.6751522757936
42.6,97.3373962452605,146.00609436789077,73.00304718394538,24.334349061315127,-48.66869812263025,4.866869812263026,194.674792490521,-24.334349061315127,121.67174530657563,36.50152359197269,60.835872653287815,-97.3373962452605,12.167174530657563,48.66869812263025
42.7,97.32578768701694,145.9886815305254,72.9943407652627,24.331446921754235,-48.66289384350847,4.866289384350847,194.65157537403388,-24.331446921754235,121.65723460877118,36.49717038263135,60.82861730438559,-97.32578768701694,12.165723460877118,48.66289384350847
42.800000000000004,97.31547417009888,145.97321125514833,72.98660562757416,24.32886854252472,-48.65773708504944,4.865773708504944,194.63094834019776,-24.32886854252472,121.6443427126236,36.49330281378708,60.8221713563118,-97.31547417009888,12.16443427126236,48.65773708504944
42.900000000000006,97.30644184088986,145.95966276133478,72.97983138066739,24.326610460222465,-48.65322092044493,4.865322092044494,194.61288368177972,-24.326610460222465,121.63305230111233,36.489915690333696,60.816526150556165,-97.30644184088986,12.163305230111233,48.65322092044493
43.0,97.29866807401527,145.9480021110229,72.97400105551145,24.324667018503817,-48.649334037007634,4.864933403700764,194.59733614803054,-24.324667018503817,121.62333509251908,36.487000527755725,60.81166754625954,-97.29866807401527,12.162333509251908,48.649334037007634
43.1,97.29209562158506,145.9381434323776,72.9690717161888,24.323023905396266,-48.64604781079253,4.864604781079254,194.58419124317012,-24.323023905396266,121.61511952698133,36.4845358580944,60.807559763490666,-97.29209562158506,12.161511952698133,48.64604781079253
43.2,97.28666660488368,145.9299999073255,72.96499995366275,24.32166665122092,-48.64333330244184,4.864333330244184,194.57333320976736,-24.32166665122092,121.6083332561046,36.48249997683138,60.8041666280523,-97.28666660488368,12.16083332561046,48.64333330244184
43.300000000000004,97.28241741569109,145.92362612353662,72.96181306176831,24.32060435392277,-48.64120870784554,4.8641208707845545,194.56483483138217,-24.32060435392277,121.60302176961386,36.480906530884155,60.80151088480693,-97.28241741569109,12.160302176961386,48.64120870784554
43.400000000000006,97.27939133472454,145.9190870020868,72.9595435010434,24.319847833681134,-48.63969566736227,4.863969566736227,194.55878266944907,-24.319847833681134,121.59923916840567,36.4797717505217,60.79961958420284,-97.27939133472454,12.159923916840567,48.63969566736227
43.5,97.27763436118977,145.91645154178465,72.95822577089233,24.319408590297442,-48.638817180594884,4.863881718059488,194.55526872237954,-24.319408590297442,121.59704295148721,36.47911288544616,60.798521475743605,-97.27763436118977,12.159704295148721,48.638817180594884
43.6,97.27722094073435,145.91583141110152,72.95791570555076,24.319305235183588,-48.638610470367176,4.863861047036718,194.5544418814687,-24.319305235183588,121.59652617591794,36.47895785277538,60.79826308795897,-97.27722094073435,12.159652617591794,48.638610470367176
43.7,97.27826458095603,145.91739687143405,72.95869843571703,24.31956614523901,-48.63913229047802,4.863913229047802,194.55652916191207,-24.31956614523901,121.59783072619504,36.47934921785851,60.79891536309752,-97.27826458095603,12.159783072619504,48.63913229047802
43.800000000000004,97.2809033173127,145.92135497596905,72.96067748798453,24.320225829328177,-48.64045165865635,4.864045165865636,194.5618066346254,-24.320225829328177,121.60112914664089,36.48033874399226,60.80056457332044,-97.2809033173127,12.160112914664088,48.64045165865635
43.900000000000006,97.28531354445482,145.92797031668223,72.96398515834112,24.321328386113706,-48.64265677222741,4.8642656772227415,194.57062708890965,-24.321328386113706,121.60664193056853,36.48199257917056,60.803320965284264,-97.28531354445482,12.160664193056853,48.64265677222741
44.0,97.29166211310469,145.93749316965705,72.96874658482852,24.322915528276173,-48.645831056552346,4.864583105655235,194.58332422620938,-24.322915528276173,121.61457764138086,36.48437329241426,60.80728882069043,-97.29166211310469,12.161457764138087,48.645831056552346
44.1,97.30008042305066,145.950120634576,72.975060317288,24.325020105762665,-48.65004021152533,4.865004021152533,194.60016084610132,-24.325020105762665,121.62510052881332,36.487530158644,60.81255026440666,-97.30008042305066,12.162510052881332,48.65004021152533
44.2,97.31063839264655,145.96595758896984,72.98297879448492,24.327659598161638,-48.655319196323276,4.865531919632328,194.6212767852931,-24.327659598161638,121.63829799080818,36.49148939724246,60.81914899540409,-97.31063839264655,12.163829799080819,48.655319196323276
44.300000000000004,97.32335303115624,145.98502954673438,72.99251477336719,24.33083825778906,-48.66167651557812,4.866167651557813,194.6467060623125,-24.33083825778906,121.6541912889453,36.496257386683595,60.82709564447265,-97.32335303115624,12.16541912889453,48.66167651557812
44.400000000000006,97.33820874716751,146.00731312075126,73.00365656037563,24.33455218679188,-48.66910437358376,4.866910437358376,194.67641749433503,-24.33455218679188,121.6727609339594,36.501828280187816,60.8363804669797,-97.33820874716751,12.16727609339594,48.66910437358376
44.5,97.35521495131745,146.03282242697617,73.01641121348808,24.338803737829362,-48.677607475658725,4.867760747565873,194.7104299026349,-24.338803737829362,121.69401868914682,36.50820560674404,60.84700934457341,-97.35521495131745,12.169401868914681,48.677607475658725
44.6,97.37441607790785,146.06162411686176,73.03081205843088,24.343604019476963,-48.687208038953926,4.868720803895393,194.7488321558157,-24.343604019476963,121.71802009738482,36.51540602921544,60.85901004869241,-97.37441607790785,12.171802009738482,48.687208038953926
44.7,97.39586245151506,146.09379367727257,73.04689683863629,24.348965612878764,-48.69793122575753,4.869793122575754,194.79172490303012,-24.348965612878764,121.74482806439383,36.52344841931814,60.872414032196914,-97.39586245151506,12.174482806439382,48.69793122575753
44.800000000000004,97.41962234827378,146.12943352241066,73.06471676120533,24.354905587068444,-48.70981117413689,4.870981117413689,194.83924469654755,-24.354905587068444,121.77452793534222,36.532358380602666,60.88726396767111,-97.41962234827378,12.177452793534222,48.70981117413689
44.900000000000006,97.44575132969788,146.16862699454683,73.08431349727341,24.36143783242447,-48.72287566484894,4.872287566484895,194.89150265939577,-24.36143783242447,121.80718916212236,36.54215674863671,60.90359458106118,-97.44575132969788,12.180718916212236,48.72287566484894
45.0,97.47431510026823,146.21147265040236,73.10573632520118,24.368578775067057,-48.737157550134114,4.873715755013412,194.94863020053646,-24.368578775067057,121.84289387533528,36.55286816260059,60.92144693766764,-97.47431510026823,12.184289387533529,48.737157550134114
45.1,97.50541865099298,146.25812797648948,73.12906398824474,24.376354662748245,-48.75270932549649,4.8752709325496495,195.01083730198596,-24.376354662748245,121.88177331374122,36.56453199412237,60.94088665687061,-97.50541865099298,12.188177331374122,48.75270932549649
45.2,97.53919124161908,146.30878686242863,73.15439343121432,24.38479781040477,-48.76959562080954,4.8769595620809545,195.07838248323816,-24.38479781040477,121.92398905202384,36.57719671560716,60.96199452601192,-97.53919124161908,12.192398905202385,48.76959562080954
45.300000000000004,97.5757277715688,146.3635916573532,73.1817958286766,24.3939319428922,-48.7878638857844,4.87878638857844,195.1514555431376,-24.3939319428922,121.96965971446099,36.5908979143383,60.984829857230494,-97.5757277715688,12.1969659714461,48.7878638857844
45.400000000000006,97.6150762305904,146.42261434588562,73.21130717294281,24.4037690576476,-48.8075381152952,4.88075381152952,195.2301524611808,-24.4037690576476,122.018845288238,36.605653586471405,61.009422644119,-97.6150762305904,12.2018845288238,48.8075381152952
45.5,97.65724786450956,146.48587179676434,73.24293589838217,24.41431196612739,-48.82862393225478,4.882862393225478,195.31449572901911,-24.41431196612739,122.07155983063694,36.621467949191086,61.03577991531847,-97.65724786450956,12.207155983063695,48.82862393225478
45.6,97.70221294108005,146.55331941162007,73.27665970581003,24.425553235270012,-48.851106470540024,4.885110647054002,195.4044258821601,-24.425553235270012,122.12776617635006,36.63832985290502,61.06388308817503,-97.70221294108005,12.212776617635006,48.851106470540024
45.7,97.74991316518671,146.62486974778005,73.31243487389003,24.437478291296678,-48.874956582593356,4.887495658259336,195.49982633037342,-24.437478291296678,122.1873914564834,36.65621743694501,61.0936957282417,-97.74991316518671,12.218739145648339,48.874956582593356
45.800000000000004,97.80019961776937,146.70029942665406,73.35014971332703,24.45004990444234,-48.90009980888468,4.890009980888468,195.60039923553873,-24.45004990444234,122.2502495222117,36.675074856663514,61.12512476110585,-97.80019961776937,12.22502495222117,48.90009980888468
45.900000000000006,97.85290373240856,146.77935559861285,73.38967779930643,24.46322593310214,-48.92645186620428,4.892645186620428,195.70580746481713,-24.46322593310214,122.3161296655107,36.69483889965321,61.15806483275535,-97.85290373240856,12.23161296655107,48.92645186620428
46.0,97.90781268869617,146.86171903304427,73.43085951652213,24.476953172174042,-48.953906344348084,4.895390634434809,195.81562537739234,-24.476953172174042,122.3847658608702,36.71542975826107,61.1923829304351,-97.90781268869617,12.238476586087021,48.953906344348084
46.1,97.96478089248123,146.94717133872183,73.47358566936092,24.491195223120307,-48.982390446240615,4.898239044624062,195.92956178496246,-24.491195223120307,122.45597611560154,36.73679283468046,61.22798805780077,-97.96478089248123,12.245597611560154,48.982390446240615
46.2,98.02371876048724,147.03557814073088,73.51778907036544,24.50592969012181,-49.01185938024362,4.901185938024362,196.04743752097448,-24.50592969012181,122.52964845060905,36.75889453518272,61.26482422530452,-98.02371876048724,12.252964845060905,49.01185938024362
46.300000000000004,98.08457107938895,147.1268566190834,73.5634283095417,24.521142769847238,-49.042285539694475,4.904228553969448,196.1691421587779,-24.521142769847238,122.6057138492362,36.78171415477085,61.3028569246181,-98.08457107938895,12.260571384923619,49.042285539694475
46.400000000000006,98.14726333111933,147.220894996679,73.6104474983395,24.536815832779833,-49.07363166555967,4.907363166555967,196.29452666223867,-24.536815832779833,122.68407916389917,36.80522374916975,61.342039581949585,-98.14726333111933,12.268407916389917,49.07363166555967
46.5,98.21169578600508,147.31754367900763,73.65877183950381,24.55292394650127,-49.10584789300254,4.9105847893002545,196.42339157201016,-24.55292394650127,122.76461973250635,36.82938591975191,61.38230986625317,-98.21169578600508,12.276461973250635,49.10584789300254
46.6,98.27770236423534,147.41655354635301,73.70827677317651,24.569425591058835,-49.13885118211767,4.913885118211767,196.55540472847068,-24.569425591058835,122.84712795529417,36.854138386588254,61.423563977647085,-98.27770236423534,12.284712795529417,49.13885118211767
46.7,98.34512933614147,147.51769400421222,73.75884700210611,24.586282334035367,-49.172564668070734,4.917256466807074,196.69025867228294,-24.586282334035367,122.93141167017683,36.879423501053054,61.465705835088414,-98.34512933614147,12.293141167017684,49.172564668070734
46.800000000000004,98.41389861685356,147.62084792528034,73.81042396264017,24.60347465421339,-49.20694930842678,4.920694930842679,196.82779723370712,-24.60347465421339,123.01737327106694,36.905211981320086,61.50868663553347,-98.41389861685356,12.301737327106695,49.20694930842678
46.900000000000006,98.48389556713889,147.72584335070832,73.86292167535416,24.620973891784722,-49.241947783569444,4.924194778356945,196.96779113427777,-24.620973891784722,123.10486945892362,36.93146083767708,61.55243472946181,-98.48389556713889,12.310486945892361,49.241947783569444
47.0,98.55495866940063,147.83243800410094,73.91621900205047,24.63873966735016,-49.27747933470032,4.927747933470032,197.10991733880127,-24.63873966735016,123.1936983367508,36.958109501025234,61.5968491683754,-98.55495866940063,12.31936983367508,49.27747933470032
47.1,98.62687243623209,147.94030865434814,73.97015432717407,24.656718109058023,-49.313436218116045,4.931343621811605,197.25374487246418,-24.656718109058023,123.28359054529011,36.985077163587036,61.641795272645055,-98.62687243623209,12.328359054529011,49.313436218116045
47.2,98.69943613577227,148.04915420365842,74.02457710182921,24.67485903394307,-49.34971806788614,4.934971806788614,197.39887227154455,-24.67485903394307,123.37429516971534,37.012288550914604,61.68714758485767,-98.69943613577227,12.337429516971534,49.34971806788614
47.300000000000004,98.77248398572762,148.15872597859143,74.07936298929572,24.693120996431905,-49.38624199286381,4.938624199286381,197.54496797145524,-24.693120996431905,123.46560498215952,37.03968149464786,61.73280249107976,-98.77248398572762,12.346560498215952,49.38624199286381
47.400000000000006,98.84587649555864,148.26881474333797,74.13440737166898,24.71146912388966,-49.42293824777932,4.942293824777932,197.69175299111728,-24.71146912388966,123.5573456194483,37.06720368583449,61.77867280972415,-98.84587649555864,12.35573456194483,49.42293824777932
47.5,98.91952128546407,148.37928192819612,74.18964096409806,24.729880321366018,-49.459760642732036,4.945976064273204,197.83904257092814,-24.729880321366018,123.64940160683008,37.09482048204903,61.82470080341504,-98.91952128546407,12.364940160683009,49.459760642732036
47.6,98.99331488876106,148.4899723331416,74.2449861665708,24.748328722190266,-49.49665744438053,4.949665744438054,197.98662977752213,-24.748328722190266,123.74164361095133,37.1224930832854,61.870821805475664,-98.99331488876106,12.374164361095133,49.49665744438053
47.7,99.06714613406245,148.60071920109368,74.30035960054684,24.766786533515614,-49.53357306703123,4.953357306703123,198.1342922681249,-24.766786533515614,123.83393266757807,37.15017980027342,61.916966333789034,-99.06714613406245,12.383393266757807,49.53357306703123
47.800000000000004,99.14088029782664,148.71132044673996,74.35566022336998,24.78522007445666,-49.57044014891332,4.957044014891332,198.28176059565328,-24.78522007445666,123.9261003722833,37.17783011168499,61.96305018614165,-99.14088029782664,12.39261003722833,49.57044014891332
47.900000000000006,99.21442531489984,148.82163797234978,74.41081898617489,24.80360632872496,-49.60721265744992,4.960721265744993,198.42885062979968,-24.80360632872496,124.0180316436248,37.205409493087444,62.0090158218124,-99.21442531489984,12.40180316436248,49.60721265744992
48.0,99.28766604146581,148.93149906219872,74.46574953109936,24.821916510366453,-49.643833020732906,4.964383302073291,198.57533208293162,-24.821916510366453,124.10958255183226,37.23287476554968,62.05479127591613,-99.28766604146581,12.410958255183226,49.643833020732906
48.1,99.36044261913719,149.04066392870578,74.52033196435289,24.840110654784297,-49.680221309568594,4.96802213095686,198.72088523827438,-24.840110654784297,124.20055327392149,37.260165982176446,62.10027663696074,-99.36044261913719,12.420055327392149,49.680221309568594
48.2,99.43266566197029,149.14899849295543,74.57449924647771,24.858166415492573,-49.716332830985145,4.971633283098515,198.86533132394058,-24.858166415492573,124.29083207746287,37.28724962323886,62.14541603873143,-99.43266566197029,12.429083207746286,49.716332830985145
48.300000000000004,99.50430711827389,149.25646067741081,74.62823033870541,24.87607677956847,-49.75215355913694,4.9752153559136945,199.00861423654777,-24.87607677956847,124.38038389784236,37.314115169352704,62.19019194892118,-99.50430711827389,12.438038389784236,49.75215355913694
48.400000000000006,99.57539723846375,149.3630958576956,74.6815479288478,24.893849309615938,-49.787698619231875,4.978769861923188,199.1507944769275,-24.893849309615938,124.4692465480797,37.3407739644239,62.23462327403985,-99.57539723846375,12.446924654807969,49.787698619231875
48.5,99.64600354710925,149.46900532066388,74.73450266033194,24.91150088677731,-49.82300177355462,4.982300177355462,199.2920070942185,-24.91150088677731,124.55750443388655,37.36725133016597,62.278752216943275,-99.64600354710925,12.455750443388656,49.82300177355462
48.6,99.71622211432421,149.57433317148633,74.78716658574317,24.929055528581053,-49.858111057162105,4.985811105716211,199.43244422864842,-24.929055528581053,124.64527764290526,37.39358329287158,62.32263882145263,-99.71622211432421,12.464527764290526,49.858111057162105
48.7,99.78616473974319,149.67924710961478,74.83962355480739,24.946541184935796,-49.89308236987159,4.98930823698716,199.57232947948637,-24.946541184935796,124.73270592467898,37.419811777403694,62.36635296233949,-99.78616473974319,12.473270592467898,49.89308236987159
48.800000000000004,99.85592793944353,149.7838919091653,74.89194595458265,24.963981984860883,-49.927963969721766,4.992796396972177,199.71185587888706,-24.963981984860883,124.81990992430441,37.445972977291326,62.409954962152206,-99.85592793944353,12.481990992430442,49.927963969721766
48.900000000000006,99.92558531394894,149.88837797092341,74.94418898546171,24.981396328487236,-49.96279265697447,4.9962792656974475,199.8511706278979,-24.981396328487236,124.90698164243618,37.472094492730854,62.45349082121809,-99.92558531394894,12.490698164243618,49.96279265697447
49.0,99.995207018765,149.99281052814752,74.99640526407376,24.99880175469125,-49.9976035093825,4.99976035093825,199.99041403753,-24.99880175469125,124.99400877345624,37.49820263203688,62.49700438672812,-99.995207018765,12.499400877345625,49.9976035093825
49.1,100.06488757523792,150.0973313628569,75.04866568142845,25.01622189380948,-50.03244378761896,5.003244378761896,200.12977515047584,-25.01622189380948,125.08110946904739,37.52433284071422,62.540554734523695,-100.06488757523792,12.50811094690474,50.03244378761896
49.2,100.13470240522959,150.2020536078444,75.1010268039222,25.033675601307397,-50.067351202614795,5.00673512026148,200.26940481045918,-25.033675601307397,125.16837800653698,37.5505134019611,62.58418900326849,-100.13470240522959,12.516837800653699,50.067351202614795
49.300000000000004,100.20468014188901,150.30702021283352,75.15351010641676,25.051170035472254,-50.10234007094451,5.010234007094451,200.40936028377803,-25.051170035472254,125.25585017736127,37.57675505320838,62.627925088680634,-100.20468014188901,12.525585017736127,50.10234007094451
49.400000000000006,100.2749146770336,150.4123720155504,75.2061860077752,25.0687286692584,-50.1374573385168,5.013745733851681,200.5498293540672,-25.0687286692584,125.34364334629201,37.6030930038876,62.671821673146006,-100.2749146770336,12.5343643346292,50.1374573385168
49.5,100.34558316915859,150.51837475373787,75.25918737686894,25.086395792289647,-50.172791584579294,5.01727915845793,200.69116633831717,-25.086395792289647,125.43197896144824,37.62959368843447,62.71598948072412,-100.34558316915859,12.543197896144823,50.172791584579294
49.6,100.41685914932422,150.62528872398633,75.31264436199316,25.104214787331056,-50.20842957466211,5.020842957466211,200.83371829864845,-25.104214787331056,125.52107393665528,37.65632218099658,62.76053696832764,-100.41685914932422,12.552107393665528,50.20842957466211
49.7,100.48888849242098,150.73333273863147,75.36666636931574,25.122222123105246,-50.24444424621049,5.024444424621049,200.97777698484197,-25.122222123105246,125.61111061552623,37.68333318465787,62.805555307763115,-100.48888849242098,12.561111061552623,50.24444424621049
49.800000000000004,100.56183409813167,150.8427511471975,75.42137557359875,25.140458524532917,-50.280917049065835,5.028091704906584,201.12366819626334,-25.140458524532917,125.70229262266459,37.710687786799376,62.85114631133229,-100.56183409813167,12.570229262266459,50.280917049065835
49.900000000000006,100.63585764848031,150.95378647272048,75.47689323636024,25.158964412120078,-50.317928824240155,5.031792882424016,201.27171529696062,-25.158964412120078,125.79482206060038,37.73844661818012,62.89741103030019,-100.63585764848031,12.579482206060039,50.317928824240155
50.0,100.71106374469149,151.06659561703722,75.53329780851861,25.17776593617287,-50.35553187234574,5.035553187234575,201.42212748938297,-25.17776593617287,125.88882968086436,37.766648904259306,62.94441484043218,-100.71106374469149,12.588882968086436,50.35553187234574
50.1,100.78754015425191,151.18131023137786,75.59065511568893,25.19688503856298,-50.39377007712596,5.039377007712596,201.57508030850383,-25.19688503856298,125.9844251928149,37.795327557844466,62.99221259640745,-100.78754015425191,12.59844251928149,50.39377007712596
50.2,100.86537559077064,151.29806338615595,75.64903169307797,25.21634389769266,-50.43268779538532,5.043268779538533,201.73075118154128,-25.21634389769266,126.0817194884633,37.824515846538986,63.04085974423165,-100.86537559077064,12.60817194884633,50.43268779538532
50.300000000000004,100.9446373521577,151.41695602823654,75.70847801411827,25.236159338039425,-50.47231867607885,5.047231867607885,201.8892747043154,-25.236159338039425,126.18079669019713,37.854239007059135,63.09039834509856,-100.9446373521577,12.618079669019712,50.47231867607885
50.400000000000006,101.02533916429827,151.53800874644742,75.76900437322371,25.25633479107457,-50.51266958214914,5.051266958214914,202.05067832859655,-25.25633479107457,126.28167395537284,37.884502186611854,63.14083697768642,-101.02533916429827,12.628167395537284,50.51266958214914
50.5,101.10747846539965,151.66121769809948,75.83060884904974,25.276869616349913,-50.553739232699826,5.055373923269983,202.2149569307993,-25.276869616349913,126.38434808174956,37.91530442452487,63.19217404087478,-101.10747846539965,12.638434808174956,50.553739232699826
50.6,101.1910074157076,151.7865111235614,75.8932555617807,25.2977518539269,-50.5955037078538,5.059550370785381,202.3820148314152,-25.2977518539269,126.4887592696345,37.94662778089035,63.24437963481725,-101.1910074157076,12.64887592696345,50.5955037078538
50.7,101.27584589825413,151.9137688473812,75.9568844236906,25.318961474563533,-50.637922949127066,5.063792294912707,202.55169179650827,-25.318961474563533,126.59480737281767,37.9784422118453,63.297403686408835,-101.27584589825413,12.659480737281767,50.637922949127066
50.800000000000004,101.36194742941379,152.04292114412067,76.02146057206033,25.340486857353447,-50.680973714706894,5.06809737147069,202.72389485882758,-25.340486857353447,126.70243428676724,38.01073028603017,63.35121714338362,-101.36194742941379,12.670243428676724,50.680973714706894
50.900000000000006,101.44925232740545,152.17387849110816,76.08693924555408,25.36231308185136,-50.72462616370272,5.072462616370273,202.8985046548109,-25.36231308185136,126.81156540925681,38.04346962277704,63.40578270462841,-101.44925232740545,12.68115654092568,50.72462616370272
51.0,101.53767888692391,152.30651833038587,76.15325916519294,25.38441972173098,-50.76883944346196,5.076883944346196,203.07535777384783,-25.38441972173098,126.92209860865489,38.07662958259647,63.461049304327446,-101.53767888692391,12.69220986086549,50.76883944346196
51.1,101.62717809104683,152.44076713657023,76.22038356828511,25.406794522761707,-50.813589045523415,5.081358904552342,203.25435618209366,-25.406794522761707,127.03397261380854,38.11019178414256,63.51698630690427,-101.62717809104683,12.703397261380854,50.813589045523415
51.2,101.71771433071676,152.57657149607513,76.28828574803757,25.42942858267919,-50.85885716535838,5.085885716535838,203.43542866143352,-25.42942858267919,127.14714291339595,38.14414287401878,63.57357145669798,-101.71771433071676,12.714714291339595,50.85885716535838
51.300000000000004,101.80923078008655,152.71384617012984,76.35692308506492,25.452307695021638,-50.904615390043276,5.090461539004328,203.6184615601731,-25.452307695021638,127.26153847510818,38.17846154253246,63.63076923755409,-101.80923078008655,12.726153847510819,50.904615390043276
51.400000000000006,101.90168919290204,152.85253378935306,76.42626689467653,25.47542229822551,-50.95084459645102,5.095084459645102,203.80337838580408,-25.47542229822551,127.37711149112755,38.213133447338265,63.688555745563775,-101.90168919290204,12.737711149112755,50.95084459645102
51.5,101.99499735434755,152.9924960315213,76.49624801576066,25.498749338586887,-50.99749867717377,5.099749867717378,203.9899947086951,-25.498749338586887,127.49374669293444,38.24812400788033,63.74687334646722,-101.99499735434755,12.749374669293443,50.99749867717377
51.6,102.0890986535373,153.13364798030597,76.56682399015298,25.522274663384326,-51.04454932676865,5.104454932676866,204.1781973070746,-25.522274663384326,127.61137331692163,38.28341199507649,63.805686658460814,-102.0890986535373,12.761137331692163,51.04454932676865
51.7,102.18390051392666,153.27585077088997,76.63792538544499,25.545975128481665,-51.09195025696333,5.109195025696334,204.36780102785332,-25.545975128481665,127.72987564240833,38.318962692722494,63.864937821204165,-102.18390051392666,12.772987564240832,51.09195025696333
51.800000000000004,102.27928231977774,153.4189234796666,76.7094617398333,25.569820579944434,-51.13964115988887,5.113964115988887,204.55856463955547,-25.569820579944434,127.84910289972217,38.35473086991665,63.924551449861085,-102.27928231977774,12.784910289972217,51.13964115988887
51.900000000000006,102.37508304796734,153.562624571951,76.7813122859755,25.593770761991834,-51.18754152398367,5.118754152398367,204.75016609593467,-25.593770761991834,127.96885380995917,38.39065614298775,63.984426904979586,-102.37508304796734,12.796885380995917,51.18754152398367
52.0,102.47114630194238,153.70671945291357,76.85335972645679,25.617786575485596,-51.23557315097119,5.12355731509712,204.94229260388477,-25.617786575485596,128.08893287742796,38.426679863228394,64.04446643871398,-102.47114630194238,12.808893287742798,51.23557315097119
52.1,102.56726258579769,153.85089387869652,76.92544693934826,25.641815646449423,-51.283631292898846,5.128363129289885,205.13452517159539,-25.641815646449423,128.20907823224712,38.46272346967413,64.10453911612356,-102.56726258579769,12.820907823224712,51.283631292898846
52.2,102.66314802205255,153.99472203307883,76.99736101653941,25.66578700551314,-51.33157401102628,5.133157401102628,205.3262960441051,-25.66578700551314,128.3289350275657,38.49868050826971,64.16446751378285,-102.66314802205255,12.83289350275657,51.33157401102628
52.300000000000004,102.7584929627366,154.1377394441049,77.06886972205245,25.68962324068415,-51.3792464813683,5.13792464813683,205.5169859254732,-25.68962324068415,128.44811620342074,38.53443486102623,64.22405810171037,-102.7584929627366,12.844811620342075,51.3792464813683
52.400000000000006,102.8530532982935,154.27957994744025,77.13978997372013,25.713263324573376,-51.42652664914675,5.142652664914675,205.706106596587,-25.713263324573376,128.56631662286688,38.569894986860064,64.28315831143344,-102.8530532982935,12.856631662286688,51.42652664914675
52.5,102.94657238918694,154.4198585837804,77.2099292918902,25.736643097296735,-51.47328619459347,5.147328619459348,205.89314477837388,-25.736643097296735,128.68321548648368,38.6049646459451,64.34160774324184,-102.94657238918694,12.868321548648368,51.47328619459347
52.6,103.03879064658868,154.55818596988303,77.27909298494151,25.75969766164717,-51.51939532329434,5.151939532329434,206.07758129317736,-25.75969766164717,128.79848830823585,38.63954649247076,64.39924415411792,-103.03879064658868,12.879848830823585,51.51939532329434
52.7,103.12946463909506,154.69419695864258,77.34709847932129,25.782366159773765,-51.56473231954753,5.156473231954753,206.25892927819012,-25.782366159773765,128.91183079886883,38.673549239660645,64.45591539943442,-103.12946463909506,12.891183079886883,51.56473231954753
52.800000000000004,103.21836733277897,154.82755099916847,77.41377549958423,25.804591833194742,-51.609183666389484,5.160918366638949,206.43673466555794,-25.804591833194742,129.0229591659737,38.706887749792116,64.51147958298685,-103.21836733277897,12.902295916597371,51.609183666389484
52.900000000000006,103.30531915272294,154.9579787290844,77.4789893645422,25.826329788180736,-51.65265957636147,5.165265957636148,206.6106383054459,-25.826329788180736,129.1316489409037,38.7394946822711,64.56582447045184,-103.30531915272294,12.913164894090368,51.65265957636147
53.0,103.39014864659163,155.08522296988744,77.54261148494372,25.847537161647907,-51.69507432329581,5.169507432329581,206.78029729318325,-25.847537161647907,129.23768580823952,38.77130574247186,64.61884290411976,-103.39014864659163,12.923768580823953,51.69507432329581
53.1,103.47270969626905,155.2090645444036,77.6045322722018,25.868177424067262,-51.736354848134525,5.1736354848134525,206.9454193925381,-25.868177424067262,129.3408871203363,38.8022661361009,64.67044356016815,-103.47270969626905,12.934088712033631,51.736354848134525
53.2,103.55290785433681,155.3293617815052,77.6646808907526,25.888226963584202,-51.776453927168404,5.17764539271684,207.10581570867362,-25.888226963584202,129.441134817921,38.8323404453763,64.7205674089605,-103.55290785433681,12.944113481792101,51.776453927168404
53.300000000000004,103.63064722269465,155.445970834042,77.722985417021,25.907661805673662,-51.815323611347324,5.181532361134733,207.2612944453893,-25.907661805673662,129.5383090283683,38.8614927085105,64.76915451418415,-103.63064722269465,12.953830902836831,51.815323611347324
53.400000000000006,103.70585134034553,155.5587770105183,77.77938850525915,25.926462835086383,-51.852925670172766,5.185292567017277,207.41170268069106,-25.926462835086383,129.63231417543193,38.889694252629575,64.81615708771596,-103.70585134034553,12.963231417543192,51.852925670172766
53.5,103.77844935250046,155.6676740287507,77.83383701437535,25.944612338125115,-51.88922467625023,5.188922467625023,207.55689870500092,-25.944612338125115,129.72306169062557,38.916918507187674,64.86153084531279,-103.77844935250046,12.972306169062557,51.88922467625023
53.6,103.8483807019916,155.77257105298742,77.88628552649371,25.9620951754979,-51.9241903509958,5.19241903509958,207.6967614039832,-25.9620951754979,129.8104758774895,38.943142763246854,64.90523793874475,-103.8483807019916,12.98104758774895,51.9241903509958
53.7,103.91561658621403,155.87342487932105,77.93671243966052,25.978904146553507,-51.957808293107014,5.195780829310702,207.83123317242806,-25.978904146553507,129.89452073276755,38.96835621983026,64.94726036638377,-103.91561658621403,12.989452073276754,51.957808293107014
53.800000000000004,103.9800706683774,155.9701060025661,77.98505300128305,25.99501766709435,-51.9900353341887,5.19900353341887,207.9601413367548,-25.99501766709435,129.97508833547175,38.992526500641524,64.98754416773588,-103.9800706683774,12.997508833547174,51.9900353341887
53.900000000000006,104.04161117622796,156.06241676434195,78.03120838217097,26.01040279405699,-52.02080558811398,5.2020805588113985,208.08322235245592,-26.01040279405699,130.05201397028495,39.01560419108549,65.02600698514247,-104.04161117622796,13.005201397028495,52.02080558811398
54.0,104.10012692496186,156.1501903874428,78.0750951937214,26.025031731240464,-52.05006346248093,5.205006346248093,208.2002538499237,-26.025031731240464,130.12515865620233,39.0375475968607,65.06257932810117,-104.10012692496186,13.012515865620232,52.05006346248093
54.1,104.15553891631497,156.23330837447244,78.11665418723622,26.03888472907874,-52.07776945815748,5.207776945815748,208.31107783262993,-26.03888472907874,130.1944236453937,39.05832709361811,65.09721182269685,-104.15553891631497,13.01944236453937,52.07776945815748
54.2,104.2078059585234,156.31170893778508,78.15585446889254,26.05195148963085,-52.1039029792617,5.21039029792617,208.4156119170468,-26.05195148963085,130.25975744815423,39.07792723444627,65.12987872407712,-104.2078059585234,13.025975744815424,52.1039029792617
54.300000000000004,104.25686631155618,156.38529946733428,78.19264973366714,26.064216577889045,-52.12843315577809,5.2128433155778096,208.51373262311236,-26.064216577889045,130.32108288944522,39.09632486683357,65.16054144472261,-104.25686631155618,13.032108288944523,52.12843315577809
54.400000000000006,104.30260260921114,156.4539039138167,78.22695195690835,26.075650652302784,-52.15130130460557,5.215130130460557,208.60520521842227,-26.075650652302784,130.37825326151392,39.113475978454176,65.18912663075696,-104.30260260921114,13.037825326151392,52.15130130460557
54.5,104.34480162126394,156.5172024318959,78.25860121594795,26.086200405315985,-52.17240081063197,5.217240081063197,208.68960324252788,-26.086200405315985,130.43100202657993,39.129300607973974,65.21550101328997,-104.34480162126394,13.043100202657993,52.17240081063197
54.6,104.3833377925168,156.5750066887752,78.2875033443876,26.0958344481292,-52.1916688962584,5.21916688962584,208.7666755850336,-26.0958344481292,130.479172240646,39.1437516721938,65.239586120323,-104.3833377925168,13.0479172240646,52.1916688962584
54.7,104.4181279991208,156.6271919986812,78.3135959993406,26.1045319997802,-52.2090639995604,5.22090639995604,208.8362559982416,-26.1045319997802,130.522659998901,39.1567979996703,65.2613299994505,-104.4181279991208,13.0522659998901,52.2090639995604
54.800000000000004,104.44917401762636,156.67376102643954,78.33688051321977,26.11229350440659,-52.22458700881318,5.222458700881319,208.89834803525272,-26.11229350440659,130.56146752203296,39.168440256609884,65.28073376101648,-104.44917401762636,13.056146752203295,52.22458700881318
54.900000000000006,104.47656484949005,156.71484727423507,78.35742363711753,26.11914121237251,-52.23828242474502,5.223828242474503,208.9531296989801,-26.11914121237251,130.59570606186256,39.17871181855877,65.29785303093128,-104.47656484949005,13.059570606186256,52.23828242474502
55.0,104.50038272207108,156.7505740831066,78.3752870415533,26.12509568051777,-52.25019136103554,5.225019136103555,209.00076544414216,-26.12509568051777,130.62547840258884,39.18764352077665,65.31273920129442,-104.50038272207108,13.062547840258885,52.25019136103554
55.1,104.52068369511558,156.78102554267338,78.39051277133669,26.130170923778895,-52.26034184755779,5.226034184755779,209.04136739023116,-26.130170923778895,130.65085461889447,39.195256385668344,65.32542730944724,-104.52068369511558,13.065085461889447,52.26034184755779
55.2,104.53755280171018,156.80632920256528,78.40316460128264,26.134388200427544,-52.26877640085509,5.226877640085509,209.07510560342035,-26.134388200427544,130.67194100213771,39.20158230064132,65.33597050106886,-104.53755280171018,13.067194100213772,52.26877640085509
55.300000000000004,104.55110859782934,156.826662896744,78.413331448372,26.137777149457335,-52.27555429891467,5.227555429891467,209.10221719565868,-26.137777149457335,130.6888857472867,39.206665724186,65.34444287364335,-104.55110859782934,13.068888574728668,52.27555429891467
55.400000000000006,104.56153678374145,156.84230517561218,78.42115258780609,26.14038419593536,-52.28076839187072,5.2280768391870724,209.1230735674829,-26.14038419593536,130.7019209796768,39.210576293903046,65.3509604898384,-104.56153678374145,13.07019209796768,52.28076839187072
55.5,104.56898622252419,156.85347933378628,78.42673966689314,26.142246555631047,-52.284493111262094,5.22844931112621,209.13797244504838,-26.142246555631047,130.71123277815525,39.21336983344657,65.35561638907762,-104.56898622252419,13.071123277815524,52.284493111262094
55.6,104.57365179013004,156.86047768519506,78.43023884259753,26.14341294753251,-52.28682589506502,5.228682589506502,209.1473035802601,-26.14341294753251,130.71706473766255,39.215119421298766,65.35853236883128,-104.57365179013004,13.071706473766255,52.28682589506502
55.7,104.57580783890387,156.8637117583558,78.4318558791779,26.143951959725968,-52.287903919451935,5.228790391945194,209.15161567780774,-26.143951959725968,130.71975979862984,39.21592793958895,65.35987989931492,-104.57580783890387,13.071975979862984,52.287903919451935
55.800000000000004,104.57566404524721,156.8634960678708,78.4317480339354,26.143916011311802,-52.287832022623604,5.228783202262361,209.15132809049442,-26.143916011311802,130.719580056559,39.2158740169677,65.3597900282795,-104.57566404524721,13.071958005655901,52.287832022623604
55.900000000000006,104.57336407980952,156.8600461197143,78.43002305985715,26.14334101995238,-52.28668203990476,5.228668203990477,209.14672815961904,-26.14334101995238,130.7167050997619,39.215011529928574,65.35835254988095,-104.57336407980952,13.07167050997619,52.28668203990476
56.0,104.56907769160404,156.85361653740605,78.42680826870303,26.14226942290101,-52.28453884580202,5.228453884580202,209.13815538320807,-26.14226942290101,130.71134711450503,39.213404134351514,65.35567355725252,-104.56907769160404,13.071134711450505,52.28453884580202
56.1,104.56300069289581,156.84450103934373,78.42225051967186,26.140750173223953,-52.281500346447906,5.228150034644791,209.12600138579162,-26.140750173223953,130.70375086611978,39.21112525983593,65.35187543305989,-104.56300069289581,13.070375086611977,52.281500346447906
56.2,104.55533893416423,156.83300840124633,78.41650420062317,26.138834733541056,-52.27766946708211,5.227766946708211,209.11067786832845,-26.138834733541056,130.6941736677053,39.20825210031158,65.34708683385264,-104.55533893416423,13.069417366770528,52.27766946708211
56.300000000000004,104.54631187092676,156.81946780639015,78.40973390319508,26.13657796773169,-52.27315593546338,5.227315593546338,209.09262374185352,-26.13657796773169,130.68288983865844,39.20486695159754,65.34144491932922,-104.54631187092676,13.068288983865845,52.27315593546338
56.400000000000006,104.53610494522167,156.8041574178325,78.40207870891625,26.134026236305417,-52.26805247261083,5.226805247261083,209.07220989044333,-26.134026236305417,130.6701311815271,39.201039354458125,65.33506559076355,-104.53610494522167,13.067013118152708,52.26805247261083
56.5,104.52486645932412,156.78729968898617,78.39364984449308,26.13121661483103,-52.26243322966206,5.226243322966206,209.04973291864823,-26.13121661483103,130.65608307415513,39.19682492224654,65.32804153707757,-104.52486645932412,13.065608307415514,52.26243322966206
56.6,104.51271516391098,156.76907274586648,78.38453637293324,26.128178790977746,-52.25635758195549,5.2256357581955495,209.02543032782197,-26.128178790977746,130.64089395488872,39.19226818646662,65.32044697744436,-104.51271516391098,13.064089395488873,52.25635758195549
56.7,104.49977276888647,156.7496591533297,78.37482957666485,26.124943192221618,-52.249886384443236,5.224988638444324,208.99954553777295,-26.124943192221618,130.62471596110808,39.187414788332426,65.31235798055404,-104.49977276888647,13.062471596110809,52.249886384443236
56.800000000000004,104.48618684846744,156.72928027270115,78.36464013635057,26.12154671211686,-52.24309342423372,5.224309342423372,208.97237369693488,-26.12154671211686,130.6077335605843,39.18232006817529,65.30386678029215,-104.48618684846744,13.06077335605843,52.24309342423372
56.900000000000006,104.47213253701547,156.7081988055232,78.3540994027616,26.118033134253867,-52.236066268507734,5.223606626850774,208.94426507403094,-26.118033134253867,130.59016567126935,39.1770497013808,65.29508283563467,-104.47213253701547,13.059016567126934,52.236066268507734
57.0,104.45779759654755,156.68669639482133,78.34334819741066,26.114449399136888,-52.228898798273775,5.2228898798273775,208.9155951930951,-26.114449399136888,130.57224699568445,39.17167409870533,65.28612349784223,-104.45779759654755,13.057224699568444,52.228898798273775
57.1,104.44336752744775,156.6650512911716,78.3325256455858,26.110841881861937,-52.221683763723874,5.222168376372387,208.8867350548955,-26.110841881861937,130.5542094093097,39.1662628227929,65.27710470465485,-104.44336752744775,13.055420940930968,52.221683763723874
57.2,104.42904912724718,156.64357369087077,78.32178684543538,26.107262281811796,-52.21452456362359,5.22145245636236,208.85809825449437,-26.107262281811796,130.53631140905898,39.16089342271769,65.26815570452949,-104.42904912724718,13.053631140905898,52.21452456362359
57.300000000000004,104.41509377986192,156.62264066979287,78.31132033489644,26.10377344496548,-52.20754688993096,5.220754688993097,208.83018755972384,-26.10377344496548,130.5188672248274,39.15566016744822,65.2594336124137,-104.41509377986192,13.05188672248274,52.20754688993096
57.400000000000006,104.40177002305597,156.60265503458396,78.30132751729198,26.100442505763993,-52.20088501152799,5.220088501152799,208.80354004611195,-26.100442505763993,130.50221252881997,39.15066375864599,65.25110626440998,-104.40177002305597,13.050221252881997,52.20088501152799
57.5,104.3893204574705,156.58398068620576,78.29199034310288,26.097330114367626,-52.19466022873525,5.219466022873526,208.778640914941,-26.097330114367626,130.48665057183814,39.14599517155144,65.24332528591907,-104.3893204574705,13.048665057183813,52.19466022873525
57.6,104.37798961823108,156.56698442734663,78.28349221367331,26.09449740455777,-52.18899480911554,5.2188994809115545,208.75597923646217,-26.09449740455777,130.47248702278887,39.141746106836656,65.23624351139443,-104.37798961823108,13.047248702278885,52.18899480911554
57.7,104.36799769064464,156.55199653596696,78.27599826798348,26.09199942266116,-52.18399884532232,5.218399884532232,208.73599538128929,-26.09199942266116,130.4599971133058,39.13799913399174,65.2299985566529,-104.36799769064464,13.04599971133058,52.18399884532232
57.800000000000004,104.35958486867774,156.5393773030166,78.2696886515083,26.089896217169436,-52.17979243433887,5.217979243433888,208.7191697373555,-26.089896217169436,130.44948108584717,39.13484432575415,65.22474054292358,-104.35958486867774,13.044948108584718,52.17979243433887
57.900000000000006,104.35290201181778,156.52935301772666,78.26467650886333,26.088225502954444,-52.17645100590889,5.2176451005908895,208.70580402363555,-26.088225502954444,130.44112751477223,39.132338254431666,65.22056375738612,-104.35290201181778,13.044112751477222,52.17645100590889
58.0,104.34801477432185,156.52202216148277,78.26101108074138,26.087003693580463,-52.17400738716093,5.217400738716093,208.6960295486437,-26.087003693580463,130.43501846790232,39.13050554037069,65.21750923395116,-104.34801477432185,13.043501846790232,52.17400738716093
58.1,104.34491377259332,156.51737065888997,78.25868532944499,26.08622844314833,-52.17245688629666,5.217245688629666,208.68982754518663,-26.08622844314833,130.43114221574166,39.12934266472249,65.21557110787083,-104.34491377259332,13.043114221574164,52.17245688629666
58.2,104.34352807479843,156.51529211219764,78.25764605609882,26.085882018699607,-52.171764037399214,5.217176403739922,208.68705614959686,-26.085882018699607,130.42941009349803,39.12882302804941,65.21470504674902,-104.34352807479843,13.042941009349803,52.171764037399214
58.300000000000004,104.34374198540311,156.51561297810468,78.25780648905234,26.08593549635078,-52.17187099270156,5.217187099270156,208.68748397080623,-26.08593549635078,130.42967748175388,39.12890324452617,65.21483874087694,-104.34374198540311,13.04296774817539,52.17187099270156
58.400000000000006,104.34546073279353,156.5181910991903,78.25909554959514,26.08636518319838,-52.17273036639676,5.217273036639677,208.69092146558705,-26.08636518319838,130.4318259159919,39.12954777479757,65.21591295799595,-104.34546073279353,13.04318259159919,52.17273036639676
58.5,104.34861119796781,156.52291679695173,78.26145839847587,26.087152799491953,-52.174305598983906,5.217430559898391,208.69722239593563,-26.087152799491953,130.43576399745976,39.13072919923793,65.21788199872988,-104.34861119796781,13.043576399745977,52.174305598983906
58.6,104.35312990751686,156.5296948612753,78.26484743063764,26.088282476879215,-52.17656495375843,5.217656495375843,208.70625981503372,-26.088282476879215,130.44141238439607,39.13242371531882,65.22070619219804,-104.35312990751686,13.044141238439607,52.17656495375843
58.7,104.35897926807075,156.53846890210613,78.26923445105307,26.08974481701769,-52.17948963403538,5.217948963403538,208.7179585361415,-26.08974481701769,130.44872408508843,39.13461722552653,65.22436204254421,-104.35897926807075,13.044872408508844,52.17948963403538
58.800000000000004,104.36614439692997,156.54921659539497,78.27460829769748,26.091536099232492,-52.183072198464984,5.218307219846499,208.73228879385994,-26.091536099232492,130.45768049616245,39.13730414884874,65.22884024808123,-104.36614439692997,13.045768049616246,52.183072198464984
58.900000000000006,104.3746714347918,156.56200715218768,78.28100357609384,26.09366785869795,-52.1873357173959,5.21873357173959,208.7493428695836,-26.09366785869795,130.46833929348975,39.14050178804692,65.23416964674487,-104.3746714347918,13.046833929348974,52.1873357173959
59.0,104.38460120703357,156.57690181055034,78.28845090527517,26.096150301758392,-52.192300603516784,5.219230060351679,208.76920241406714,-26.096150301758392,130.48075150879197,39.144225452637585,65.24037575439598,-104.38460120703357,13.048075150879196,52.192300603516784
59.1,104.39589231308756,156.59383846963135,78.29691923481568,26.09897307827189,-52.19794615654378,5.219794615654378,208.79178462617512,-26.09897307827189,130.49486539135944,39.14845961740784,65.24743269567972,-104.39589231308756,13.049486539135945,52.19794615654378
59.2,104.4085060807766,156.6127591211649,78.30637956058246,26.10212652019415,-52.2042530403883,5.22042530403883,208.8170121615532,-26.10212652019415,130.51063260097075,39.15318978029123,65.25531630048538,-104.4085060807766,13.051063260097076,52.2042530403883
59.300000000000004,104.42237899194966,156.6335684879245,78.31678424396225,26.105594747987414,-52.21118949597483,5.221118949597483,208.8447579838993,-26.105594747987414,130.52797373993707,39.15839212198112,65.26398686996853,-104.42237899194966,13.052797373993707,52.21118949597483
59.400000000000006,104.43748119950996,156.65622179926493,78.32811089963246,26.10937029987749,-52.21874059975498,5.221874059975498,208.87496239901992,-26.10937029987749,130.54685149938746,39.16405544981623,65.27342574969373,-104.43748119950996,13.054685149938745,52.21874059975498
59.5,104.45371858185278,156.68057787277917,78.34028893638958,26.113429645463196,-52.22685929092639,5.2226859290926395,208.90743716370557,-26.113429645463196,130.56714822731598,39.17014446819479,65.28357411365799,-104.45371858185278,13.056714822731598,52.22685929092639
59.6,104.47099528282084,156.70649292423127,78.35324646211564,26.11774882070521,-52.23549764141042,5.223549764141042,208.94199056564167,-26.11774882070521,130.58874410352604,39.17662323105782,65.29437205176302,-104.47099528282084,13.058874410352605,52.23549764141042
59.7,104.48926709566587,156.7339006434988,78.3669503217494,26.122316773916467,-52.24463354783293,5.2244633547832935,208.97853419133173,-26.122316773916467,130.61158386958232,39.1834751608747,65.30579193479116,-104.48926709566587,13.061158386958233,52.24463354783293
59.800000000000004,104.50844933513116,156.76267400269674,78.38133700134837,26.12711233378279,-52.25422466756558,5.225422466756559,209.01689867026232,-26.12711233378279,130.63556166891397,39.190668500674185,65.31778083445698,-104.50844933513116,13.063556166891395,52.25422466756558
59.900000000000006,104.52849747654311,156.79274621481466,78.39637310740733,26.132124369135777,-52.264248738271554,5.226424873827156,209.05699495308622,-26.132124369135777,130.6606218456789,39.198186553703664,65.33031092283944,-104.52849747654311,13.066062184567889,52.264248738271554
60.0,104.54937886951798,156.82406830427698,78.41203415213849,26.137344717379495,-52.27468943475899,5.227468943475899,209.09875773903596,-26.137344717379495,130.68672358689747,39.206017076069244,65.34336179344874,-104.54937886951798,13.068672358689748,52.27468943475899
60.1,104.57111713716392,156.8566757057459,78.42833785287294,26.14277928429098,-52.28555856858196,5.228555856858197,209.14223427432785,-26.14277928429098,130.7138964214549,39.21416892643647,65.35694821072745,-104.57111713716392,13.07138964214549,52.28555856858196
60.2,104.59373884472116,156.89060826708175,78.44530413354087,26.14843471118029,-52.29686942236058,5.229686942236058,209.18747768944232,-26.14843471118029,130.74217355590145,39.222652066770436,65.37108677795072,-104.59373884472116,13.074217355590145,52.29686942236058
60.300000000000004,104.61725399895536,156.92588099843306,78.46294049921653,26.15431349973884,-52.30862699947768,5.230862699947768,209.23450799791073,-26.15431349973884,130.7715674986942,39.231470249608265,65.3857837493471,-104.61725399895536,13.07715674986942,52.30862699947768
60.400000000000006,104.64159123129468,156.96238684694202,78.48119342347101,26.16039780782367,-52.32079561564734,5.232079561564735,209.28318246258937,-26.16039780782367,130.80198903911835,39.240596711735506,65.40099451955918,-104.64159123129468,13.080198903911835,52.32079561564734
60.5,104.66665505066979,156.9999825760047,78.49999128800235,26.166663762667447,-52.333327525334894,5.23333275253349,209.33331010133958,-26.166663762667447,130.83331881333723,39.249995644001174,65.41665940666861,-104.66665505066979,13.083331881333724,52.333327525334894
60.6,104.69239368888259,157.03859053332388,78.51929526666194,26.173098422220647,-52.346196844441295,5.23461968444413,209.38478737776518,-26.173098422220647,130.86549211110324,39.25964763333097,65.43274605555162,-104.69239368888259,13.086549211110324,52.346196844441295
60.7,104.71882027761083,157.07823041641626,78.53911520820813,26.179705069402708,-52.359410138805416,5.235941013880542,209.43764055522166,-26.179705069402708,130.89852534701353,39.269557604104065,65.44926267350677,-104.71882027761083,13.089852534701354,52.359410138805416
60.800000000000004,104.7459860695416,157.11897910431242,78.55948955215621,26.1864965173854,-52.3729930347708,5.23729930347708,209.4919721390832,-26.1864965173854,130.932482586927,39.279744776078104,65.4662412934635,-104.7459860695416,13.0932482586927,52.3729930347708
60.900000000000006,104.77394576351764,157.16091864527647,78.58045932263823,26.19348644087941,-52.38697288175882,5.238697288175882,209.5478915270353,-26.19348644087941,130.96743220439706,39.29022966131912,65.48371610219853,-104.77394576351764,13.096743220439706,52.38697288175882
61.0,104.80272965529534,157.204094482943,78.6020472414715,26.200682413823834,-52.40136482764767,5.240136482764767,209.60545931059067,-26.200682413823834,131.00341206911918,39.30102362073575,65.50170603455959,-104.80272965529534,13.100341206911917,52.40136482764767
61.1,104.83234002399573,157.2485100359936,78.6242550179968,26.20808500599893,-52.41617001199786,5.241617001199787,209.66468004799145,-26.20808500599893,131.04042502999465,39.3121275089984,65.52021251499733,-104.83234002399573,13.104042502999466,52.41617001199786
61.2,104.86279881779164,157.29419822668746,78.64709911334373,26.21569970444791,-52.43139940889582,5.2431399408895825,209.72559763558328,-26.21569970444791,131.07849852223956,39.323549556671864,65.53924926111978,-104.86279881779164,13.107849852223955,52.43139940889582
61.300000000000004,104.89413916334706,157.3412087450206,78.6706043725103,26.223534790836766,-52.44706958167353,5.244706958167353,209.78827832669413,-26.223534790836766,131.11767395418383,39.33530218625515,65.55883697709191,-104.89413916334706,13.111767395418383,52.44706958167353
61.400000000000006,104.92639334986661,157.38959002479993,78.69479501239996,26.231598337466654,-52.46319667493331,5.2463196674933315,209.85278669973323,-26.231598337466654,131.15799168733326,39.34739750619998,65.57899584366663,-104.92639334986661,13.115799168733327,52.46319667493331
61.5,104.95952997999737,157.43929496999607,78.71964748499803,26.239882494999343,-52.479764989998685,5.2479764989998685,209.91905995999474,-26.239882494999343,131.1994124749967,39.35982374249902,65.59970623749835,-104.95952997999737,13.119941247499671,52.479764989998685
61.6,104.99346791244372,157.49020186866557,78.74510093433278,26.24836697811093,-52.49673395622186,5.249673395622186,209.98693582488744,-26.24836697811093,131.24183489055466,39.37255046716639,65.62091744527733,-104.99346791244372,13.124183489055465,52.49673395622186
61.7,105.02807815829613,157.5421172374442,78.7710586187221,26.25701953957403,-52.51403907914806,5.251403907914806,210.05615631659225,-26.25701953957403,131.28509769787016,39.38552930936105,65.64254884893508,-105.02807815829613,13.128509769787016,52.51403907914806
61.800000000000004,105.06319286744481,157.59478930116722,78.79739465058361,26.265798216861203,-52.531596433722406,5.253159643372241,210.12638573488962,-26.265798216861203,131.328991084306,39.398697325291806,65.664495542153,-105.06319286744481,13.132899108430601,52.531596433722406
61.900000000000006,105.09867125114863,157.64800687672295,78.82400343836147,26.274667812787158,-52.549335625574315,5.254933562557432,210.19734250229726,-26.274667812787158,131.3733390639358,39.412001719180736,65.6866695319679,-105.09867125114863,13.137333906393579,52.549335625574315
62.0,105.13443178560775,157.70164767841163,78.85082383920582,26.283607946401936,-52.56721589280387,5.256721589280388,210.2688635712155,-26.283607946401936,131.41803973200967,39.42541191960291,65.70901986600484,-105.13443178560775,13.141803973200968,52.56721589280387
62.1,105.17040419937571,157.75560629906357,78.87780314953179,26.292601049843928,-52.585202099687855,5.258520209968786,210.34080839875142,-26.292601049843928,131.46300524921963,39.43890157476589,65.73150262460982,-105.17040419937571,13.146300524921964,52.585202099687855
62.2,105.20645812180275,157.80968718270412,78.90484359135206,26.30161453045069,-52.60322906090138,5.260322906090138,210.4129162436055,-26.30161453045069,131.50807265225345,39.45242179567603,65.75403632612672,-105.20645812180275,13.150807265225344,52.60322906090138
62.300000000000004,105.24244125134041,157.8636618770106,78.9318309385053,26.310610312835102,-52.621220625670205,5.262122062567021,210.48488250268082,-26.310610312835102,131.55305156417552,39.46591546925265,65.77652578208776,-105.24244125134041,13.155305156417551,52.621220625670205
62.400000000000006,105.2782145999315,157.91732189989725,78.95866094994862,26.319553649982875,-52.63910729996575,5.263910729996575,210.556429199863,-26.319553649982875,131.59776824991437,39.47933047497431,65.79888412495718,-105.2782145999315,13.159776824991438,52.63910729996575
62.5,105.31364992169568,157.97047488254353,78.98523744127176,26.32841248042392,-52.65682496084784,5.265682496084785,210.62729984339137,-26.32841248042392,131.64206240211962,39.49261872063588,65.82103120105981,-105.31364992169568,13.16420624021196,52.65682496084784
62.6,105.3486138946561,158.02292084198416,79.01146042099208,26.337153473664024,-52.67430694732805,5.267430694732806,210.6972277893122,-26.337153473664024,131.6857673683201,39.50573021049604,65.84288368416006,-105.3486138946561,13.168576736832012,52.67430694732805
62.7,105.38297918251835,158.07446877377754,79.03723438688877,26.34574479562959,-52.69148959125918,5.269148959125918,210.7659583650367,-26.34574479562959,131.72872397814794,39.518617193444385,65.86436198907397,-105.38297918251835,13.172872397814794,52.69148959125918
62.800000000000004,105.41660117632426,158.1249017644864,79.0624508822432,26.354150294081066,-52.70830058816213,5.270830058816213,210.83320235264853,-26.354150294081066,131.77075147040534,39.5312254411216,65.88537573520267,-105.41660117632426,13.177075147040533,52.70830058816213
62.900000000000006,105.44937595451403,158.17406393177103,79.08703196588552,26.362343988628506,-52.72468797725701,5.272468797725701,210.89875190902805,-26.362343988628506,131.81171994314252,39.54351598294276,65.90585997157126,-105.44937595451403,13.181171994314253,52.72468797725701
63.0,105.48125772822537,158.22188659233805,79.11094329616903,26.370314432056343,-52.740628864112686,5.274062886411269,210.96251545645075,-26.370314432056343,131.8515721602817,39.55547164808451,65.92578608014085,-105.48125772822537,13.185157216028172,52.740628864112686
63.1,105.5122006796824,158.2683010195236,79.1341505097618,26.3780501699206,-52.7561003398412,5.27561003398412,211.0244013593648,-26.3780501699206,131.89025084960298,39.5670752548809,65.94512542480149,-105.5122006796824,13.1890250849603,52.7561003398412
63.2,105.54216490405513,158.31324735608268,79.15662367804134,26.385541226013782,-52.771082452027564,5.277108245202757,211.08432980811025,-26.385541226013782,131.9277061300689,39.57831183902067,65.96385306503446,-105.54216490405513,13.192770613006891,52.771082452027564
63.300000000000004,105.57111635683228,158.35667453524843,79.17833726762422,26.39277908920807,-52.78555817841614,5.278555817841614,211.14223271366455,-26.39277908920807,131.96389544604034,39.58916863381211,65.98194772302017,-105.57111635683228,13.196389544604035,52.78555817841614
63.400000000000006,105.59898723879785,158.39848085819676,79.19924042909838,26.39974680969946,-52.79949361939892,5.2799493619398925,211.1979744775957,-26.39974680969946,131.9987340484973,39.59962021454919,65.99936702424866,-105.59898723879785,13.19987340484973,52.79949361939892
63.5,105.62573923153028,158.43860884729543,79.21930442364771,26.40643480788257,-52.81286961576514,5.281286961576514,211.25147846306055,-26.40643480788257,132.03217403941284,39.60965221182386,66.01608701970642,-105.62573923153028,13.203217403941284,52.81286961576514
63.6,105.65140387252752,158.4771058087913,79.23855290439565,26.41285096813188,-52.82570193626376,5.282570193626377,211.30280774505505,-26.41285096813188,132.0642548406594,39.61927645219782,66.0321274203297,-105.65140387252752,13.20642548406594,52.82570193626376
63.7,105.67602013300619,158.51403019950928,79.25701509975464,26.419005033251548,-52.838010066503095,5.28380100665031,211.35204026601238,-26.419005033251548,132.09502516625773,39.62850754987732,66.04751258312886,-105.67602013300619,13.209502516625774,52.838010066503095
63.800000000000004,105.69964262093582,158.54946393140372,79.27473196570186,26.424910655233955,-52.84982131046791,5.2849821310467915,211.39928524187164,-26.424910655233955,132.12455327616976,39.63736598285093,66.06227663808488,-105.69964262093582,13.212455327616977,52.84982131046791
63.900000000000006,105.72230038362495,158.58345057543744,79.29172528771872,26.43057509590624,-52.86115019181248,5.286115019181248,211.4446007672499,-26.43057509590624,132.1528754795312,39.64586264385936,66.0764377397656,-105.72230038362495,13.21528754795312,52.86115019181248
64.0,105.74406679217404,158.61610018826104,79.30805009413052,26.43601669804351,-52.87203339608702,5.287203339608702,211.48813358434808,-26.43601669804351,132.18008349021756,39.65402504706526,66.09004174510878,-105.74406679217404,13.218008349021755,52.87203339608702
64.10000000000001,105.76511693457226,158.6476754018584,79.3238377009292,26.441279233643066,-52.88255846728613,5.288255846728614,211.53023386914452,-26.441279233643066,132.20639616821532,39.6619188504646,66.10319808410766,-105.76511693457226,13.220639616821533,52.88255846728613
64.2,105.78559605006983,158.67839407510473,79.33919703755237,26.446399012517457,-52.892798025034914,5.289279802503492,211.57119210013965,-26.446399012517457,132.2319950625873,39.66959851877618,66.11599753129364,-105.78559605006983,13.223199506258728,52.892798025034914
64.3,105.80570234954484,158.70855352431727,79.35427676215863,26.45142558738621,-52.90285117477242,5.290285117477243,211.6114046990897,-26.45142558738621,132.25712793693106,39.67713838107932,66.12856396846553,-105.80570234954484,13.225712793693106,52.90285117477242
64.4,105.82561769519918,158.73842654279878,79.36921327139939,26.456404423799796,-52.91280884759959,5.29128088475996,211.65123539039837,-26.456404423799796,132.28202211899898,39.684606635699694,66.14101105949949,-105.82561769519918,13.228202211899898,52.91280884759959
64.5,105.8455058171882,158.7682587257823,79.38412936289114,26.46137645429705,-52.9227529085941,5.29227529085941,211.6910116343764,-26.46137645429705,132.30688227148525,39.69206468144557,66.15344113574263,-105.8455058171882,13.230688227148525,52.9227529085941
64.60000000000001,105.86553381761011,158.79830072641516,79.39915036320758,26.46638345440253,-52.93276690880506,5.293276690880506,211.73106763522023,-26.46638345440253,132.33191727201265,39.69957518160379,66.16595863600632,-105.86553381761011,13.233191727201264,52.93276690880506
64.7,105.88587182510108,158.82880773765163,79.41440386882581,26.47146795627527,-52.94293591255054,5.294293591255054,211.77174365020215,-26.47146795627527,132.35733978137634,39.70720193441291,66.17866989068817,-105.88587182510108,13.235733978137635,52.94293591255054
64.8,105.90667341587813,158.8600101238172,79.4300050619086,26.476668353969533,-52.953336707939066,5.295333670793907,211.81334683175626,-26.476668353969533,132.38334176984768,39.7150025309543,66.19167088492384,-105.90667341587813,13.238334176984766,52.953336707939066
64.9,105.92805384232324,158.89208076348484,79.44604038174242,26.48201346058081,-52.96402692116162,5.296402692116162,211.85610768464647,-26.48201346058081,132.41006730290405,39.72302019087121,66.20503365145203,-105.92805384232324,13.241006730290405,52.96402692116162
65.0,105.95000910093229,158.92501365139844,79.46250682569922,26.487502275233073,-52.975004550466146,5.297500455046615,211.90001820186458,-26.487502275233073,132.43751137616536,39.73125341284961,66.21875568808268,-105.95000910093229,13.243751137616536,52.975004550466146
65.10000000000001,105.9725394000488,158.9588091000732,79.4794045500366,26.4931348500122,-52.9862697000244,5.298626970002441,211.9450788000976,-26.4931348500122,132.465674250061,39.7397022750183,66.2328371250305,-105.9725394000488,13.2465674250061,52.9862697000244
65.2,105.99568842977062,158.99353264465594,79.49676632232797,26.498922107442656,-52.99784421488531,5.299784421488532,211.99137685954125,-26.498922107442656,132.49461053721328,39.748383161163986,66.24730526860664,-105.99568842977062,13.249461053721328,52.99784421488531
65.3,106.0195140518943,159.02927107784146,79.51463553892073,26.504878512973576,-53.00975702594715,5.300975702594716,212.0390281037886,-26.504878512973576,132.52439256486787,39.757317769460364,66.26219628243393,-106.0195140518943,13.252439256486788,53.00975702594715
65.4,106.04410247005026,159.0661537050754,79.5330768525377,26.511025617512566,-53.02205123502513,5.302205123502514,212.08820494010052,-26.511025617512566,132.55512808756282,39.76653842626885,66.27756404378141,-106.04410247005026,13.255512808756283,53.02205123502513
65.5,106.06958063766945,159.10437095650417,79.55218547825208,26.51739515941736,-53.03479031883472,5.303479031883473,212.1391612753389,-26.51739515941736,132.5869757970868,39.77609273912604,66.2934878985434,-106.06958063766945,13.25869757970868,53.03479031883472
65.60000000000001,106.09610599759884,159.14415899639826,79.57207949819913,26.52402649939971,-53.04805299879942,5.304805299879942,212.19221199519768,-26.52402649939971,132.62013249699856,39.786039749099565,66.31006624849928,-106.09610599759884,13.262013249699855,53.04805299879942
65.7,106.12382364916292,159.1857354737444,79.5928677368722,26.53095591229073,-53.06191182458146,5.3061911824581465,212.24764729832583,-26.53095591229073,132.65477956145364,39.7964338684361,66.32738978072682,-106.12382364916292,13.265477956145364,53.06191182458146
65.8,106.15281096581035,159.22921644871553,79.61460822435777,26.538202741452587,-53.07640548290517,5.307640548290518,212.3056219316207,-26.538202741452587,132.69101370726293,39.80730411217888,66.34550685363146,-106.15281096581035,13.269101370726293,53.07640548290517
65.9,106.18306454403553,159.2745968160533,79.63729840802665,26.545766136008883,-53.091532272017766,5.309153227201777,212.36612908807106,-26.545766136008883,132.7288306800444,39.818649204013326,66.3644153400222,-106.18306454403553,13.272883068004441,53.091532272017766
66.0,106.21453650774241,159.3218047616136,79.6609023808068,26.553634126935602,-53.107268253871204,5.310726825387121,212.42907301548482,-26.553634126935602,132.768170634678,39.8304511904034,66.384085317339,-106.21453650774241,13.276817063467801,53.107268253871204
66.10000000000001,106.24719529867393,159.3707929480109,79.68539647400544,26.561798824668482,-53.123597649336965,5.312359764933697,212.49439059734786,-26.561798824668482,132.80899412334242,39.84269823700272,66.40449706167121,-106.24719529867393,13.280899412334241,53.123597649336965
66.2,106.28105916443495,159.42158874665242,79.71079437332621,26.570264791108738,-53.140529582217475,5.3140529582217475,212.5621183288699,-26.570264791108738,132.85132395554368,39.855397186663104,66.42566197777184,-106.28105916443495,13.285132395554369,53.140529582217475
66.3,106.31614167141812,159.4742125071272,79.7371062535636,26.57903541785453,-53.15807083570906,5.315807083570906,212.63228334283625,-26.57903541785453,132.89517708927266,39.8685531267818,66.44758854463633,-106.31614167141812,13.289517708927265,53.15807083570906
66.4,106.35239138467298,159.5285870770095,79.76429353850475,26.588097846168246,-53.17619569233649,5.317619569233649,212.70478276934597,-26.588097846168246,132.94048923084122,39.88214676925237,66.47024461542061,-106.35239138467298,13.294048923084123,53.17619569233649
66.5,106.38973043084007,159.5845956462601,79.79229782313006,26.59743260771002,-53.19486521542004,5.319486521542004,212.77946086168015,-26.59743260771002,132.98716303855008,39.89614891156503,66.49358151927504,-106.38973043084007,13.29871630385501,53.19486521542004
66.60000000000001,106.42810560198618,159.64215840297925,79.82107920148962,26.607026400496544,-53.21405280099309,5.3214052800993095,212.85621120397235,-26.607026400496544,133.03513200248273,39.91053960074481,66.51756600124136,-106.42810560198618,13.303513200248272,53.21405280099309
66.7,106.46745134576724,159.70117701865087,79.85058850932543,26.61686283644181,-53.23372567288362,5.323372567288363,212.9349026915345,-26.61686283644181,133.08431418220906,39.92529425466272,66.54215709110453,-106.46745134576724,13.308431418220906,53.23372567288362
66.8,106.5077054575759,159.76155818636386,79.88077909318193,26.626926364393974,-53.25385272878795,5.325385272878795,213.0154109151518,-26.626926364393974,133.13463182196986,39.940389546590964,66.56731591098493,-106.5077054575759,13.313463182196987,53.25385272878795
66.9,106.5487454059745,159.82311810896175,79.91155905448088,26.637186351493625,-53.27437270298725,5.327437270298725,213.097490811949,-26.637186351493625,133.18593175746813,39.95577952724044,66.59296587873406,-106.5487454059745,13.318593175746813,53.27437270298725
67.0,106.59036909116352,159.88555363674527,79.94277681837264,26.64759227279088,-53.29518454558176,5.329518454558176,213.18073818232705,-26.64759227279088,133.2379613639544,39.97138840918632,66.6189806819772,-106.59036909116352,13.32379613639544,53.29518454558176
67.10000000000001,106.63238204324898,159.94857306487347,79.97428653243674,26.658095510812245,-53.31619102162449,5.331619102162449,213.26476408649796,-26.658095510812245,133.29047755406123,39.98714326621837,66.64523877703061,-106.63238204324898,13.329047755406123,53.31619102162449
67.2,106.67467699734286,160.01201549601427,80.00600774800714,26.668669249335714,-53.33733849867143,5.333733849867143,213.3493539946857,-26.668669249335714,133.34334624667858,40.00300387400357,66.67167312333929,-106.67467699734286,13.334334624667857,53.33733849867143
67.3,106.71718881328813,160.0757832199322,80.0378916099661,26.679297203322033,-53.358594406644066,5.335859440664407,213.43437762657626,-26.679297203322033,133.39648601661017,40.01894580498305,66.69824300830508,-106.71718881328813,13.339648601661017,53.358594406644066
67.4,106.7598932095396,160.1398398143094,80.0699199071547,26.6899733023849,-53.3799466047698,5.33799466047698,213.5197864190792,-26.6899733023849,133.44986651192448,40.03495995357735,66.72493325596224,-106.7598932095396,13.34498665119245,53.3799466047698
67.5,106.80271369399122,160.20407054098683,80.10203527049342,26.700678423497806,-53.40135684699561,5.340135684699561,213.60542738798244,-26.700678423497806,133.50339211748903,40.05101763524671,66.75169605874451,-106.80271369399122,13.350339211748903,53.40135684699561
67.60000000000001,106.8455911889005,160.26838678335076,80.13419339167538,26.711397797225125,-53.42279559445025,5.342279559445025,213.691182377801,-26.711397797225125,133.55698898612562,40.06709669583769,66.77849449306281,-106.8455911889005,13.355698898612562,53.42279559445025
67.7,106.88853307000872,160.33279960501307,80.16639980250653,26.72213326750218,-53.44426653500436,5.344426653500436,213.77706614001744,-26.72213326750218,133.6106663375109,40.083199901253266,66.80533316875545,-106.88853307000872,13.36106663375109,53.44426653500436
67.8,106.9316136204923,160.39742043073846,80.19871021536923,26.732903405123075,-53.46580681024615,5.346580681024616,213.8632272409846,-26.732903405123075,133.66451702561537,40.099355107684616,66.83225851280768,-106.9316136204923,13.366451702561537,53.46580681024615
67.9,106.97487525351708,160.46231288027562,80.23115644013781,26.74371881337927,-53.48743762675854,5.348743762675855,213.94975050703417,-26.74371881337927,133.71859406689634,40.115578220068905,66.85929703344817,-106.97487525351708,13.371859406689635,53.48743762675854
68.0,107.01835067611702,160.52752601417552,80.26376300708776,26.754587669029256,-53.50917533805851,5.350917533805852,214.03670135223405,-26.754587669029256,133.7729383451463,40.13188150354388,66.88646917257314,-107.01835067611702,13.377293834514628,53.50917533805851
68.10000000000001,107.06200397275518,160.59300595913277,80.29650297956638,26.765500993188795,-53.53100198637759,5.353100198637759,214.12400794551036,-26.765500993188795,133.82750496594397,40.14825148978319,66.91375248297199,-107.06200397275518,13.382750496594397,53.53100198637759
68.2,107.10577950155744,160.65866925233615,80.32933462616808,26.77644487538936,-53.55288975077872,5.3552889750778725,214.21155900311487,-26.77644487538936,133.8822243769468,40.16466731308404,66.9411121884734,-107.10577950155744,13.38822243769468,53.55288975077872
68.3,107.14960596820288,160.72440895230432,80.36220447615216,26.78740149205072,-53.57480298410144,5.357480298410144,214.29921193640575,-26.78740149205072,133.9370074602536,40.18110223807608,66.9685037301268,-107.14960596820288,13.39370074602536,53.57480298410144
68.4,107.19342906225467,160.790143593382,80.395071796691,26.798357265563666,-53.59671453112733,5.359671453112734,214.38685812450933,-26.798357265563666,133.99178632781832,40.1975358983455,66.99589316390916,-107.19342906225467,13.399178632781833,53.59671453112733
68.5,107.23721306688792,160.85581960033187,80.42790980016593,26.80930326672198,-53.61860653344396,5.361860653344396,214.47442613377584,-26.80930326672198,134.0465163336099,40.21395490008297,67.02325816680495,-107.23721306688792,13.40465163336099,53.61860653344396
68.60000000000001,107.28093879789463,160.92140819684195,80.46070409842098,26.82023469947366,-53.64046939894732,5.364046939894732,214.56187759578927,-26.82023469947366,134.10117349736828,40.23035204921049,67.05058674868414,-107.28093879789463,13.41011734973683,53.64046939894732
68.7,107.32460011965074,160.9869001794761,80.49345008973805,26.831150029912685,-53.66230005982537,5.366230005982537,214.64920023930148,-26.831150029912685,134.15575014956343,40.246725044869024,67.07787507478172,-107.32460011965074,13.415575014956342,53.66230005982537
68.8,107.36819879984574,161.05229819976861,80.52614909988431,26.842049699961436,-53.68409939992287,5.368409939992287,214.7363975996915,-26.842049699961436,134.21024849980716,40.263074549942154,67.10512424990358,-107.36819879984574,13.421024849980718,53.68409939992287
68.9,107.41164603910624,161.11746905865937,80.55873452932968,26.85291150977656,-53.70582301955312,5.370582301955313,214.8232920782125,-26.85291150977656,134.2645575488828,40.27936726466484,67.1322787744414,-107.41164603910624,13.42645575488828,53.70582301955312
69.0,107.45477718658073,161.1821657798711,80.59108288993555,26.863694296645182,-53.727388593290364,5.372738859329036,214.90955437316146,-26.863694296645182,134.31847148322592,40.295541444967775,67.15923574161296,-107.45477718658073,13.431847148322591,53.727388593290364
69.10000000000001,107.49735866067674,161.2460379910151,80.62301899550755,26.874339665169185,-53.74867933033837,5.374867933033837,214.99471732135348,-26.874339665169185,134.37169832584593,40.311509497753775,67.18584916292296,-107.49735866067674,13.437169832584592,53.74867933033837
69.2,107.53909792671197,161.30864689006796,80.65432344503398,26.884774481677994,-53.76954896335599,5.376954896335599,215.07819585342395,-26.884774481677994,134.42387240838997,40.32716172251699,67.21193620419498,-107.53909792671197,13.442387240838997,53.76954896335599
69.3,107.57966872732064,161.36950309098097,80.68475154549049,26.89491718183016,-53.78983436366032,5.378983436366032,215.15933745464127,-26.89491718183016,134.4745859091508,40.34237577274524,67.2372929545754,-107.57966872732064,13.44745859091508,53.78983436366032
69.4,107.61873685506751,161.42810528260128,80.71405264130064,26.904684213766878,-53.809368427533755,5.380936842753376,215.23747371013502,-26.904684213766878,134.52342106883438,40.35702632065032,67.26171053441719,-107.61873685506751,13.452342106883439,53.809368427533755
69.5,107.65602261371185,161.48403392056778,80.74201696028389,26.914005653427964,-53.82801130685593,5.382801130685593,215.3120452274237,-26.914005653427964,134.57002826713983,40.371008480141946,67.28501413356992,-107.65602261371185,13.457002826713982,53.82801130685593
69.60000000000001,107.69129530573277,161.53694295859916,80.76847147929958,26.92282382643319,-53.84564765286638,5.384564765286639,215.38259061146553,-26.92282382643319,134.61411913216597,40.38423573964979,67.30705956608298,-107.69129530573277,13.461411913216596,53.84564765286638
69.7,107.72440187069896,161.58660280604843,80.79330140302422,26.93110046767474,-53.86220093534948,5.3862200935349485,215.4488037413979,-26.93110046767474,134.6555023383737,40.39665070151211,67.32775116918685,-107.72440187069896,13.46555023383737,53.86220093534948
69.8,107.75516544137906,161.6327481620686,80.8163740810343,26.938791360344766,-53.87758272068953,5.387758272068954,215.51033088275813,-26.938791360344766,134.69395680172383,40.40818704051715,67.34697840086191,-107.75516544137906,13.469395680172383,53.87758272068953
69.9,107.78346403998725,161.67519605998086,80.83759802999043,26.945866009996813,-53.891732019993626,5.389173201999363,215.5669280799745,-26.945866009996813,134.72933004998407,40.418799014995216,67.36466502499204,-107.78346403998725,13.472933004998406,53.891732019993626
70.0,107.80924575102603,161.71386862653904,80.85693431326952,26.952311437756507,-53.90462287551301,5.390462287551301,215.61849150205205,-26.952311437756507,134.76155718878255,40.42846715663476,67.38077859439127,-107.80924575102603,13.476155718878253,53.90462287551301
70.10000000000001,107.8325126727225,161.74876900908376,80.87438450454188,26.958128168180625,-53.91625633636125,5.391625633636125,215.665025345445,-26.958128168180625,134.79064084090314,40.43719225227094,67.39532042045157,-107.8325126727225,13.479064084090313,53.91625633636125
70.2,107.8533443463774,161.7800165195661,80.89000825978304,26.96333608659435,-53.9266721731887,5.39266721731887,215.7066886927548,-26.96333608659435,134.81668043297174,40.44500412989152,67.40834021648587,-107.8533443463774,13.481668043297175,53.9266721731887
70.3,107.87184538325798,161.80776807488695,80.90388403744348,26.967961345814494,-53.93592269162899,5.393592269162899,215.74369076651595,-26.967961345814494,134.83980672907248,40.45194201872174,67.41990336453624,-107.87184538325798,13.483980672907247,53.93592269162899
70.4,107.88814400941234,161.8322160141185,80.91610800705925,26.972036002353086,-53.94407200470617,5.394407200470617,215.7762880188247,-26.972036002353086,134.86018001176544,40.458054003529625,67.43009000588272,-107.88814400941234,13.486018001176543,53.94407200470617
70.5,107.90233100744567,161.8534965111685,80.92674825558424,26.975582751861417,-53.951165503722834,5.3951165503722835,215.80466201489133,-26.975582751861417,134.8779137593071,40.46337412779212,67.43895687965355,-107.90233100744567,13.487791375930708,53.951165503722834
70.60000000000001,107.91455331243866,161.87182996865798,80.93591498432899,26.978638328109664,-53.95727665621933,5.3957276656219335,215.8291066248773,-26.978638328109664,134.8931916405483,40.467957492164494,67.44659582027415,-107.91455331243866,13.489319164054832,53.95727665621933
70.7,107.92501186284662,161.8875177942699,80.94375889713496,26.981252965711654,-53.96250593142331,5.396250593142331,215.85002372569323,-26.981252965711654,134.90626482855828,40.47187944856748,67.45313241427914,-107.92501186284662,13.490626482855827,53.96250593142331
70.8,107.93392389057172,161.9008858358576,80.9504429179288,26.98348097264293,-53.96696194528586,5.3966961945285865,215.86784778114344,-26.98348097264293,134.91740486321464,40.4752214589644,67.45870243160732,-107.93392389057172,13.491740486321465,53.96696194528586
70.9,107.94152498949452,161.9122874842418,80.9561437421209,26.98538124737363,-53.97076249474726,5.397076249474726,215.88304997898905,-26.98538124737363,134.92690623686815,40.47807187106045,67.46345311843407,-107.94152498949452,13.492690623686816,53.97076249474726
71.0,107.9479948092359,161.92199221385385,80.96099610692693,26.986998702308973,-53.97399740461795,5.397399740461795,215.8959896184718,-26.986998702308973,134.93499351154486,40.480498053463464,67.46749675577243,-107.9479948092359,13.493499351154487,53.97399740461795
71.10000000000001,107.95352078262044,161.93028117393067,80.96514058696533,26.98838019565511,-53.97676039131022,5.397676039131023,215.9070415652409,-26.98838019565511,134.94190097827556,40.48257029348267,67.47095048913778,-107.95352078262044,13.494190097827556,53.97676039131022
71.2,107.95829192810574,161.9374378921586,80.9687189460793,26.989572982026434,-53.97914596405287,5.397914596405287,215.91658385621147,-26.989572982026434,134.94786491013218,40.48435947303965,67.47393245506609,-107.95829192810574,13.494786491013217,53.97914596405287
71.3,107.96250115403792,161.9437517310569,80.97187586552845,26.99062528850948,-53.98125057701896,5.398125057701897,215.92500230807585,-26.99062528850948,134.95312644254741,40.48593793276422,67.47656322127371,-107.96250115403792,13.49531264425474,53.98125057701896
71.4,107.96630125919765,161.9494518887965,80.97472594439824,26.991575314799412,-53.983150629598825,5.398315062959883,215.9326025183953,-26.991575314799412,134.95787657399705,40.48736297219912,67.47893828699853,-107.96630125919765,13.495787657399706,53.983150629598825
71.5,107.969828491157,161.9547427367355,80.97737136836776,26.99245712278925,-53.9849142455785,5.39849142455785,215.939656982314,-26.99245712278925,134.96228561394625,40.48868568418388,67.48114280697312,-107.969828491157,13.496228561394625,53.9849142455785
71.60000000000001,107.97321005078663,161.95981507617995,80.97990753808998,26.99330251269666,-53.98660502539332,5.398660502539332,215.94642010157327,-26.99330251269666,134.9665125634833,40.48995376904499,67.48325628174165,-107.97321005078663,13.49665125634833,53.98660502539332
71.7,107.97655832994383,161.96483749491574,80.98241874745787,26.994139582485957,-53.988279164971914,5.398827916497192,215.95311665988766,-26.994139582485957,134.97069791242978,40.491209373728935,67.48534895621489,-107.97655832994383,13.497069791242978,53.988279164971914
71.8,107.97990234798277,161.96985352197416,80.98492676098708,26.994975586995693,-53.989951173991386,5.398995117399139,215.95980469596554,-26.994975586995693,134.97487793497845,40.49246338049354,67.48743896748923,-107.97990234798277,13.497487793497847,53.989951173991386
71.9,107.98314183431346,161.97471275147018,80.98735637573509,26.995785458578364,-53.99157091715673,5.399157091715673,215.96628366862691,-26.995785458578364,134.97892729289183,40.493678187867545,67.48946364644591,-107.98314183431346,13.497892729289182,53.99157091715673
72.0,107.98616898281689,161.97925347422535,80.98962673711267,26.996542245704223,-53.993084491408446,5.399308449140845,215.97233796563378,-26.996542245704223,134.9827112285211,40.494813368556336,67.49135561426056,-107.98616898281689,13.498271122852112,53.993084491408446
72.10000000000001,107.9889113816125,161.98336707241873,80.99168353620937,26.997227845403124,-53.99445569080625,5.399445569080625,215.977822763225,-26.997227845403124,134.98613922701563,40.49584176810468,67.49306961350781,-107.9889113816125,13.498613922701562,53.99445569080625
72.2,107.99134325992897,161.98701488989346,80.99350744494673,26.997835814982242,-53.995671629964484,5.399567162996449,215.98268651985794,-26.997835814982242,134.98917907491122,40.496753722473365,67.49458953745561,-107.99134325992897,13.498917907491121,53.995671629964484
72.3,107.99335342553742,161.99003013830614,80.99501506915307,26.998338356384355,-53.99667671276871,5.399667671276871,215.98670685107484,-26.998338356384355,134.9916917819218,40.497507534576535,67.4958458909609,-107.99335342553742,13.499169178192178,53.99667671276871
72.4,107.99484200955223,161.99226301432833,80.99613150716416,26.998710502388057,-53.997421004776115,5.399742100477612,215.98968401910446,-26.998710502388057,134.9935525119403,40.49806575358208,67.49677625597015,-107.99484200955223,13.499355251194029,53.997421004776115
72.5,107.99575001649995,161.99362502474992,80.99681251237496,26.99893750412499,-53.99787500824998,5.399787500824998,215.9915000329999,-26.99893750412499,134.99468752062495,40.49840625618748,67.49734376031248,-107.99575001649995,13.499468752062494,53.99787500824998
72.60000000000001,107.99605896512077,161.99408844768115,80.99704422384058,26.99901474128019,-53.99802948256038,5.399802948256038,215.99211793024153,-26.99901474128019,134.99507370640094,40.49852211192029,67.49753685320047,-107.99605896512077,13.499507370640096,53.99802948256038
72.7,107.99572151352722,161.99358227029083,80.99679113514541,26.998930378381804,-53.99786075676361,5.399786075676361,215.99144302705443,-26.998930378381804,134.99465189190903,40.49839556757271,67.49732594595451,-107.99572151352722,13.499465189190902,53.99786075676361
72.8,107.99464014732413,161.9919602209862,80.9959801104931,26.998660036831033,-53.99732007366207,5.399732007366207,215.98928029464827,-26.998660036831033,134.99330018415517,40.49799005524655,67.49665009207759,-107.99464014732413,13.499330018415517,53.99732007366207
72.9,107.99276524250692,161.98914786376037,80.99457393188018,26.99819131062673,-53.99638262125346,5.399638262125347,215.98553048501384,-26.99819131062673,134.99095655313366,40.49728696594009,67.49547827656683,-107.99276524250692,13.499095655313365,53.99638262125346
73.0,107.99005869660483,161.98508804490726,80.99254402245363,26.99751467415121,-53.99502934830242,5.399502934830242,215.98011739320967,-26.99751467415121,134.98757337075605,40.496272011226814,67.49378668537803,-107.99005869660483,13.498757337075604,53.99502934830242
73.10000000000001,107.98654649415778,161.97981974123667,80.98990987061833,26.996636623539445,-53.99327324707889,5.3993273247078895,215.97309298831556,-26.996636623539445,134.98318311769722,40.49495493530917,67.49159155884861,-107.98654649415778,13.498318311769722,53.99327324707889
73.2,107.98226837906476,161.97340256859715,80.98670128429858,26.99556709476619,-53.99113418953238,5.399113418953238,215.96453675812953,-26.99556709476619,134.97783547383096,40.49335064214929,67.48891773691548,-107.98226837906476,13.497783547383095,53.99113418953238
73.3,107.97727025551902,161.96590538327854,80.98295269163927,26.994317563879754,-53.98863512775951,5.398863512775951,215.95454051103803,-26.994317563879754,134.97158781939876,40.491476345819635,67.48579390969938,-107.97727025551902,13.497158781939877,53.98863512775951
73.4,107.97162199360915,161.95743299041374,80.97871649520687,26.992905498402287,-53.985810996804574,5.398581099680458,215.9432439872183,-26.992905498402287,134.96452749201143,40.489358247603434,67.48226374600571,-107.97162199360915,13.496452749201143,53.985810996804574
73.5,107.96538563043131,161.94807844564696,80.97403922282348,26.99134640760783,-53.98269281521566,5.398269281521566,215.93077126086263,-26.99134640760783,134.95673203803915,40.48701961141174,67.47836601901957,-107.96538563043131,13.495673203803914,53.98269281521566
73.60000000000001,107.95867256771982,161.93800885157972,80.96900442578986,26.989668141929954,-53.97933628385991,5.397933628385991,215.91734513543963,-26.989668141929954,134.94834070964976,40.48450221289493,67.47417035482488,-107.95867256771982,13.494834070964977,53.97933628385991
73.7,107.95158961907973,161.92738442861958,80.96369221430979,26.98789740476993,-53.97579480953986,5.397579480953986,215.90317923815945,-26.98789740476993,134.93948702384967,40.481846107154894,67.46974351192483,-107.95158961907973,13.493948702384966,53.97579480953986
73.8,107.94431616433923,161.91647424650884,80.95823712325442,26.986079041084807,-53.972158082169614,5.397215808216962,215.88863232867845,-26.986079041084807,134.93039520542402,40.47911856162721,67.46519760271201,-107.94431616433923,13.493039520542403,53.972158082169614
73.9,107.93709744831597,161.90564617247395,80.95282308623698,26.98427436207899,-53.96854872415798,5.3968548724157985,215.87419489663193,-26.98427436207899,134.92137181039496,40.47641154311849,67.46068590519748,-107.93709744831597,13.492137181039496,53.96854872415798
74.0,107.9301652968521,161.89524794527813,80.94762397263906,26.982541324213024,-53.96508264842605,5.3965082648426055,215.8603305937042,-26.982541324213024,134.91270662106513,40.47381198631953,67.45635331053256,-107.9301652968521,13.491270662106512,53.96508264842605
74.10000000000001,107.9237548878867,161.88563233183004,80.94281616591502,26.980938721971675,-53.96187744394335,5.396187744394336,215.8475097757734,-26.980938721971675,134.90469360985838,40.47140808295751,67.45234680492919,-107.9237548878867,13.490469360985838,53.96187744394335
74.2,107.91812510398016,161.87718765597023,80.93859382798512,26.97953127599504,-53.95906255199008,5.395906255199009,215.83625020796032,-26.97953127599504,134.8976563799752,40.46929691399256,67.4488281899876,-107.91812510398016,13.48976563799752,53.95906255199008
74.3,107.9135092712985,161.87026390694774,80.93513195347387,26.978377317824624,-53.95675463564925,5.395675463564925,215.827018542597,-26.978377317824624,134.89188658912312,40.467565976736935,67.44594329456156,-107.9135092712985,13.489188658912312,53.95675463564925
74.4,107.91006577289349,161.86509865934022,80.93254932967011,26.977516443223372,-53.955032886446745,5.395503288644675,215.82013154578698,-26.977516443223372,134.88758221611687,40.466274664835055,67.44379110805843,-107.91006577289349,13.488758221611686,53.955032886446745
74.5,107.90793765828697,161.86190648743045,80.93095324371522,26.976984414571742,-53.953968829143484,5.395396882914349,215.81587531657394,-26.976984414571742,134.8849220728587,40.46547662185761,67.44246103642935,-107.90793765828697,13.488492207285871,53.953968829143484
74.60000000000001,107.90727534938858,161.8609130240829,80.93045651204145,26.976818837347146,-53.95363767469429,5.39536376746943,215.81455069877717,-26.976818837347146,134.88409418673572,40.46522825602072,67.44204709336786,-107.90727534938858,13.488409418673573,53.95363767469429
74.7,107.90821028247281,161.86231542370922,80.93115771185461,26.977052570618202,-53.954105141236404,5.395410514123641,215.81642056494562,-26.977052570618202,134.885262853091,40.465578855927305,67.4426314265455,-107.90821028247281,13.488526285309101,53.954105141236404
74.8,107.91087904393521,161.86631856590282,80.93315928295141,26.977719760983803,-53.955439521967605,5.3955439521967605,215.82175808787042,-26.977719760983803,134.888598804919,40.466579641475704,67.4442994024595,-107.91087904393521,13.488859880491901,53.955439521967605
74.9,107.91529756742895,161.8729463511434,80.9364731755717,26.978824391857238,-53.957648783714475,5.395764878371448,215.8305951348579,-26.978824391857238,134.8941219592862,40.46823658778585,67.4470609796431,-107.91529756742895,13.489412195928619,53.957648783714475
75.0,107.92142617456943,161.88213926185415,80.94106963092707,26.98035654364236,-53.96071308728472,5.396071308728472,215.84285234913887,-26.98035654364236,134.9017827182118,40.47053481546354,67.4508913591059,-107.92142617456943,13.49017827182118,53.96071308728472
75.10000000000001,107.92924148536329,161.89386222804495,80.94693111402248,26.982310371340823,-53.964620742681646,5.396462074268165,215.85848297072658,-26.982310371340823,134.9115518567041,40.47346555701124,67.45577592835205,-107.92924148536329,13.491155185670411,53.964620742681646
75.2,107.93869117919834,161.9080367687975,80.95401838439875,26.984672794799586,-53.96934558959917,5.396934558959917,215.8773823583967,-26.984672794799586,134.92336397399794,40.477009192199375,67.46168198699897,-107.93869117919834,13.492336397399793,53.96934558959917
75.3,107.9496738068853,161.92451071032795,80.96225535516398,26.987418451721325,-53.97483690344265,5.397483690344266,215.8993476137706,-26.987418451721325,134.93709225860664,40.48112767758199,67.46854612930332,-107.9496738068853,13.493709225860663,53.97483690344265
75.4,107.96209772636726,161.9431465895509,80.97157329477545,26.990524431591815,-53.98104886318363,5.398104886318364,215.92419545273452,-26.990524431591815,134.95262215795907,40.48578664738773,67.47631107897953,-107.96209772636726,13.495262215795908,53.98104886318363
75.5,107.97585508538138,161.96378262807207,80.98189131403603,26.993963771345346,-53.98792754269069,5.39879275426907,215.95171017076277,-26.993963771345346,134.96981885672673,40.49094565701802,67.48490942836337,-107.97585508538138,13.496981885672673,53.98792754269069
75.60000000000001,107.99084777433225,161.9862716614984,80.9931358307492,26.997711943583063,-53.995423887166126,5.399542388716613,215.9816955486645,-26.997711943583063,134.9885597179153,40.4965679153746,67.49427985895765,-107.99084777433225,13.498855971791532,53.995423887166126
75.7,108.00697842508136,162.01046763762204,81.00523381881102,27.00174460627034,-54.00348921254068,5.400348921254068,216.0139568501627,-27.00174460627034,135.0087230313517,40.50261690940551,67.50436151567585,-108.00697842508136,13.50087230313517,54.00348921254068
75.8,108.0241241979626,162.03618629694392,81.01809314847196,27.00603104949065,-54.0120620989813,5.401206209898131,216.0482483959252,-27.00603104949065,135.03015524745325,40.50904657423598,67.51507762372663,-108.0241241979626,13.503015524745326,54.0120620989813
75.9,108.04214621387712,162.06321932081568,81.03160966040784,27.01053655346928,-54.02107310693856,5.402107310693856,216.08429242775424,-27.01053655346928,135.0526827673464,40.51580483020392,67.5263413836732,-108.04214621387712,13.50526827673464,54.02107310693856
76.0,108.06088316887194,162.0913247533079,81.04566237665395,27.015220792217985,-54.03044158443597,5.403044158443597,216.12176633774388,-27.015220792217985,135.07610396108993,40.522831188326975,67.53805198054496,-108.06088316887194,13.507610396108992,54.03044158443597
76.10000000000001,108.08015310163199,162.120229652448,81.060114826224,27.020038275407998,-54.040076550815996,5.4040076550816,216.16030620326399,-27.020038275407998,135.10019137704,40.530057413112,67.55009568852,-108.08015310163199,13.510019137703999,54.040076550815996
76.2,108.09972576075887,162.1495886411383,81.07479432056915,27.024931440189718,-54.049862880379436,5.404986288037944,216.19945152151774,-27.024931440189718,135.1246572009486,40.53739716028458,67.5623286004743,-108.09972576075887,13.512465720094859,54.049862880379436
76.3,108.11937337273574,162.17906005910362,81.08953002955181,27.029843343183934,-54.05968668636787,5.405968668636787,216.23874674547147,-27.029843343183934,135.14921671591966,40.544765014775905,67.57460835795983,-108.11937337273574,13.514921671591967,54.05968668636787
76.4,108.13895147812485,162.20842721718728,81.10421360859364,27.034737869531213,-54.069475739062426,5.406947573906243,216.2779029562497,-27.034737869531213,135.17368934765608,40.55210680429682,67.58684467382804,-108.13895147812485,13.517368934765607,54.069475739062426
76.5,108.15844296985446,162.23766445478168,81.11883222739084,27.039610742463616,-54.07922148492723,5.407922148492723,216.31688593970892,-27.039610742463616,135.19805371231809,40.55941611369542,67.59902685615904,-108.15844296985446,13.519805371231808,54.07922148492723
76.60000000000001,108.17787938028255,162.26681907042382,81.13340953521191,27.044469845070637,-54.088939690141274,5.408893969014128,216.3557587605651,-27.044469845070637,135.22234922535318,40.566704767605955,67.61117461267659,-108.17787938028255,13.522234922535318,54.088939690141274
76.7,108.19732880678522,162.29599321017784,81.14799660508892,27.049332201696306,-54.09866440339261,5.409866440339261,216.39465761357044,-27.049332201696306,135.24666100848154,40.57399830254446,67.62333050424077,-108.19732880678522,13.524666100848153,54.09866440339261
76.80000000000001,108.21688340675291,162.32532511012937,81.16266255506468,27.05422085168823,-54.10844170337646,5.410844170337646,216.43376681350583,-27.05422085168823,135.27110425844114,40.58133127753234,67.63555212922057,-108.21688340675291,13.527110425844114,54.10844170337646
76.9,108.23662645065431,162.35493967598148,81.17746983799074,27.05915661266358,-54.11831322532716,5.411831322532716,216.47325290130863,-27.05915661266358,135.29578306331788,40.58873491899537,67.64789153165894,-108.23662645065431,13.52957830633179,54.11831322532716
77.0,108.2565371988083,162.38480579821245,81.19240289910623,27.064134299702076,-54.12826859940415,5.412826859940416,216.5130743976166,-27.064134299702076,135.32067149851036,40.596201449553114,67.66033574925518,-108.2565371988083,13.532067149851038,54.12826859940415
77.10000000000001,108.2765416653629,162.41481249804434,81.20740624902217,27.069135416340725,-54.13827083268145,5.413827083268146,216.5530833307258,-27.069135416340725,135.34567708170363,40.603703124511085,67.67283854085181,-108.2765416653629,13.534567708170362,54.13827083268145
77.2,108.29657978124183,162.44486967186276,81.22243483593138,27.074144945310458,-54.148289890620916,5.414828989062092,216.59315956248366,-27.074144945310458,135.37072472655228,40.61121741796569,67.68536236327614,-108.29657978124183,13.537072472655229,54.148289890620916
77.30000000000001,108.31662290464831,162.47493435697248,81.23746717848624,27.079155726162078,-54.158311452324156,5.415831145232416,216.63324580929662,-27.079155726162078,135.39577863081038,40.61873358924312,67.69788931540519,-108.31662290464831,13.539577863081039,54.158311452324156
77.4,108.33669287640791,162.50503931461185,81.25251965730592,27.084173219101977,-54.168346438203955,5.416834643820396,216.67338575281582,-27.084173219101977,135.4208660955099,40.62625982865296,67.71043304775495,-108.33669287640791,13.542086609550989,54.168346438203955
77.5,108.35675993739183,162.53513990608775,81.26756995304387,27.089189984347957,-54.178379968695914,5.417837996869592,216.71351987478366,-27.089189984347957,135.44594992173978,40.63378497652194,67.72297496086989,-108.35675993739183,13.544594992173979,54.178379968695914
77.60000000000001,108.37680458066697,162.56520687100044,81.28260343550022,27.094201145166743,-54.188402290333485,5.418840229033349,216.75360916133394,-27.094201145166743,135.47100572583372,40.64130171775011,67.73550286291686,-108.37680458066697,13.547100572583371,54.188402290333485
77.7,108.39679447954978,162.59519171932467,81.29759585966234,27.099198619887446,-54.19839723977489,5.419839723977489,216.79358895909957,-27.099198619887446,135.49599309943721,40.64879792983117,67.74799654971861,-108.39679447954978,13.549599309943723,54.19839723977489
77.80000000000001,108.41666022826456,162.62499034239684,81.31249517119842,27.10416505706614,-54.20833011413228,5.420833011413229,216.83332045652912,-27.10416505706614,135.52082528533072,40.65624758559921,67.76041264266536,-108.41666022826456,13.55208252853307,54.20833011413228
77.9,108.43634657308814,162.65451985963222,81.32725992981611,27.109086643272036,-54.21817328654407,5.421817328654408,216.8726931461763,-27.109086643272036,135.54543321636018,40.663629964908054,67.77271660818009,-108.43634657308814,13.554543321636018,54.21817328654407
78.0,108.45579616616641,162.6836942492496,81.3418471246248,27.113949041541602,-54.227898083083204,5.422789808308321,216.91159233233282,-27.113949041541602,135.56974520770802,40.6709235623124,67.78487260385401,-108.45579616616641,13.556974520770801,54.227898083083204
78.10000000000001,108.47502282921185,162.71253424381777,81.35626712190889,27.118755707302963,-54.237511414605926,5.423751141460593,216.9500456584237,-27.118755707302963,135.5937785365148,40.67813356095444,67.7968892682574,-108.47502282921185,13.559377853651482,54.237511414605926
78.2,108.4941140494924,162.7411710742386,81.3705855371193,27.1235285123731,-54.2470570247462,5.42470570247462,216.9882280989848,-27.1235285123731,135.6176425618655,40.68529276855965,67.80882128093275,-108.4941140494924,13.56176425618655,54.2470570247462
78.30000000000001,108.51315600192245,162.7697340028837,81.38486700144185,27.128289000480613,-54.25657800096123,5.425657800096123,217.0263120038449,-27.128289000480613,135.64144500240306,40.692433500720924,67.82072250120153,-108.51315600192245,13.564144500240307,54.25657800096123
78.4,108.53224300865894,162.7983645129884,81.3991822564942,27.133060752164734,-54.26612150432947,5.426612150432947,217.06448601731788,-27.133060752164734,135.66530376082366,40.6995911282471,67.83265188041183,-108.53224300865894,13.566530376082367,54.26612150432947
78.5,108.55154203696992,162.82731305545488,81.41365652772744,27.13788550924248,-54.27577101848496,5.427577101848496,217.10308407393984,-27.13788550924248,135.6894275462124,40.70682826386372,67.8447137731062,-108.55154203696992,13.56894275462124,54.27577101848496
78.60000000000001,108.57121738709124,162.85682608063686,81.42841304031843,27.14280434677281,-54.28560869354562,5.428560869354563,217.14243477418248,-27.14280434677281,135.71402173386406,40.714206520159216,67.85701086693203,-108.57121738709124,13.571402173386405,54.28560869354562
78.7,108.59138215317357,162.88707322976035,81.44353661488017,27.147845538293392,-54.295691076586785,5.429569107658679,217.18276430634714,-27.147845538293392,135.73922769146697,40.72176830744009,67.86961384573348,-108.59138215317357,13.573922769146696,54.295691076586785
78.80000000000001,108.61213606346297,162.91820409519445,81.45910204759723,27.153034015865742,-54.306068031731485,5.4306068031731485,217.22427212692594,-27.153034015865742,135.7651700793287,40.729551023798614,67.88258503966435,-108.61213606346297,13.576517007932871,54.306068031731485
78.9,108.63351616006513,162.95027424009768,81.47513712004884,27.158379040016282,-54.316758080032564,5.4316758080032566,217.26703232013026,-27.158379040016282,135.7918952000814,40.73756856002442,67.8959476000407,-108.63351616006513,13.579189520008141,54.316758080032564
79.0,108.65557974899585,162.9833696234938,81.4916848117469,27.163894937248962,-54.327789874497924,5.432778987449793,217.3111594979917,-27.163894937248962,135.8194746862448,40.74584240587345,67.9097373431224,-108.65557974899585,13.581947468624481,54.327789874497924
79.10000000000001,108.67841922500457,163.01762883750686,81.50881441875343,27.169604806251144,-54.33920961250229,5.433920961250229,217.35683845000915,-27.169604806251144,135.8480240312557,40.754407209376716,67.92401201562785,-108.67841922500457,13.584802403125572,54.33920961250229
79.2,108.70208686504864,163.05313029757298,81.52656514878649,27.17552171626216,-54.35104343252432,5.435104343252433,217.40417373009728,-27.17552171626216,135.8776085813108,40.763282574393244,67.9388042906554,-108.70208686504864,13.58776085813108,54.35104343252432
79.30000000000001,108.72668314621359,163.09002471932038,81.54501235966019,27.181670786553397,-54.363341573106794,5.43633415731068,217.45336629242718,-27.181670786553397,135.908353932767,40.772506179830096,67.9541769663835,-108.72668314621359,13.590835393276699,54.363341573106794
79.4,108.75231388376625,163.12847082564937,81.56423541282469,27.188078470941562,-54.376156941883124,5.437615694188313,217.5046277675325,-27.188078470941562,135.9403923547078,40.78211770641234,67.9701961773539,-108.75231388376625,13.594039235470781,54.376156941883124
79.5,108.77905371008083,163.16858056512126,81.58429028256063,27.194763427520208,-54.389526855040415,5.4389526855040415,217.55810742016166,-27.194763427520208,135.97381713760103,40.792145141280315,67.98690856880052,-108.77905371008083,13.597381713760104,54.389526855040415
79.60000000000001,108.80694226595958,163.21041339893935,81.60520669946968,27.201735566489894,-54.40347113297979,5.440347113297979,217.61388453191915,-27.201735566489894,136.00867783244948,40.80260334973484,68.00433891622474,-108.80694226595958,13.600867783244947,54.40347113297979
79.7,108.83598267541888,163.2539740131283,81.62698700656415,27.20899566885472,-54.41799133770944,5.441799133770944,217.67196535083775,-27.20899566885472,136.0449783442736,40.813493503282075,68.0224891721368,-108.83598267541888,13.60449783442736,54.41799133770944
79.80000000000001,108.86616755782964,163.29925133674448,81.64962566837224,27.21654188945741,-54.43308377891482,5.443308377891483,217.73233511565928,-27.21654188945741,136.08270944728704,40.82481283418612,68.04135472364352,-108.86616755782964,13.608270944728705,54.43308377891482
79.9,108.89746340306141,163.3461951045921,81.67309755229606,27.224365850765352,-54.448731701530704,5.444873170153071,217.79492680612282,-27.224365850765352,136.12182925382677,40.83654877614803,68.06091462691339,-108.89746340306141,13.612182925382676,54.448731701530704
80.0,108.92982066210764,163.39473099316146,81.69736549658073,27.23245516552691,-54.46491033105382,5.446491033105382,217.8596413242153,-27.23245516552691,136.16227582763455,40.848682748290365,68.08113791381727,-108.92982066210764,13.616227582763456,54.46491033105382
80.10000000000001,108.9632041921646,163.4448062882469,81.72240314412345,27.24080104804115,-54.4816020960823,5.44816020960823,217.9264083843292,-27.24080104804115,136.20400524020573,40.861201572061724,68.10200262010287,-108.9632041921646,13.620400524020575,54.4816020960823
80.2,108.99756959669578,163.49635439504368,81.74817719752184,27.249392399173946,-54.49878479834789,5.44987847983479,217.99513919339157,-27.249392399173946,136.24696199586973,40.87408859876092,68.12348099793486,-108.99756959669578,13.624696199586973,54.49878479834789
80.30000000000001,109.03290160902989,163.54935241354485,81.77467620677243,27.258225402257473,-54.516450804514946,5.451645080451495,218.06580321805978,-27.258225402257473,136.29112701128736,40.88733810338621,68.14556350564368,-109.03290160902989,13.629112701128737,54.516450804514946
80.4,109.06917005931605,163.60375508897408,81.80187754448704,27.267292514829013,-54.534585029658025,5.453458502965803,218.1383401186321,-27.267292514829013,136.33646257414506,40.90093877224352,68.16823128707253,-109.06917005931605,13.633646257414506,54.534585029658025
80.5,109.10631975392158,163.65947963088237,81.82973981544119,27.276579938480396,-54.55315987696079,5.455315987696079,218.21263950784316,-27.276579938480396,136.38289969240196,40.91486990772059,68.19144984620098,-109.10631975392158,13.638289969240198,54.55315987696079
80.60000000000001,109.144282875205,163.71642431280748,81.85821215640374,27.28607071880125,-54.5721414376025,5.45721414376025,218.28856575041,-27.28607071880125,136.43035359400625,40.92910607820187,68.21517679700312,-109.144282875205,13.643035359400624,54.5721414376025
80.7,109.182969042824,163.774453564236,81.887226782118,27.295742260706,-54.591484521412,5.4591484521412,218.365938085648,-27.295742260706,136.47871130353,40.943613391059,68.239355651765,-109.182969042824,13.647871130353,54.591484521412
80.80000000000001,109.22229964160312,163.83344946240467,81.91672473120234,27.30557491040078,-54.61114982080156,5.461114982080156,218.44459928320623,-27.30557491040078,136.52787455200388,40.95836236560117,68.26393727600194,-109.22229964160312,13.65278745520039,54.61114982080156
80.9,109.26223699101014,163.89335548651522,81.94667774325761,27.315559247752535,-54.63111849550507,5.463111849550508,218.52447398202028,-27.315559247752535,136.5777962387627,40.973338871628805,68.28889811938134,-109.26223699101014,13.657779623876268,54.63111849550507
81.0,109.302760118469,163.9541401777035,81.97707008885175,27.32569002961725,-54.6513800592345,5.46513800592345,218.605520236938,-27.32569002961725,136.62845014808624,40.98853504442587,68.31422507404312,-109.302760118469,13.662845014808624,54.6513800592345
81.10000000000001,109.34385772042918,164.01578658064378,82.00789329032189,27.335964430107296,-54.67192886021459,5.46719288602146,218.68771544085837,-27.335964430107296,136.6798221505365,41.003946645160944,68.33991107526825,-109.34385772042918,13.667982215053648,54.67192886021459
81.2,109.38550181347463,164.07825272021194,82.03912636010597,27.34637545336866,-54.69275090673732,5.469275090673732,218.77100362694927,-27.34637545336866,136.7318772668433,41.019563180052984,68.36593863342165,-109.38550181347463,13.67318772668433,54.69275090673732
81.30000000000001,109.42765115962258,164.14147673943387,82.07073836971693,27.356912789905646,-54.71382557981129,5.47138255798113,218.85530231924517,-27.356912789905646,136.78456394952823,41.03536918485847,68.39228197476412,-109.42765115962258,13.678456394952823,54.71382557981129
81.4,109.47032170395123,164.20548255592684,82.10274127796342,27.367580425987807,-54.735160851975614,5.473516085197562,218.94064340790246,-27.367580425987807,136.83790212993904,41.05137063898171,68.41895106496952,-109.47032170395123,13.683790212993904,54.735160851975614
81.5,109.51346185329236,164.27019277993853,82.13509638996926,27.37836546332309,-54.75673092664618,5.475673092664618,219.0269237065847,-27.37836546332309,136.89182731661543,41.06754819498463,68.44591365830772,-109.51346185329236,13.689182731661544,54.75673092664618
81.60000000000001,109.55703655989035,164.33555483983554,82.16777741991777,27.389259139972587,-54.778518279945175,5.477851827994518,219.1140731197807,-27.389259139972587,136.94629569986293,41.083888709958885,68.47314784993146,-109.55703655989035,13.694629569986294,54.778518279945175
81.7,109.60107305786228,164.40160958679343,82.20080479339671,27.40026826446557,-54.80053652893114,5.4800536528931145,219.20214611572456,-27.40026826446557,137.00134132232785,41.10040239669836,68.50067066116392,-109.60107305786228,13.700134132232785,54.80053652893114
81.80000000000001,109.64559088940189,164.46838633410283,82.23419316705142,27.411397722350472,-54.822795444700944,5.482279544470095,219.29118177880378,-27.411397722350472,137.05698861175236,41.11709658352571,68.52849430587618,-109.64559088940189,13.705698861175236,54.822795444700944
81.9,109.69059863558991,164.53589795338485,82.26794897669242,27.422649658897477,-54.845299317794954,5.4845299317794955,219.38119727117981,-27.422649658897477,137.1132482944874,41.13397448834621,68.5566241472437,-109.69059863558991,13.711324829448738,54.845299317794954
82.0,109.73617083452143,164.60425625178215,82.30212812589107,27.434042708630358,-54.868085417260716,5.486808541726072,219.47234166904286,-27.434042708630358,137.1702135431518,41.15106406294554,68.5851067715759,-109.73617083452143,13.717021354315179,54.868085417260716
82.10000000000001,109.78239715472876,164.67359573209313,82.33679786604657,27.44559928868219,-54.89119857736438,5.489119857736438,219.5647943094575,-27.44559928868219,137.22799644341094,41.16839893302328,68.61399822170547,-109.78239715472876,13.722799644341094,54.89119857736438
82.2,109.82933450555916,164.74400175833875,82.37200087916938,27.45733362638979,-54.91466725277958,5.4914667252779585,219.65866901111832,-27.45733362638979,137.28666813194894,41.18600043958469,68.64333406597447,-109.82933450555916,13.728666813194895,54.91466725277958
82.30000000000001,109.87700395092867,164.815505926393,82.4077529631965,27.469250987732167,-54.938501975464334,5.4938501975464336,219.75400790185734,-27.469250987732167,137.34625493866082,41.20387648159825,68.67312746933041,-109.87700395092867,13.734625493866083,54.938501975464334
82.4,109.92536768686941,164.8880515303041,82.44402576515205,27.481341921717352,-54.962683843434704,5.4962683843434705,219.85073537373881,-27.481341921717352,137.40670960858677,41.222012882576024,68.70335480429338,-109.92536768686941,13.740670960858676,54.962683843434704
82.5,109.9744121920724,164.9616182881086,82.4808091440543,27.4936030480181,-54.9872060960362,5.4987206096036205,219.9488243841448,-27.4936030480181,137.4680152400905,41.24040457202715,68.73400762004525,-109.9744121920724,13.74680152400905,54.9872060960362
82.60000000000001,110.0241156945111,165.03617354176663,82.51808677088331,27.506028923627774,-55.01205784725555,5.501205784725555,220.0482313890222,-27.506028923627774,137.53014461813888,41.25904338544166,68.76507230906944,-110.0241156945111,13.753014461813887,55.01205784725555
82.7,110.07445939986275,165.11168909979412,82.55584454989706,27.518614849965687,-55.03722969993137,5.503722969993138,220.1489187997255,-27.518614849965687,137.59307424982842,41.27792227494853,68.79653712491421,-110.07445939986275,13.759307424982843,55.03722969993137
82.80000000000001,110.12539183326093,165.1880877498914,82.5940438749457,27.531347958315234,-55.06269591663047,5.506269591663047,220.25078366652187,-27.531347958315234,137.65673979157617,41.29702193747285,68.82836989578809,-110.12539183326093,13.765673979157617,55.06269591663047
82.9,110.17686017732322,165.26529026598485,82.63264513299242,27.544215044330805,-55.08843008866161,5.508843008866162,220.35372035464644,-27.544215044330805,137.72107522165402,41.31632256649621,68.86053761082701,-110.17686017732322,13.772107522165403,55.08843008866161
83.0,110.22881981450367,165.3432297217555,82.67161486087775,27.557204953625916,-55.11440990725183,5.511440990725184,220.45763962900733,-27.557204953625916,137.78602476812958,41.33580743043888,68.89301238406479,-110.22881981450367,13.778602476812958,55.11440990725183
83.10000000000001,110.28119019187702,165.4217852878155,82.71089264390775,27.570297547969254,-55.14059509593851,5.514059509593851,220.56238038375403,-27.570297547969254,137.85148773984628,41.35544632195388,68.92574386992314,-110.28119019187702,13.785148773984627,55.14059509593851
83.2,110.33386778467312,165.5008016770097,82.75040083850485,27.58346694616828,-55.16693389233656,5.516693389233656,220.66773556934623,-27.58346694616828,137.9173347308414,41.37520041925242,68.9586673654207,-110.33386778467312,13.79173347308414,55.16693389233656
83.30000000000001,110.38672382973084,165.58008574459626,82.79004287229813,27.59668095743271,-55.19336191486542,5.519336191486542,220.77344765946168,-27.59668095743271,137.98340478716355,41.395021436149065,68.99170239358178,-110.38672382973084,13.798340478716355,55.19336191486542
83.4,110.43959222256703,165.65938833385053,82.82969416692526,27.609898055641757,-55.219796111283515,5.5219796111283515,220.87918444513406,-27.609898055641757,138.0494902782088,41.41484708346263,69.0247451391044,-110.43959222256703,13.804949027820879,55.219796111283515
83.5,110.49227043932113,165.7384056589817,82.86920282949085,27.623067609830283,-55.246135219660566,5.524613521966057,220.98454087864226,-27.623067609830283,138.1153380491514,41.43460141474542,69.0576690245757,-110.49227043932113,13.811533804915141,55.246135219660566
83.60000000000001,110.54457212807222,165.81685819210833,82.90842909605416,27.636143032018055,-55.27228606403611,5.527228606403611,221.08914425614444,-27.636143032018055,138.18071516009027,41.45421454802708,69.09035758004514,-110.54457212807222,13.818071516009027,55.27228606403611
83.7,110.59633366671748,165.89450050007622,82.94725025003811,27.64908341667937,-55.29816683335874,5.529816683335874,221.19266733343497,-27.64908341667937,138.24541708339686,41.473625125019055,69.12270854169843,-110.59633366671748,13.824541708339686,55.29816683335874
83.80000000000001,110.64742075896102,165.97113113844154,82.98556556922077,27.661855189740255,-55.32371037948051,5.532371037948051,221.29484151792204,-27.661855189740255,138.30927594870127,41.492782784610384,69.15463797435063,-110.64742075896102,13.830927594870127,55.32371037948051
83.9,110.69767547779819,166.0465132166973,83.02325660834865,27.674418869449546,-55.34883773889909,5.534883773889909,221.39535095559637,-27.674418869449546,138.37209434724772,41.51162830417432,69.18604717362386,-110.69767547779819,13.837209434724773,55.34883773889909
84.0,110.74691342893831,166.12037014340746,83.06018507170373,27.68672835723458,-55.37345671446916,5.537345671446916,221.49382685787663,-27.68672835723458,138.4336417861729,41.530092535851864,69.21682089308645,-110.74691342893831,13.84336417861729,55.37345671446916
84.10000000000001,110.79489380517465,166.19234070776199,83.09617035388099,27.698723451293663,-55.397446902587326,5.539744690258733,221.5897876103493,-27.698723451293663,138.49361725646833,41.548085176940496,69.24680862823416,-110.79489380517465,13.849361725646832,55.397446902587326
84.2,110.84135628374597,166.26203442561894,83.13101721280947,27.71033907093649,-55.42067814187298,5.542067814187298,221.68271256749193,-27.71033907093649,138.55169535468247,41.565508606404734,69.27584767734123,-110.84135628374597,13.855169535468246,55.42067814187298
84.30000000000001,110.88604643166455,166.32906964749682,83.16453482374841,27.72151160791614,-55.44302321583228,5.544302321583228,221.7720928633291,-27.72151160791614,138.60755803958068,41.582267411874206,69.30377901979034,-110.88604643166455,13.86075580395807,55.44302321583228
84.4,110.92868814933009,166.39303222399514,83.19651611199757,27.73217203733252,-55.46434407466504,5.546434407466505,221.85737629866017,-27.73217203733252,138.6608601866626,41.598258055998784,69.3304300933313,-110.92868814933009,13.86608601866626,55.46434407466504
84.5,110.96895225158426,166.45342837737638,83.22671418868819,27.742238062896064,-55.48447612579213,5.5484476125792135,221.9379045031685,-27.742238062896064,138.71119031448032,41.613357094344096,69.35559515724016,-110.96895225158426,13.871119031448032,55.48447612579213
84.60000000000001,111.00658302840321,166.50987454260482,83.25493727130241,27.751645757100803,-55.50329151420161,5.550329151420161,222.01316605680643,-27.751645757100803,138.758228785504,41.627468635651205,69.379114392752,-111.00658302840321,13.875822878550402,55.50329151420161
84.7,111.04138082881713,166.5620712432257,83.28103562161284,27.76034520720428,-55.52069041440856,5.5520690414408564,222.08276165763425,-27.76034520720428,138.80172603602142,41.64051781080642,69.40086301801071,-111.04138082881713,13.88017260360214,55.52069041440856
84.80000000000001,111.07320876251622,166.60981314377432,83.30490657188716,27.768302190629054,-55.53660438125811,5.553660438125811,222.14641752503243,-27.768302190629054,138.84151095314527,41.65245328594358,69.42075547657264,-111.07320876251622,13.884151095314527,55.53660438125811
84.9,111.10202405284168,166.65303607926253,83.32651803963127,27.77550601321042,-55.55101202642084,5.555101202642085,222.20404810568337,-27.77550601321042,138.87753006605212,41.663259019815634,69.43876503302606,-111.10202405284168,13.88775300660521,55.55101202642084
85.0,111.12780628972493,166.69170943458738,83.34585471729369,27.781951572431232,-55.563903144862465,5.556390314486247,222.25561257944986,-27.781951572431232,138.90975786215617,41.672927358646845,69.45487893107808,-111.12780628972493,13.890975786215616,55.563903144862465
85.10000000000001,111.1505438254679,166.72581573820185,83.36290786910092,27.787635956366977,-55.57527191273395,5.557527191273396,222.3010876509358,-27.787635956366977,138.9381797818349,41.68145393455046,69.46908989091745,-111.1505438254679,13.893817978183488,55.57527191273395
85.2,111.17030177229466,166.75545265844198,83.37772632922099,27.792575443073666,-55.58515088614733,5.558515088614733,222.34060354458933,-27.792575443073666,138.96287721536834,41.688863164610495,69.48143860768417,-111.17030177229466,13.896287721536833,55.58515088614733
85.30000000000001,111.18720088368484,166.78080132552725,83.39040066276362,27.79680022092121,-55.59360044184242,5.559360044184242,222.37440176736968,-27.79680022092121,138.98400110460605,41.69520033138181,69.49200055230303,-111.18720088368484,13.898400110460605,55.59360044184242
85.4,111.20136843695872,166.80205265543808,83.40102632771904,27.80034210923968,-55.60068421847936,5.560068421847936,222.40273687391743,-27.80034210923968,139.0017105461984,41.70051316385952,69.5008552730992,-111.20136843695872,13.90017105461984,55.60068421847936
85.5,111.21297034563048,166.81945551844572,83.40972775922286,27.80324258640762,-55.60648517281524,5.560648517281525,222.42594069126096,-27.80324258640762,139.01621293203812,41.70486387961143,69.50810646601906,-111.21297034563048,13.90162129320381,55.60648517281524
85.60000000000001,111.2222150976756,166.8333226465134,83.4166613232567,27.8055537744189,-55.6111075488378,5.561110754883781,222.4444301953512,-27.8055537744189,139.0277688720945,41.70833066162835,69.51388443604725,-111.2222150976756,13.90277688720945,55.6111075488378
85.7,111.22936256084166,166.8440438412625,83.42202192063125,27.807340640210416,-55.61468128042083,5.561468128042083,222.45872512168333,-27.807340640210416,139.0367032010521,41.711010960315626,69.51835160052605,-111.22936256084166,13.903670320105208,55.61468128042083
85.80000000000001,111.23470605294486,166.8520590794173,83.42602953970865,27.808676513236215,-55.61735302647243,5.561735302647243,222.46941210588972,-27.808676513236215,139.04338256618107,41.713014769854325,69.52169128309053,-111.23470605294486,13.904338256618107,55.61735302647243
85.9,111.23849813158796,166.85774719738194,83.42887359869097,27.80962453289699,-55.61924906579398,5.5619249065793985,222.47699626317592,-27.80962453289699,139.04812266448494,41.714436799345485,69.52406133224247,-111.23849813158796,13.904812266448495,55.61924906579398
86.0,111.24094761658947,166.8614214248842,83.4307107124421,27.810236904147366,-55.62047380829473,5.5620473808294735,222.48189523317893,-27.810236904147366,139.05118452073683,41.71535535622105,69.52559226036841,-111.24094761658947,13.905118452073683,55.62047380829473
86.10000000000001,111.24222695798954,166.86334043698432,83.43167021849216,27.810556739497386,-55.62111347899477,5.562111347899478,222.4844539159791,-27.810556739497386,139.05278369748692,41.71583510924608,69.52639184874346,-111.24222695798954,13.905278369748693,55.62111347899477
86.2,111.24251274886748,166.8637691233012,83.4318845616506,27.81062818721687,-55.62125637443374,5.5621256374433745,222.48502549773497,-27.81062818721687,139.05314093608436,41.7159422808253,69.52657046804218,-111.24251274886748,13.905314093608435,55.62125637443374
86.30000000000001,111.24201416330678,166.86302124496018,83.43151062248009,27.810503540826694,-55.62100708165339,5.562100708165339,222.48402832661355,-27.810503540826694,139.05251770413346,41.715755311240045,69.52625885206673,-111.24201416330678,13.905251770413347,55.62100708165339
86.4,111.24096878222929,166.86145317334393,83.43072658667197,27.810242195557322,-55.620484391114644,5.562048439111464,222.48193756445858,-27.810242195557322,139.0512109777866,41.71536329333598,69.5256054888933,-111.24096878222929,13.905121097778661,55.620484391114644
86.5,111.239633120283,166.85944968042452,83.42972484021226,27.80990828007075,-55.6198165601415,5.561981656014151,222.479266240566,-27.80990828007075,139.04954140035375,41.71486242010613,69.52477070017687,-111.239633120283,13.904954140035375,55.6198165601415
86.60000000000001,111.23826348434704,166.85739522652057,83.42869761326028,27.80956587108676,-55.61913174217352,5.561913174217352,222.4765269686941,-27.80956587108676,139.0478293554338,41.71434880663014,69.5239146777169,-111.23826348434704,13.90478293554338,55.61913174217352
86.7,111.23699879398558,166.85549819097838,83.42774909548919,27.809249698496394,-55.61849939699279,5.561849939699279,222.47399758797116,-27.809249698496394,139.04624849248196,41.713874547744595,69.52312424624098,-111.23699879398558,13.904624849248197,55.61849939699279
86.80000000000001,111.2359504106941,166.85392561604115,83.42696280802058,27.808987602673525,-55.61797520534705,5.561797520534705,222.4719008213882,-27.808987602673525,139.04493801336764,41.71348140401029,69.52246900668382,-111.2359504106941,13.904493801336763,55.61797520534705
86.9,111.23517750005689,166.85276625008532,83.42638312504266,27.808794375014223,-55.617588750028446,5.561758875002845,222.47035500011378,-27.808794375014223,139.04397187507112,41.71319156252133,69.52198593753556,-111.23517750005689,13.904397187507112,55.617588750028446
87.0,111.23462605676893,166.8519390851534,83.4259695425767,27.808656514192233,-55.617313028384466,5.561731302838447,222.46925211353786,-27.808656514192233,139.04328257096117,41.71298477128835,69.52164128548058,-111.23462605676893,13.904328257096116,55.617313028384466
87.10000000000001,111.23415281457315,166.85122922185974,83.42561461092987,27.808538203643288,-55.617076407286575,5.561707640728658,222.4683056291463,-27.808538203643288,139.04269101821643,41.712807305464935,69.52134550910822,-111.23415281457315,13.904269101821644,55.617076407286575
87.2,111.23357763991058,166.85036645986588,83.42518322993294,27.808394409977645,-55.61678881995529,5.56167888199553,222.46715527982116,-27.808394409977645,139.04197204988822,41.71259161496647,69.52098602494411,-111.23357763991058,13.904197204988822,55.61678881995529
87.30000000000001,111.23269825964799,166.849047389472,83.424523694736,27.808174564911997,-55.616349129823995,5.5616349129824,222.46539651929598,-27.808174564911997,139.04087282455998,41.712261847368,69.52043641227999,-111.23269825964799,13.904087282455999,55.616349129823995
87.4,111.23134419701549,166.84701629552325,83.42350814776162,27.807836049253872,-55.615672098507744,5.561567209850775,222.46268839403098,-27.807836049253872,139.03918024626935,41.71175407388081,69.51959012313468,-111.23134419701549,13.903918024626936,55.615672098507744
87.5,111.2294586899236,166.8441880348854,83.4220940174427,27.8073646724809,-55.6147293449618,5.56147293449618,222.4589173798472,-27.8073646724809,139.0368233624045,41.71104700872135,69.51841168120225,-111.2294586899236,13.90368233624045,55.6147293449618
87.60000000000001,111.22702449248939,166.8405367387341,83.42026836936705,27.806756123122348,-55.613512246244696,5.56135122462447,222.45404898497878,-27.806756123122348,139.03378061561173,41.710134184683525,69.51689030780587,-111.22702449248939,13.903378061561174,55.613512246244696
87.7,111.22407168688704,166.83610753033057,83.41805376516528,27.80601792172176,-55.61203584344352,5.561203584344352,222.4481433737741,-27.80601792172176,139.03008960860882,41.70902688258264,69.51504480430441,-111.22407168688704,13.90300896086088,55.61203584344352
87.80000000000001,111.22060124047022,166.83090186070532,83.41545093035266,27.805150310117554,-55.61030062023511,5.561030062023511,222.44120248094043,-27.805150310117554,139.02575155058776,41.70772546517633,69.51287577529388,-111.22060124047022,13.902575155058777,55.61030062023511
87.9,111.21661471659417,166.82492207489125,83.41246103744562,27.80415367914854,-55.60830735829708,5.560830735829708,222.43322943318833,-27.80415367914854,139.02076839574272,41.70623051872281,69.51038419787136,-111.21661471659417,13.90207683957427,55.60830735829708
88.0,111.21210673144614,166.8181600971692,83.4090800485846,27.803026682861535,-55.60605336572307,5.560605336572308,222.42421346289228,-27.803026682861535,139.01513341430768,41.7045400242923,69.50756670715384,-111.21210673144614,13.901513341430768,55.60605336572307
88.10000000000001,111.20706690058677,166.81060035088015,83.40530017544008,27.801766725146692,-55.603533450293384,5.5603533450293385,222.41413380117353,-27.801766725146692,139.00883362573347,41.70265008772004,69.50441681286674,-111.20706690058677,13.900883362573346,55.603533450293384
88.2,111.20148823730855,166.80223235596281,83.40111617798141,27.800372059327138,-55.600744118654276,5.560074411865428,222.4029764746171,-27.800372059327138,139.0018602966357,41.700558088990704,69.50093014831785,-111.20148823730855,13.900186029663569,55.600744118654276
88.30000000000001,111.19531668456136,166.79297502684204,83.39648751342102,27.79882917114034,-55.59765834228068,5.5597658342280685,222.39063336912272,-27.79882917114034,138.9941458557017,41.69824375671051,69.49707292785085,-111.19531668456136,13.89941458557017,55.59765834228068
88.4,111.18843026830982,166.7826454024647,83.39132270123235,27.797107567077454,-55.59421513415491,5.559421513415491,222.37686053661963,-27.797107567077454,138.98553783538728,41.69566135061618,69.49276891769364,-111.18843026830982,13.898553783538727,55.59421513415491
88.5,111.1806952926608,166.7710429389912,83.3855214694956,27.7951738231652,-55.5903476463304,5.55903476463304,222.3613905853216,-27.7951738231652,138.97586911582601,41.6927607347478,69.48793455791301,-111.1806952926608,13.8975869115826,55.5903476463304
88.60000000000001,111.17204975637155,166.75807463455732,83.37903731727866,27.793012439092887,-55.586024878185775,5.558602487818578,222.3440995127431,-27.793012439092887,138.96506219546444,41.68951865863933,69.48253109773222,-111.17204975637155,13.896506219546444,55.586024878185775
88.7,111.16247393482426,166.7437109022364,83.3718554511182,27.790618483706066,-55.58123696741213,5.558123696741213,222.32494786964853,-27.790618483706066,138.95309241853033,41.6859277255591,69.47654620926517,-111.16247393482426,13.895309241853033,55.58123696741213
88.80000000000001,111.15192903672752,166.72789355509127,83.36394677754564,27.78798225918188,-55.57596451836376,5.5575964518363765,222.30385807345505,-27.78798225918188,138.9399112959094,41.68197338877282,69.4699556479547,-111.15192903672752,13.89399112959094,55.57596451836376
88.9,111.14038658474811,166.71057987712217,83.35528993856109,27.78509664618703,-55.57019329237406,5.557019329237406,222.28077316949623,-27.78509664618703,138.92548323093513,41.67764496928054,69.46274161546756,-111.14038658474811,13.892548323093514,55.57019329237406
89.0,111.12788370802045,166.69182556203066,83.34591278101533,27.781970927005112,-55.563941854010224,5.556394185401023,222.2557674160409,-27.781970927005112,138.90985463502557,41.672956390507665,69.45492731751278,-111.12788370802045,13.890985463502556,55.563941854010224
89.10000000000001,111.11444004346232,166.6716600651935,83.33583003259675,27.77861001086558,-55.55722002173116,5.555722002173116,222.22888008692465,-27.77861001086558,138.89305005432792,41.66791501629837,69.44652502716396,-111.11444004346232,13.88930500543279,55.55722002173116
89.2,111.10012254333839,166.65018381500758,83.32509190750379,27.775030635834597,-55.55006127166919,5.555006127166919,222.20024508667677,-27.775030635834597,138.87515317917297,41.662545953751895,69.43757658958648,-111.10012254333839,13.887515317917298,55.55006127166919
89.30000000000001,111.08502406699071,166.62753610048605,83.31376805024303,27.771256016747678,-55.542512033495356,5.554251203349536,222.17004813398142,-27.771256016747678,138.8562800837384,41.656884025121514,69.4281400418692,-111.08502406699071,13.885628008373839,55.542512033495356
89.4,111.06926223919498,166.60389335879248,83.30194667939624,27.767315559798746,-55.53463111959749,5.55346311195975,222.13852447838997,-27.767315559798746,138.83657779899374,41.65097333969812,69.41828889949687,-111.06926223919498,13.883657779899373,55.53463111959749
89.5,111.05294055447004,166.57941083170505,83.28970541585252,27.76323513861751,-55.52647027723502,5.552647027723502,222.10588110894008,-27.76323513861751,138.81617569308756,41.64485270792626,69.40808784654378,-111.05294055447004,13.881617569308755,55.52647027723502
89.60000000000001,111.03616470153582,166.55424705230374,83.27712352615187,27.759041175383956,-55.51808235076791,5.551808235076791,222.07232940307165,-27.759041175383956,138.7952058769198,41.638561763075934,69.3976029384599,-111.03616470153582,13.879520587691978,55.51808235076791
89.7,111.01903798970369,166.52855698455554,83.26427849227777,27.754759497425923,-55.509518994851845,5.5509518994851845,222.03807597940738,-27.754759497425923,138.77379748712963,41.632139246138884,69.38689874356481,-111.01903798970369,13.877379748712961,55.509518994851845
89.80000000000001,111.00167722872945,166.50251584309416,83.25125792154708,27.750419307182362,-55.500838614364724,5.550083861436473,222.0033544574589,-27.750419307182362,138.75209653591182,41.62562896077354,69.37604826795591,-111.00167722872945,13.875209653591181,55.500838614364724
89.9,110.98417098105217,166.47625647157827,83.23812823578913,27.746042745263043,-55.49208549052609,5.549208549052609,221.96834196210435,-27.746042745263043,138.7302137263152,41.61906411789457,69.3651068631576,-110.98417098105217,13.873021372631522,55.49208549052609
90.0,110.96662761558258,166.44994142337387,83.22497071168694,27.741656903895645,-55.48331380779129,5.548331380779129,221.93325523116516,-27.741656903895645,138.70828451947824,41.61248535584347,69.35414225973912,-110.96662761558258,13.870828451947823,55.48331380779129
90.10000000000001,110.94917204560183,166.42375806840275,83.21187903420137,27.737293011400457,-55.474586022800914,5.547458602280091,221.89834409120365,-27.737293011400457,138.6864650570023,41.60593951710069,69.34323252850115,-110.94917204560183,13.868646505700228,55.474586022800914
90.2,110.93191353524789,166.39787030287184,83.19893515143592,27.73297838381197,-55.46595676762394,5.5465956767623945,221.86382707049577,-27.73297838381197,138.66489191905987,41.59946757571796,69.33244595952993,-110.93191353524789,13.866489191905986,55.46595676762394
90.30000000000001,110.9149224738307,166.37238371074605,83.18619185537302,27.728730618457675,-55.45746123691535,5.5457461236915355,221.8298449476614,-27.728730618457675,138.6436530922884,41.59309592768651,69.3218265461442,-110.9149224738307,13.864365309228837,55.45746123691535
90.4,110.89821512882574,166.3473226932386,83.1736613466193,27.724553782206435,-55.44910756441287,5.544910756441287,221.79643025765148,-27.724553782206435,138.62276891103218,41.58683067330965,69.31138445551609,-110.89821512882574,13.862276891103217,55.44910756441287
90.5,110.8817831359155,166.32267470387325,83.16133735193662,27.720445783978874,-55.44089156795775,5.544089156795775,221.763566271831,-27.720445783978874,138.60222891989437,41.58066867596831,69.30111445994719,-110.8817831359155,13.860222891989437,55.44089156795775
90.60000000000001,110.86563150497332,166.29844725746,83.14922362873,27.71640787624333,-55.43281575248666,5.543281575248667,221.73126300994664,-27.71640787624333,138.58203938121665,41.574611814365,69.29101969060832,-110.86563150497332,13.858203938121665,55.43281575248666
90.7,110.84978898439124,166.27468347658686,83.13734173829343,27.71244724609781,-55.42489449219562,5.542489449219563,221.69957796878248,-27.71244724609781,138.56223623048905,41.568670869146715,69.28111811524452,-110.84978898439124,13.856223623048905,55.42489449219562
90.80000000000001,110.83433486094117,166.25150229141175,83.12575114570588,27.708583715235292,-55.417167430470585,5.541716743047059,221.66866972188234,-27.708583715235292,138.54291857617648,41.56287557285294,69.27145928808824,-110.83433486094117,13.854291857617646,55.417167430470585
90.9,110.81929543444126,166.2289431516619,83.11447157583095,27.704823858610315,-55.40964771722063,5.540964771722063,221.63859086888252,-27.704823858610315,138.52411929305157,41.557235787915474,69.26205964652578,-110.81929543444126,13.852411929305157,55.40964771722063
91.0,110.80466948345841,166.20700422518763,83.10350211259382,27.701167370864603,-55.402334741729206,5.540233474172921,221.60933896691682,-27.701167370864603,138.505836854323,41.55175105629691,69.2529184271615,-110.80466948345841,13.850583685432301,55.402334741729206
91.10000000000001,110.79045447992567,166.18568171988852,83.09284085994426,27.697613619981418,-55.395227239962836,5.539522723996284,221.58090895985134,-27.697613619981418,138.48806809990708,41.54642042997213,69.24403404995354,-110.79045447992567,13.848806809990709,55.395227239962836
91.2,110.776617451861,166.1649261777915,83.08246308889575,27.69415436296525,-55.3883087259305,5.53883087259305,221.553234903722,-27.69415436296525,138.47077181482626,41.541231544447875,69.23538590741313,-110.776617451861,13.847077181482625,55.3883087259305
91.30000000000001,110.76323202008834,166.1448480301325,83.07242401506625,27.690808005022085,-55.38161601004417,5.5381616010044175,221.52646404017668,-27.690808005022085,138.45404002511043,41.53621200753312,69.22702001255522,-110.76323202008834,13.845404002511042,55.38161601004417
91.4,110.7503877450417,166.12558161756255,83.06279080878127,27.687596936260427,-55.37519387252085,5.537519387252086,221.5007754900834,-27.687596936260427,138.43798468130214,41.531395404390636,69.21899234065107,-110.7503877450417,13.843798468130213,55.37519387252085
91.5,110.73813894794927,166.1072084219239,83.05360421096195,27.684534736987317,-55.36906947397463,5.536906947397464,221.47627789589853,-27.684534736987317,138.42267368493657,41.526802105480975,69.21133684246828,-110.73813894794927,13.842267368493658,55.36906947397463
91.60000000000001,110.72654332058919,166.08981498088377,83.04490749044189,27.681635830147297,-55.36327166029459,5.5363271660294595,221.45308664117837,-27.681635830147297,138.4081791507365,41.52245374522094,69.20408957536824,-110.72654332058919,13.840817915073648,55.36327166029459
91.7,110.71564889080456,166.07347333620683,83.03673666810342,27.67891222270114,-55.35782444540228,5.535782444540228,221.43129778160912,-27.67891222270114,138.3945611135057,41.51836833405171,69.19728055675284,-110.71564889080456,13.83945611135057,55.35782444540228
91.80000000000001,110.70556381426397,166.05834572139594,83.02917286069797,27.676390953565992,-55.352781907131984,5.535278190713199,221.41112762852794,-27.676390953565992,138.38195476782997,41.514586430348984,69.19097738391498,-110.70556381426397,13.838195476782996,55.352781907131984
91.9,110.69650539691636,166.04475809537456,83.02237904768728,27.67412634922909,-55.34825269845818,5.534825269845818,221.39301079383273,-27.67412634922909,138.37063174614545,41.51118952384364,69.18531587307272,-110.69650539691636,13.837063174614546,55.34825269845818
92.0,110.68874850582512,166.03312275873768,83.01656137936884,27.67218712645628,-55.34437425291256,5.534437425291256,221.37749701165023,-27.67218712645628,138.36093563228138,41.50828068968442,69.18046781614069,-110.68874850582512,13.83609356322814,55.34437425291256
92.10000000000001,110.6825934838398,166.0238902257597,83.01194511287984,27.67064837095995,-55.3412967419199,5.53412967419199,221.3651869676796,-27.67064837095995,138.35324185479973,41.50597255643992,69.17662092739987,-110.6825934838398,13.835324185479974,55.3412967419199
92.2,110.6782991872922,166.0174487809383,83.00872439046915,27.66957479682305,-55.3391495936461,5.53391495936461,221.3565983745844,-27.66957479682305,138.34787398411524,41.50436219523458,69.17393699205762,-110.6782991872922,13.834787398411525,55.3391495936461
92.30000000000001,110.67606473780756,166.01409710671135,83.00704855335567,27.66901618445189,-55.33803236890378,5.533803236890378,221.35212947561513,-27.66901618445189,138.34508092225946,41.50352427667784,69.17254046112973,-110.67606473780756,13.834508092225946,55.33803236890378
92.4,110.67604770905427,166.0140715635814,83.0070357817907,27.66901192726357,-55.33802385452714,5.533802385452714,221.35209541810855,-27.66901192726357,138.34505963631784,41.50351789089535,69.17252981815892,-110.67604770905427,13.834505963631784,55.33802385452714
92.5,110.67839116008226,166.0175867401234,83.0087933700617,27.669597790020564,-55.33919558004113,5.533919558004113,221.3567823201645,-27.669597790020564,138.34798895010283,41.50439668503085,69.17399447505142,-110.67839116008226,13.834798895010282,55.33919558004113
92.60000000000001,110.68321441941873,166.0248216291281,83.01241081456405,27.670803604854683,-55.341607209709366,5.534160720970937,221.36642883883746,-27.670803604854683,138.35401802427342,41.506205407282025,69.17700901213671,-110.68321441941873,13.835401802427342,55.341607209709366
92.7,110.6906659878943,166.03599898184146,83.01799949092073,27.672666496973576,-55.34533299394715,5.534533299394716,221.3813319757886,-27.672666496973576,138.3633324848679,41.508999745460365,69.18166624243395,-110.6906659878943,13.836333248486788,55.34533299394715
92.80000000000001,110.70087385136664,166.05131077704996,83.02565538852498,27.67521846284166,-55.35043692568332,5.535043692568332,221.40174770273327,-27.67521846284166,138.3760923142083,41.51282769426249,69.18804615710415,-110.70087385136664,13.83760923142083,55.35043692568332
92.9,110.71395218438553,166.0709282765783,83.03546413828914,27.678488046096383,-55.35697609219277,5.535697609219277,221.42790436877107,-27.678488046096383,138.39244023048192,41.51773206914457,69.19622011524096,-110.71395218438553,13.839244023048192,55.35697609219277
93.0,110.7300248949742,166.0950373424613,83.04751867123065,27.68250622374355,-55.3650124474871,5.5365012447487105,221.4600497899484,-27.68250622374355,138.41253111871777,41.523759335615324,69.20626555935888,-110.7300248949742,13.841253111871776,55.3650124474871
93.10000000000001,110.74914877684093,166.1237231652614,83.0618615826307,27.68728719421023,-55.37457438842046,5.537457438842047,221.49829755368185,-27.68728719421023,138.43643597105117,41.53093079131535,69.21821798552558,-110.74914877684093,13.843643597105116,55.37457438842046
93.2,110.7712722928608,166.15690843929121,83.07845421964561,27.6928180732152,-55.3856361464304,5.53856361464304,221.5425445857216,-27.6928180732152,138.464090366076,41.539227109822804,69.232045183038,-110.7712722928608,13.8464090366076,55.3856361464304
93.30000000000001,110.79623956127446,166.1943593419117,83.09717967095585,27.699059890318615,-55.39811978063723,5.539811978063724,221.59247912254892,-27.699059890318615,138.49529945159307,41.54858983547793,69.24764972579653,-110.79623956127446,13.849529945159308,55.39811978063723
93.4,110.82385453719908,166.23578180579864,83.11789090289932,27.70596363429977,-55.41192726859954,5.541192726859954,221.64770907439816,-27.70596363429977,138.52981817149885,41.55894545144966,69.26490908574942,-110.82385453719908,13.852981817149885,55.41192726859954
93.5,110.85387194142834,166.2808079121425,83.14040395607125,27.713467985357084,-55.42693597071417,5.542693597071417,221.70774388285668,-27.713467985357084,138.56733992678542,41.57020197803563,69.28366996339271,-110.85387194142834,13.856733992678542,55.42693597071417
93.60000000000001,110.8860165084728,166.3290247627092,83.1645123813546,27.7215041271182,-55.4430082542364,5.54430082542364,221.7720330169456,-27.7215041271182,138.60752063559102,41.5822561906773,69.30376031779551,-110.8860165084728,13.8607520635591,55.4430082542364
93.7,110.91996703803015,166.37995055704522,83.18997527852261,27.729991759507538,-55.459983519015076,5.545998351901508,221.8399340760603,-27.729991759507538,138.6499587975377,41.594987639261305,69.32497939876885,-110.91996703803015,13.864995879753769,55.459983519015076
93.80000000000001,110.95543511362538,166.43315267043806,83.21657633521903,27.738858778406346,-55.47771755681269,5.54777175568127,221.91087022725077,-27.738858778406346,138.69429389203174,41.608288167609516,69.34714694601587,-110.95543511362538,13.869429389203173,55.47771755681269
93.9,110.99216221088318,166.48824331632477,83.24412165816238,27.748040552720795,-55.49608110544159,5.54960811054416,221.98432442176636,-27.748040552720795,138.74020276360397,41.62206082908119,69.37010138180199,-110.99216221088318,13.874020276360397,55.49608110544159
94.0,111.02981779411867,166.544726691178,83.272363345589,27.757454448529668,-55.514908897059335,5.551490889705934,222.05963558823734,-27.757454448529668,138.78727224264833,41.6361816727945,69.39363612132416,-111.02981779411867,13.878727224264834,55.514908897059335
94.10000000000001,111.06809009809265,166.602135147139,83.3010675735695,27.767022524523163,-55.53404504904633,5.553404504904633,222.1361801961853,-27.767022524523163,138.8351126226158,41.65053378678475,69.4175563113079,-111.06809009809265,13.883511262261582,55.53404504904633
94.2,111.1066978782554,166.6600468173831,83.33002340869155,27.77667446956385,-55.5533489391277,5.555334893912771,222.2133957565108,-27.77667446956385,138.88337234781926,41.66501170434577,69.44168617390963,-111.1066978782554,13.888337234781925,55.5533489391277
94.30000000000001,111.14535825785235,166.71803738677852,83.35901869338926,27.786339564463088,-55.572679128926175,5.557267912892618,222.2907165157047,-27.786339564463088,138.93169782231544,41.67950934669463,69.46584891115772,-111.14535825785235,13.893169782231544,55.572679128926175
94.4,111.18385315863966,166.7757797379595,83.38788986897976,27.795963289659916,-55.59192657931983,5.559192657931984,222.36770631727933,-27.795963289659916,138.97981644829957,41.69394493448988,69.48990822414979,-111.18385315863966,13.897981644829958,55.59192657931983
94.5,111.22196645541871,166.83294968312805,83.41647484156402,27.805491613854677,-55.610983227709355,5.561098322770936,222.44393291083742,-27.805491613854677,139.0274580692734,41.70823742078201,69.5137290346367,-111.22196645541871,13.902745806927339,55.610983227709355
94.60000000000001,111.2595565842019,166.88933487630285,83.44466743815143,27.814889146050476,-55.62977829210095,5.562977829210095,222.5191131684038,-27.814889146050476,139.07444573025236,41.72233371907571,69.53722286512618,-111.2595565842019,13.907444573025238,55.62977829210095
94.7,111.29652392725936,166.94478589088902,83.47239294544451,27.82413098181484,-55.64826196362968,5.564826196362969,222.59304785451872,-27.82413098181484,139.1206549090742,41.736196472722256,69.5603274545371,-111.29652392725936,13.91206549090742,55.64826196362968
94.80000000000001,111.33279343422964,166.99919015134446,83.49959507567223,27.83319835855741,-55.66639671711482,5.566639671711482,222.6655868684593,-27.83319835855741,139.16599179278705,41.749797537836116,69.58299589639353,-111.33279343422964,13.916599179278705,55.66639671711482
94.9,111.3683080779812,167.0524621169718,83.5262310584859,27.8420770194953,-55.6841540389906,5.56841540389906,222.7366161559624,-27.8420770194953,139.2103850974765,41.76311552924295,69.60519254873824,-111.3683080779812,13.92103850974765,55.6841540389906
95.0,111.40305632392547,167.1045844858882,83.5522922429441,27.850764080981367,-55.701528161962734,5.5701528161962734,222.80611264785094,-27.850764080981367,139.25382040490683,41.77614612147205,69.62691020245342,-111.40305632392547,13.925382040490684,55.701528161962734
95.10000000000001,111.43697833945319,167.1554675091798,83.5777337545899,27.859244584863298,-55.718489169726595,5.57184891697266,222.87395667890638,-27.859244584863298,139.29622292431648,41.78886687729495,69.64811146215824,-111.43697833945319,13.929622292431649,55.718489169726595
95.2,111.47001552613914,167.2050232892087,83.60251164460435,27.867503881534784,-55.73500776306957,5.5735007763069575,222.94003105227827,-27.867503881534784,139.3375194076739,41.801255822302174,69.66875970383695,-111.47001552613914,13.933751940767392,55.73500776306957
95.30000000000001,111.50211743400905,167.25317615101358,83.62658807550679,27.875529358502263,-55.751058717004526,5.575105871700453,223.0042348680181,-27.875529358502263,139.3776467925113,41.813294037753394,69.68882339625566,-111.50211743400905,13.937764679251131,55.751058717004526
95.4,111.53325953239097,167.29988929858646,83.64994464929323,27.883314883097743,-55.766629766195486,5.576662976619549,223.06651906478194,-27.883314883097743,139.41657441548872,41.824972324646616,69.70828720774436,-111.53325953239097,13.941657441548871,55.766629766195486
95.5,111.56347907822337,167.34521861733504,83.67260930866752,27.89086976955584,-55.78173953911168,5.578173953911168,223.12695815644673,-27.89086976955584,139.45434884777922,41.83630465433376,69.72717442388961,-111.56347907822337,13.94543488477792,55.78173953911168
95.60000000000001,111.59280617704009,167.38920926556014,83.69460463278007,27.898201544260022,-55.796403088520044,5.579640308852005,223.18561235408018,-27.898201544260022,139.49100772130012,41.847302316390035,69.74550386065006,-111.59280617704009,13.949100772130011,55.796403088520044
95.7,111.62122151295955,167.43183226943933,83.71591613471966,27.905305378239888,-55.810610756479775,5.581061075647978,223.2424430259191,-27.905305378239888,139.52652689119944,41.85795806735983,69.76326344559972,-111.62122151295955,13.952652689119944,55.810610756479775
95.80000000000001,111.648696159334,167.47304423900098,83.73652211950049,27.9121740398335,-55.824348079667,5.5824348079667,223.297392318668,-27.9121740398335,139.56087019916748,41.868261059750246,69.78043509958374,-111.648696159334,13.95608701991675,55.824348079667
95.9,111.67515923214135,167.51273884821202,83.75636942410601,27.91878980803534,-55.83757961607068,5.583757961607068,223.3503184642827,-27.91878980803534,139.59394904017668,41.878184712053006,69.79697452008834,-111.67515923214135,13.95939490401767,55.83757961607068
96.0,111.7005153529444,167.55077302941658,83.77538651470829,27.9251288382361,-55.8502576764722,5.58502576764722,223.4010307058888,-27.9251288382361,139.6256441911805,41.887693257354144,69.81282209559025,-111.7005153529444,13.96256441911805,55.8502576764722
96.10000000000001,111.72468402067085,167.58702603100627,83.79351301550314,27.931171005167712,-55.862342010335425,5.586234201033543,223.4493680413417,-27.931171005167712,139.65585502583855,41.89675650775157,69.82792751291927,-111.72468402067085,13.965585502583856,55.862342010335425
96.2,111.74759553534543,167.62139330301812,83.81069665150906,27.936898883836356,-55.87379776767271,5.587379776767271,223.49519107069085,-27.936898883836356,139.6844944191818,41.90534832575453,69.8422472095909,-111.74759553534543,13.968449441918178,55.87379776767271
96.30000000000001,111.76919482690496,167.65379224035746,83.82689612017873,27.94229870672624,-55.88459741345248,5.588459741345249,223.53838965380993,-27.94229870672624,139.7114935336312,41.913448060089365,69.8557467668156,-111.76919482690496,13.97114935336312,55.88459741345248
96.4,111.78948082444855,167.6842212366728,83.8421106183364,27.947370206112137,-55.89474041222427,5.589474041222427,223.5789616488971,-27.947370206112137,139.73685103056067,41.9210553091682,69.86842551528034,-111.78948082444855,13.973685103056068,55.89474041222427
96.5,111.80850808207701,167.7127621231155,83.85638106155776,27.952127020519253,-55.904254041038506,5.590425404103851,223.61701616415402,-27.952127020519253,139.76063510259627,41.92819053077888,69.88031755129813,-111.80850808207701,13.976063510259626,55.904254041038506
96.60000000000001,111.82640186125087,167.7396027918763,83.86980139593815,27.956600465312718,-55.913200930625436,5.591320093062544,223.65280372250174,-27.956600465312718,139.78300232656358,41.93490069796908,69.89150116328179,-111.82640186125087,13.978300232656359,55.913200930625436
96.7,111.84325827719744,167.76488741579615,83.88244370789808,27.96081456929936,-55.92162913859872,5.592162913859872,223.68651655439487,-27.96081456929936,139.8040728464968,41.94122185394904,69.9020364232484,-111.84325827719744,13.98040728464968,55.92162913859872
96.80000000000001,111.85915308147666,167.788729622215,83.8943648111075,27.964788270369166,-55.92957654073833,5.5929576540738335,223.71830616295333,-27.964788270369166,139.82394135184583,41.94718240555375,69.91197067592292,-111.85915308147666,13.982394135184583,55.92957654073833
96.9,111.87414991657002,167.81122487485504,83.90561243742752,27.968537479142505,-55.93707495828501,5.593707495828501,223.74829983314004,-27.968537479142505,139.84268739571252,41.95280621871376,69.92134369785626,-111.87414991657002,13.984268739571252,55.93707495828501
97.0,111.88829852160146,167.8324477824022,83.9162238912011,27.972074630400364,-55.94414926080073,5.5944149260800735,223.7765970432029,-27.972074630400364,139.8603731520018,41.95811194560055,69.9301865760009,-111.88829852160146,13.986037315200182,55.94414926080073
97.10000000000001,111.90161827435361,167.8524274115304,83.9262137057652,27.975404568588402,-55.950809137176805,5.5950809137176805,223.80323654870722,-27.975404568588402,139.877022842942,41.9631068528826,69.938511421471,-111.90161827435361,13.987702284294201,55.950809137176805
97.2,111.91412211026736,167.87118316540102,83.93559158270051,27.97853052756684,-55.95706105513368,5.5957061055133686,223.8282442205347,-27.97853052756684,139.8926526378342,41.967795791350255,69.9463263189171,-111.91412211026736,13.98926526378342,55.95706105513368
97.30000000000001,111.92581301718647,167.88871952577972,83.94435976288986,27.981453254296618,-55.962906508593235,5.5962906508593235,223.85162603437294,-27.981453254296618,139.90726627148308,41.97217988144493,69.95363313574154,-111.92581301718647,13.990726627148309,55.962906508593235
97.4,111.93673008703416,167.90509513055125,83.95254756527562,27.98418252175854,-55.96836504351708,5.5968365043517085,223.87346017406833,-27.98418252175854,139.92091260879272,41.97627378263781,69.96045630439636,-111.93673008703416,13.99209126087927,55.96836504351708
97.5,111.94695567483186,167.92043351224777,83.96021675612388,27.986738918707964,-55.97347783741593,5.5973477837415935,223.8939113496637,-27.986738918707964,139.93369459353983,41.98010837806194,69.96684729676991,-111.94695567483186,13.993369459353982,55.97347783741593
97.60000000000001,111.9566023890628,167.93490358359418,83.96745179179709,27.9891505972657,-55.9783011945314,5.59783011945314,223.9132047781256,-27.9891505972657,139.9457529863285,41.983725895898544,69.97287649316425,-111.9566023890628,13.99457529863285,55.9783011945314
97.7,111.96584177128928,167.94876265693392,83.97438132846696,27.99146044282232,-55.98292088564464,5.598292088564464,223.93168354257855,-27.99146044282232,139.9573022141116,41.98719066423348,69.9786511070558,-111.96584177128928,13.99573022141116,55.98292088564464
97.80000000000001,111.97482615927183,167.96223923890773,83.98111961945386,27.993706539817957,-55.987413079635914,5.598741307963592,223.94965231854366,-27.993706539817957,139.9685326990898,41.99055980972693,69.9842663495449,-111.97482615927183,13.996853269908978,55.987413079635914
97.9,111.98367465260424,167.97551197890635,83.98775598945318,27.99591866315106,-55.99183732630212,5.5991837326302125,223.96734930520847,-27.99591866315106,139.9795933157553,41.99387799472659,69.98979665787765,-111.98367465260424,13.99795933157553,55.99183732630212
98.0,111.99244295244068,167.98866442866102,83.99433221433051,27.99811073811017,-55.99622147622034,5.599622147622035,223.98488590488137,-27.99811073811017,139.99055369055085,41.997166107165256,69.99527684527543,-111.99244295244068,13.999055369055085,55.99622147622034
98.10000000000001,112.0010958206987,168.00164373104803,84.00082186552402,28.000273955174674,-56.00054791034935,5.600054791034935,224.0021916413974,-28.000273955174674,140.00136977587337,42.00041093276201,70.00068488793669,-112.0010958206987,14.000136977587337,56.00054791034935
98.2,112.00953983983199,168.014309759748,84.007154879874,28.002384959957997,-56.004769919915994,5.6004769919915995,224.01907967966397,-28.002384959957997,140.01192479979,42.003577439937,70.005962399895,-112.00953983983199,14.001192479978998,56.004769919915994
98.30000000000001,112.01763177835893,168.0264476675384,84.0132238337692,28.004407944589733,-56.008815889179466,5.600881588917947,224.03526355671787,-28.004407944589733,140.02203972294868,42.0066119168846,70.01101986147434,-112.01763177835893,14.002203972294867,56.008815889179466
98.4,112.02518826445325,168.03778239667986,84.01889119833993,28.006297066113312,-56.012594132226624,5.601259413222663,224.0503765289065,-28.006297066113312,140.03148533056657,42.009445599169965,70.01574266528328,-112.02518826445325,14.003148533056656,56.012594132226624
98.5,112.03202194393123,168.04803291589684,84.02401645794842,28.008005485982807,-56.01601097196561,5.6016010971965615,224.06404388786245,-28.008005485982807,140.04002742991403,42.01200822897421,70.02001371495702,-112.03202194393123,14.004002742991403,56.01601097196561
98.60000000000001,112.03799961871054,168.0569994280658,84.0284997140329,28.009499904677636,-56.01899980935527,5.601899980935528,224.0759992374211,-28.009499904677636,140.04749952338818,42.01424985701645,70.02374976169409,-112.03799961871054,14.004749952338818,56.01899980935527
98.7,112.04303552352542,168.06455328528813,84.03227664264406,28.010758880881355,-56.02151776176271,5.602151776176271,224.08607104705084,-28.010758880881355,140.05379440440677,42.01613832132203,70.02689720220339,-112.04303552352542,14.005379440440677,56.02151776176271
98.80000000000001,112.04708188113604,168.07062282170406,84.03531141085203,28.01177047028401,-56.02354094056802,5.602354094056802,224.09416376227207,-28.01177047028401,140.05885235142006,42.017655705426016,70.02942617571003,-112.04708188113604,14.005885235142005,56.02354094056802
98.9,112.05007518039639,168.0751127705946,84.0375563852973,28.012518795099098,-56.025037590198195,5.60250375901982,224.10015036079278,-28.012518795099098,140.06259397549547,42.01877819264865,70.03129698774774,-112.05007518039639,14.006259397549549,56.025037590198195
99.0,112.05191816106195,168.07787724159292,84.03893862079646,28.012979540265487,-56.025959080530974,5.602595908053098,224.1038363221239,-28.012979540265487,140.06489770132742,42.01946931039823,70.03244885066371,-112.05191816106195,14.006489770132744,56.025959080530974
99.10000000000001,112.05250081645406,168.07875122468107,84.03937561234054,28.013125204113514,-56.02625040822703,5.602625040822703,224.1050016329081,-28.013125204113514,140.06562602056758,42.01968780617027,70.03281301028379,-112.05250081645406,14.006562602056757,56.02625040822703
99.2,112.0516949298528,168.0775423947792,84.0387711973896,28.0129237324632,-56.0258474649264,5.60258474649264,224.1033898597056,-28.0129237324632,140.064618662316,42.0193855986948,70.032309331158,-112.0516949298528,14.0064618662316,56.0258474649264
99.30000000000001,112.04940421300344,168.07410631950518,84.03705315975259,28.01235105325086,-56.02470210650172,5.602470210650172,224.09880842600688,-28.01235105325086,140.0617552662543,42.018526579876294,70.03087763312715,-112.04940421300344,14.00617552662543,56.02470210650172
99.4,112.04558485894748,168.06837728842123,84.03418864421062,28.01139621473687,-56.02279242947374,5.6022792429473744,224.09116971789496,-28.01139621473687,140.05698107368434,42.01709432210531,70.02849053684217,-112.04558485894748,14.005698107368435,56.02279242947374
99.5,112.04022218366991,168.06033327550486,84.03016663775243,28.010055545917478,-56.020111091834956,5.602011109183496,224.08044436733982,-28.010055545917478,140.05027772958738,42.015083318876215,70.02513886479369,-112.04022218366991,14.005027772958739,56.020111091834956
99.60000000000001,112.03328177657276,168.04992266485914,84.02496133242957,28.00832044414319,-56.01664088828638,5.601664088828638,224.06656355314553,-28.00832044414319,140.04160222071596,42.012480666214785,70.02080111035798,-112.03328177657276,14.004160222071595,56.01664088828638
99.7,112.02469016312497,168.03703524468744,84.01851762234372,28.006172540781243,-56.012345081562486,5.601234508156249,224.04938032624995,-28.006172540781243,140.03086270390622,42.00925881117186,70.01543135195311,-112.02469016312497,14.003086270390622,56.012345081562486
99.80000000000001,112.0144219088174,168.0216328632261,84.01081643161305,28.00360547720435,-56.0072109544087,5.60072109544087,224.0288438176348,-28.00360547720435,140.01802738602174,42.005408215806526,70.00901369301087,-112.0144219088174,14.001802738602175,56.0072109544087
99.9,112.00242514752263,168.00363772128395,84.00181886064198,28.000606286880657,-56.001212573761315,5.600121257376132,224.00485029504526,-28.000606286880657,140.00303143440328,42.00090943032099,70.00151571720164,-112.00242514752263,14.000303143440329,56.001212573761315
100.0,111.98856713889195,167.98285070833793,83.99142535416897,27.997141784722988,-55.994283569445976,5.599428356944598,223.9771342777839,-27.997141784722988,139.98570892361494,41.995712677084484,69.99285446180747,-111.98856713889195,13.998570892361494,55.994283569445976
100.10000000000001,111.97263662591968,167.95895493887951,83.97947746943976,27.99315915647992,-55.98631831295984,5.598631831295984,223.94527325183935,-27.99315915647992,139.9657957823996,41.98973873471988,69.9828978911998,-111.97263662591968,13.99657957823996,55.98631831295984
100.2,111.95439229413938,167.93158844120907,83.96579422060454,27.988598073534845,-55.97719614706969,5.597719614706969,223.90878458827876,-27.988598073534845,139.9429903676742,41.98289711030227,69.9714951838371,-111.95439229413938,13.994299036767423,55.97719614706969
100.30000000000001,111.93359393660543,167.90039090490814,83.95019545245407,27.98339848415136,-55.96679696830272,5.596679696830272,223.86718787321087,-27.98339848415136,139.9169924207568,41.975097726227034,69.9584962103784,-111.93359393660543,13.99169924207568,55.96679696830272
100.4,111.910063135716,167.86509470357402,83.93254735178701,27.977515783929,-55.955031567858,5.5955031567858,223.820126271432,-27.977515783929,139.887578919645,41.966273675893504,69.9437894598225,-111.910063135716,13.9887578919645,55.955031567858
100.5,111.88369198557378,167.82553797836067,83.91276898918034,27.970922996393444,-55.94184599278689,5.594184599278689,223.76738397114755,-27.970922996393444,139.85461498196722,41.95638449459017,69.92730749098361,-111.88369198557378,13.985461498196722,55.94184599278689
100.60000000000001,111.85443271341047,167.78164907011572,83.89082453505786,27.96360817835262,-55.92721635670524,5.592721635670524,223.70886542682095,-27.96360817835262,139.8180408917631,41.94541226752893,69.90902044588155,-111.85443271341047,13.98180408917631,55.92721635670524
100.7,111.82234221784171,167.73351332676256,83.86675666338128,27.955585554460427,-55.911171108920854,5.591117110892085,223.64468443568342,-27.955585554460427,139.77792777230212,41.93337833169064,69.88896388615106,-111.82234221784171,13.977792777230214,55.911171108920854
100.80000000000001,111.78748306341424,167.68122459512136,83.84061229756068,27.94687076585356,-55.89374153170712,5.589374153170713,223.57496612682849,-27.94687076585356,139.7343538292678,41.92030614878034,69.8671769146339,-111.78748306341424,13.97343538292678,55.89374153170712
100.9,111.7498363585334,167.6247545378001,83.81237726890005,27.93745908963335,-55.8749181792667,5.58749181792667,223.4996727170668,-27.93745908963335,139.68729544816676,41.906188634450025,69.84364772408338,-111.7498363585334,13.968729544816675,55.8749181792667
101.0,111.70944276991764,167.56416415487647,83.78208207743823,27.92736069247941,-55.85472138495882,5.5854721384958825,223.4188855398353,-27.92736069247941,139.63680346239704,41.891041038719116,69.81840173119852,-111.70944276991764,13.963680346239705,55.85472138495882
101.10000000000001,111.66638272437052,167.49957408655578,83.74978704327789,27.91659568109263,-55.83319136218526,5.583319136218527,223.33276544874104,-27.91659568109263,139.58297840546317,41.874893521638946,69.79148920273158,-111.66638272437052,13.958297840546315,55.83319136218526
101.2,111.62069346382428,167.43104019573641,83.71552009786821,27.90517336595607,-55.81034673191214,5.581034673191215,223.24138692764856,-27.90517336595607,139.52586682978034,41.857760048934104,69.76293341489017,-111.62069346382428,13.952586682978035,55.81034673191214
101.30000000000001,111.57235088126441,167.35852632189662,83.67926316094831,27.893087720316103,-55.786175440632206,5.578617544063221,223.14470176252883,-27.893087720316103,139.4654386015805,41.839631580474155,69.73271930079025,-111.57235088126441,13.946543860158052,55.786175440632206
101.4,111.52128550596211,167.28192825894317,83.64096412947158,27.880321376490528,-55.760642752981056,5.576064275298106,223.04257101192422,-27.880321376490528,139.40160688245265,41.82048206473579,69.70080344122633,-111.52128550596211,13.940160688245264,55.760642752981056
101.5,111.46741759273652,167.2011263891048,83.6005631945524,27.86685439818413,-55.73370879636826,5.573370879636826,222.93483518547305,-27.86685439818413,139.33427199092066,41.8002815972762,69.66713599546033,-111.46741759273652,13.933427199092066,55.73370879636826
101.60000000000001,111.41073014839705,167.11609522259556,83.55804761129778,27.852682537099263,-55.705365074198525,5.5705365074198525,222.8214602967941,-27.852682537099263,139.26341268549632,41.77902380564889,69.63170634274816,-111.41073014839705,13.926341268549631,55.705365074198525
101.7,111.35123396851742,167.02685095277613,83.51342547638806,27.837808492129355,-55.67561698425871,5.567561698425871,222.70246793703484,-27.837808492129355,139.18904246064676,41.75671273819403,69.59452123032338,-111.35123396851742,13.918904246064677,55.67561698425871
101.80000000000001,111.2889866592372,166.9334799888558,83.4667399944279,27.8222466648093,-55.6444933296186,5.5644493329618605,222.5779733184744,-27.8222466648093,139.1112333240465,41.73336999721395,69.55561666202325,-111.2889866592372,13.91112333240465,55.6444933296186
101.9,111.22405589142876,166.83608383714315,83.41804191857157,27.80601397285719,-55.61202794571438,5.561202794571439,222.44811178285752,-27.80601397285719,139.03006986428596,41.70902095928579,69.51503493214298,-111.22405589142876,13.903006986428595,55.61202794571438
102.0,111.15651712387907,166.7347756858186,83.3673878429093,27.789129280969767,-55.578258561939535,5.557825856193954,222.31303424775814,-27.789129280969767,138.94564640484884,41.68369392145465,69.47282320242442,-111.15651712387907,13.894564640484884,55.578258561939535
102.10000000000001,111.0864904497035,166.62973567455526,83.31486783727763,27.771622612425876,-55.54324522485175,5.554324522485175,222.172980899407,-27.771622612425876,138.85811306212938,41.657433918638816,69.42905653106469,-111.0864904497035,13.885811306212938,55.54324522485175
102.2,111.01415945881902,166.52123918822855,83.26061959411427,27.753539864704756,-55.50707972940951,5.550707972940952,222.02831891763805,-27.753539864704756,138.76769932352377,41.63030979705714,69.38384966176189,-111.01415945881902,13.876769932352378,55.50707972940951
102.30000000000001,110.93975147799968,166.40962721699952,83.20481360849976,27.73493786949992,-55.46987573899984,5.546987573899984,221.87950295599936,-27.73493786949992,138.6746893474996,41.60240680424988,69.3373446737498,-110.93975147799968,13.86746893474996,55.46987573899984
102.4,110.86349914513482,166.29524871770224,83.14762435885112,27.715874786283706,-55.43174957256741,5.543174957256742,221.72699829026965,-27.715874786283706,138.57937393141853,41.57381217942556,69.28968696570927,-110.86349914513482,13.857937393141853,55.43174957256741
102.5,110.78557626257754,166.1783643938663,83.08918219693315,27.696394065644384,-55.39278813128877,5.5392788131288775,221.57115252515507,-27.696394065644384,138.4819703282219,41.544591098466576,69.24098516411095,-110.78557626257754,13.848197032822192,55.39278813128877
102.60000000000001,110.70616382944563,166.05924574416844,83.02962287208422,27.676540957361407,-55.353081914722814,5.535308191472282,221.41232765889126,-27.676540957361407,138.38270478680704,41.51481143604211,69.19135239340352,-110.70616382944563,13.838270478680704,55.353081914722814
102.7,110.62542515408569,165.93813773112853,82.96906886556427,27.656356288521422,-55.312712577042845,5.531271257704285,221.25085030817138,-27.656356288521422,138.2817814426071,41.484534432782134,69.14089072130355,-110.62542515408569,13.828178144260711,55.312712577042845
102.80000000000001,110.54347592925734,165.815213893886,82.907606946943,27.635868982314335,-55.27173796462867,5.5271737964628675,221.08695185851468,-27.635868982314335,138.17934491157166,41.4538034734715,69.08967245578583,-110.54347592925734,13.817934491157168,55.27173796462867
102.9,110.46038744636044,165.69058116954068,82.84529058477034,27.61509686159011,-55.23019372318022,5.523019372318022,220.92077489272089,-27.61509686159011,138.07548430795055,41.42264529238517,69.03774215397527,-110.46038744636044,13.807548430795055,55.23019372318022
103.0,110.37626224308192,165.5643933646229,82.78219668231145,27.59406556077048,-55.18813112154096,5.518813112154096,220.75252448616385,-27.59406556077048,137.9703278038524,41.391098341155725,68.9851639019262,-110.37626224308192,13.79703278038524,55.18813112154096
103.10000000000001,110.29131275337507,165.4369691300626,82.7184845650313,27.572828188343767,-55.14565637668753,5.5145656376687535,220.58262550675013,-27.572828188343767,137.86414094171883,41.35924228251565,68.93207047085941,-110.29131275337507,13.786414094171883,55.14565637668753
103.2,110.20574290001403,165.30861435002106,82.65430717501053,27.551435725003508,-55.102871450007015,5.510287145000702,220.41148580002806,-27.551435725003508,137.75717862501753,41.327153587505265,68.87858931250877,-110.20574290001403,13.775717862501754,55.102871450007015
103.30000000000001,110.11974490075008,165.1796173511251,82.58980867556255,27.52993622518752,-55.05987245037504,5.505987245037504,220.23948980150016,-27.52993622518752,137.6496811259376,41.294904337781276,68.8248405629688,-110.11974490075008,13.76496811259376,55.05987245037504
103.4,110.03349114686563,165.05023672029844,82.52511836014922,27.508372786716407,-55.016745573432814,5.501674557343282,220.06698229373126,-27.508372786716407,137.54186393358202,41.26255918007461,68.77093196679101,-110.03349114686563,13.754186393358204,55.016745573432814
103.5,109.94714493231406,164.92071739847108,82.46035869923554,27.486786233078515,-54.97357246615703,5.497357246615703,219.89428986462812,-27.486786233078515,137.43393116539258,41.23017934961777,68.71696558269629,-109.94714493231406,13.743393116539258,54.97357246615703
103.60000000000001,109.86086132130514,164.7912919819577,82.39564599097885,27.465215330326284,-54.93043066065257,5.493043066065257,219.72172264261027,-27.465215330326284,137.3260766516314,41.197822995489425,68.6630383258157,-109.86086132130514,13.732607665163142,54.93043066065257
103.7,109.77481437083615,164.66222155625422,82.33111077812711,27.44370359270904,-54.88740718541808,5.488740718541808,219.5496287416723,-27.44370359270904,137.2185179635452,41.165555389063556,68.6092589817726,-109.77481437083615,13.72185179635452,54.88740718541808
103.80000000000001,109.68924092067155,164.53386138100734,82.26693069050367,27.422310230167888,-54.844620460335776,5.484462046033578,219.3784818413431,-27.422310230167888,137.11155115083943,41.133465345251835,68.55577557541972,-109.68924092067155,13.711155115083944,54.844620460335776
103.9,109.60431479028367,164.4064721854255,82.20323609271276,27.401078697570917,-54.80215739514183,5.4802157395141835,219.20862958056733,-27.401078697570917,137.00539348785458,41.10161804635638,68.50269674392729,-109.60431479028367,13.700539348785458,54.80215739514183
104.0,109.52016923982887,164.2802538597433,82.14012692987166,27.38004230995722,-54.76008461991444,5.476008461991444,219.04033847965775,-27.38004230995722,136.9002115497861,41.07006346493583,68.45010577489305,-109.52016923982887,13.69002115497861,54.76008461991444
104.10000000000001,109.43692428895602,164.15538643343405,82.07769321671702,27.359231072239005,-54.71846214447801,5.471846214447801,218.87384857791204,-27.359231072239005,136.79615536119502,41.03884660835851,68.39807768059751,-109.43692428895602,13.679615536119503,54.71846214447801
104.2,109.35465915324633,164.0319887298695,82.01599436493476,27.338664788311583,-54.677329576623166,5.467732957662317,218.70931830649266,-27.338664788311583,136.6933239415579,41.00799718246738,68.34666197077895,-109.35465915324633,13.669332394155791,54.677329576623166
104.30000000000001,109.27338410222936,163.91007615334405,81.95503807667203,27.31834602555734,-54.63669205111468,5.463669205111469,218.54676820445871,-27.31834602555734,136.5917301277867,40.97751903833601,68.29586506389334,-109.27338410222936,13.65917301277867,54.63669205111468
104.4,109.19307368388431,163.78961052582645,81.89480526291322,27.298268420971077,-54.596536841942154,5.459653684194215,218.38614736776861,-27.298268420971077,136.4913421048554,40.94740263145661,68.2456710524277,-109.19307368388431,13.649134210485538,54.596536841942154
104.5,109.11373735175059,163.67060602762587,81.83530301381293,27.278434337937647,-54.55686867587529,5.45568686758753,218.22747470350117,-27.278434337937647,136.39217168968824,40.917651506906466,68.19608584484412,-109.11373735175059,13.639217168968823,54.55686867587529
104.60000000000001,109.03541573689996,163.55312360534995,81.77656180267498,27.25885393422499,-54.51770786844998,5.451770786844999,218.07083147379993,-27.25885393422499,136.29426967112497,40.88828090133749,68.14713483556248,-109.03541573689996,13.629426967112495,54.51770786844998
104.7,108.95816043186319,163.4372406477948,81.7186203238974,27.239540107965798,-54.479080215931596,5.44790802159316,217.91632086372638,-27.239540107965798,136.197700539829,40.8593101619487,68.0988502699145,-108.95816043186319,13.619770053982899,54.479080215931596
104.80000000000001,108.88205818266388,163.32308727399584,81.66154363699792,27.22051454566597,-54.44102909133194,5.4441029091331945,217.76411636532777,-27.22051454566597,136.10257272832985,40.83077181849896,68.05128636416492,-108.88205818266388,13.610257272832985,54.44102909133194
104.9,108.80722994006669,163.21084491010004,81.60542245505002,27.201807485016673,-54.403614970033345,5.440361497003335,217.61445988013338,-27.201807485016673,136.00903742508336,40.80271122752501,68.00451871254168,-108.80722994006669,13.600903742508336,54.403614970033345
105.0,108.73380888913337,163.10071333370007,81.55035666685004,27.183452222283343,-54.366904444566686,5.436690444456669,217.46761777826674,-27.183452222283343,135.9172611114167,40.77517833342502,67.95863055570835,-108.73380888913337,13.591726111141671,54.366904444566686
105.10000000000001,108.66191310025917,162.99286965038874,81.49643482519437,27.165478275064793,-54.330956550129585,5.433095655012959,217.32382620051834,-27.165478275064793,135.82739137532397,40.748217412597185,67.91369568766198,-108.66191310025917,13.582739137532396,54.330956550129585
105.2,108.59166819378352,162.8875022906753,81.44375114533764,27.14791704844588,-54.29583409689176,5.429583409689176,217.18333638756704,-27.14791704844588,135.7395852422294,40.72187557266882,67.8697926211147,-108.59166819378352,13.57395852422294,54.29583409689176
105.30000000000001,108.52317927311606,162.78476890967409,81.39238445483704,27.130794818279014,-54.26158963655803,5.426158963655803,217.0463585462321,-27.130794818279014,135.65397409139507,40.69619222741852,67.82698704569754,-108.52317927311606,13.565397409139507,54.26158963655803
105.4,108.45654185038471,162.68481277557706,81.34240638778853,27.114135462596177,-54.228270925192355,5.422827092519236,216.91308370076942,-27.114135462596177,135.57067731298088,40.671203193894264,67.78533865649044,-108.45654185038471,13.557067731298089,54.228270925192355
105.5,108.3918284903991,162.58774273559865,81.29387136779933,27.097957122599777,-54.19591424519955,5.419591424519956,216.7836569807982,-27.097957122599777,135.48978561299887,40.64693568389966,67.74489280649944,-108.3918284903991,13.548978561299888,54.19591424519955
105.60000000000001,108.32907373865194,162.49361060797793,81.24680530398896,27.082268434662986,-54.16453686932597,5.416453686932598,216.65814747730388,-27.082268434662986,135.41134217331492,40.62340265199448,67.70567108665746,-108.32907373865194,13.541134217331493,54.16453686932597
105.7,108.26825528297476,162.40238292446213,81.20119146223107,27.06706382074369,-54.13412764148738,5.413412764148738,216.53651056594953,-27.06706382074369,135.33531910371846,40.60059573111553,67.66765955185923,-108.26825528297476,13.533531910371845,54.13412764148738
105.80000000000001,108.20935895121742,162.31403842682613,81.15701921341307,27.052339737804356,-54.10467947560871,5.410467947560871,216.41871790243485,-27.052339737804356,135.26169868902178,40.57850960670653,67.63084934451089,-108.20935895121742,13.526169868902178,54.10467947560871
105.9,108.15241956671011,162.22862935006515,81.11431467503257,27.038104891677527,-54.076209783355054,5.407620978335506,216.30483913342022,-27.038104891677527,135.19052445838764,40.55715733751629,67.59526222919382,-108.15241956671011,13.519052445838764,54.076209783355054
106.0,108.09752550116556,162.14628825174833,81.07314412587417,27.02438137529139,-54.04876275058278,5.404876275058278,216.19505100233113,-27.02438137529139,135.12190687645696,40.53657206293708,67.56095343822848,-108.09752550116556,13.512190687645695,54.04876275058278
106.10000000000001,108.04480814610665,162.06721221915996,81.03360610957998,27.01120203652666,-54.02240407305332,5.4022404073053325,216.0896162922133,-27.01120203652666,135.05601018263332,40.51680305478999,67.52800509131666,-108.04480814610665,13.50560101826333,54.02240407305332
106.2,107.99434292657315,161.99151438985973,80.99575719492987,26.99858573164329,-53.99717146328658,5.399717146328658,215.9886858531463,-26.99858573164329,134.99292865821644,40.49787859746493,67.49646432910822,-107.99434292657315,13.499292865821644,53.99717146328658
106.30000000000001,107.94615958357426,161.91923937536137,80.95961968768069,26.986539895893564,-53.97307979178713,5.397307979178713,215.89231916714851,-26.986539895893564,134.93269947946783,40.47980984384034,67.46634973973391,-107.94615958357426,13.493269947946782,53.97307979178713
106.4,107.90028849812421,161.85043274718632,80.92521637359316,26.975072124531053,-53.950144249062106,5.395014424906211,215.80057699624842,-26.975072124531053,134.87536062265525,40.46260818679658,67.43768031132763,-107.90028849812421,13.487536062265526,53.950144249062106
106.5,107.85674265214784,161.78511397822177,80.89255698911089,26.96418566303696,-53.92837132607392,5.392837132607393,215.7134853042957,-26.96418566303696,134.8209283151848,40.44627849455544,67.4104641575924,-107.85674265214784,13.48209283151848,53.92837132607392
106.60000000000001,107.81552739836498,161.72329109754747,80.86164554877374,26.953881849591244,-53.90776369918249,5.39077636991825,215.63105479672996,-26.953881849591244,134.76940924795622,40.43082277438687,67.38470462397811,-107.81552739836498,13.476940924795622,53.90776369918249
106.7,107.77664111696225,161.66496167544338,80.83248083772169,26.944160279240563,-53.88832055848113,5.388832055848113,215.5532822339245,-26.944160279240563,134.72080139620283,40.416240418860845,67.36040069810142,-107.77664111696225,13.472080139620282,53.88832055848113
106.80000000000001,107.74010364098064,161.61015546147095,80.80507773073548,26.93502591024516,-53.87005182049032,5.387005182049032,215.48020728196127,-26.93502591024516,134.67512955122578,40.40253886536774,67.33756477561289,-107.74010364098064,13.46751295512258,53.87005182049032
106.9,107.7059187920689,161.55887818810334,80.77943909405167,26.926479698017225,-53.85295939603445,5.385295939603445,215.4118375841378,-26.926479698017225,134.63239849008613,40.389719547025834,67.31619924504307,-107.7059187920689,13.463239849008612,53.85295939603445
107.0,107.6741031429949,161.51115471449233,80.75557735724617,26.918525785748724,-53.83705157149745,5.383705157149745,215.3482062859898,-26.918525785748724,134.5926289287436,40.377788678623084,67.2963144643718,-107.6741031429949,13.459262892874362,53.83705157149745
107.10000000000001,107.64466040913824,161.46699061370737,80.73349530685368,26.91116510228456,-53.82233020456912,5.382233020456912,215.28932081827648,-26.91116510228456,134.5558255114228,40.36674765342684,67.2779127557114,-107.64466040913824,13.45558255114228,53.82233020456912
107.2,107.61758802130903,161.42638203196356,80.71319101598178,26.904397005327258,-53.808794010654516,5.380879401065452,215.23517604261806,-26.904397005327258,134.5219850266363,40.35659550799089,67.26099251331814,-107.61758802130903,13.452198502663629,53.808794010654516
107.30000000000001,107.59284658902644,161.38926988353967,80.69463494176983,26.89821164725661,-53.79642329451322,5.379642329451322,215.18569317805287,-26.89821164725661,134.49105823628304,40.34731747088492,67.24552911814152,-107.59284658902644,13.449105823628305,53.79642329451322
107.4,107.57035676338882,161.35553514508322,80.67776757254161,26.892589190847204,-53.78517838169441,5.378517838169441,215.14071352677763,-26.892589190847204,134.46294595423603,40.338883786270806,67.23147297711802,-107.57035676338882,13.446294595423602,53.78517838169441
107.5,107.55004649162282,161.32506973743423,80.66253486871712,26.887511622905706,-53.77502324581141,5.377502324581141,215.10009298324564,-26.887511622905706,134.43755811452854,40.33126743435856,67.21877905726427,-107.55004649162282,13.443755811452853,53.77502324581141
107.60000000000001,107.53187911428566,161.2978186714285,80.64890933571425,26.882969778571415,-53.76593955714283,5.3765939557142834,215.06375822857132,-26.882969778571415,134.41484889285707,40.324454667857125,67.20742444642853,-107.53187911428566,13.441484889285707,53.76593955714283
107.7,107.51578270855632,161.27367406283446,80.63683703141723,26.87894567713908,-53.75789135427816,5.375789135427816,215.03156541711263,-26.87894567713908,134.3947283856954,40.318418515708615,67.1973641928477,-107.51578270855632,13.43947283856954,53.75789135427816
107.80000000000001,107.50162954198294,161.2524443129744,80.6262221564872,26.875407385495734,-53.75081477099147,5.3750814770991475,215.00325908396587,-26.875407385495734,134.37703692747868,40.3131110782436,67.18851846373934,-107.50162954198294,13.437703692747867,53.75081477099147
107.9,107.48926898493536,161.23390347740303,80.61695173870152,26.87231724623384,-53.74463449246768,5.374463449246768,214.97853796987073,-26.87231724623384,134.3615862311692,40.30847586935076,67.1807931155846,-107.48926898493536,13.43615862311692,53.74463449246768
108.0,107.47862178269183,161.21793267403774,80.60896633701887,26.869655445672958,-53.739310891345916,5.373931089134592,214.95724356538366,-26.869655445672958,134.3482772283648,40.304483168509435,67.1741386141824,-107.47862178269183,13.434827722836479,53.739310891345916
108.10000000000001,107.46963554832352,161.20445332248528,80.60222666124264,26.86740888708088,-53.73481777416176,5.373481777416177,214.93927109664705,-26.86740888708088,134.3370444354044,40.30111333062132,67.1685222177022,-107.46963554832352,13.43370444354044,53.73481777416176
108.2,107.46219719334628,161.19329579001942,80.59664789500971,26.86554929833657,-53.73109859667314,5.373109859667315,214.92439438669257,-26.86554929833657,134.32774649168286,40.298323947504855,67.16387324584143,-107.46219719334628,13.432774649168286,53.73109859667314
108.30000000000001,107.45614942720177,161.18422414080266,80.59211207040133,26.86403735680044,-53.72807471360088,5.372807471360089,214.91229885440353,-26.86403735680044,134.3201867840022,40.296056035200664,67.1600933920011,-107.45614942720177,13.43201867840022,53.72807471360088
108.4,107.45130715705741,161.17696073558614,80.58848036779307,26.862826789264354,-53.72565357852871,5.372565357852871,214.90261431411483,-26.862826789264354,134.31413394632176,40.294240183896534,67.15706697316088,-107.45130715705741,13.431413394632177,53.72565357852871
108.5,107.4475390186984,161.17130852804758,80.58565426402379,26.8618847546746,-53.7237695093492,5.37237695093492,214.8950780373968,-26.8618847546746,134.309423773373,40.292827132011894,67.1547118866865,-107.4475390186984,13.4309423773373,53.7237695093492
108.60000000000001,107.44476004383304,161.16714006574955,80.58357003287477,26.86119001095826,-53.72238002191652,5.3722380021916525,214.88952008766609,-26.86119001095826,134.3059500547913,40.29178501643739,67.15297502739566,-107.44476004383304,13.43059500547913,53.72238002191652
108.7,107.4428943211288,161.1643414816932,80.5821707408466,26.8607235802822,-53.7214471605644,5.37214471605644,214.8857886422576,-26.8607235802822,134.303617901411,40.2910853704233,67.1518089507055,-107.4428943211288,13.4303617901411,53.7214471605644
108.80000000000001,107.44184676702704,161.16277015054055,80.58138507527028,26.86046169175676,-53.72092338351352,5.372092338351353,214.8836935340541,-26.86046169175676,134.3023084587838,40.29069253763514,67.1511542293919,-107.44184676702704,13.43023084587838,53.72092338351352
108.9,107.44152556664548,161.1622883499682,80.5811441749841,26.86038139166137,-53.72076278332274,5.372076278332274,214.88305113329096,-26.86038139166137,134.30190695830686,40.29057208749205,67.15095347915343,-107.44152556664548,13.430190695830685,53.72076278332274
109.0,107.44185684173401,161.162785262601,80.5813926313005,26.860464210433502,-53.720928420867004,5.372092842086701,214.88371368346802,-26.860464210433502,134.3023210521675,40.29069631565025,67.15116052608376,-107.44185684173401,13.430232105216751,53.720928420867004
109.10000000000001,107.44282745378074,161.1642411806711,80.58212059033555,26.860706863445184,-53.72141372689037,5.372141372689037,214.88565490756147,-26.860706863445184,134.3035343172259,40.291060295167775,67.15176715861296,-107.44282745378074,13.430353431722592,53.72141372689037
109.2,107.44443571160579,161.16665356740867,80.58332678370434,26.861108927901448,-53.722217855802896,5.37222178558029,214.88887142321158,-26.861108927901448,134.30554463950725,40.29166339185217,67.15277231975362,-107.44443571160579,13.430554463950724,53.722217855802896
109.30000000000001,107.44669460314526,161.1700419047179,80.58502095235895,26.861673650786315,-53.72334730157263,5.372334730157263,214.89338920629052,-26.861673650786315,134.30836825393158,40.29251047617947,67.15418412696579,-107.44669460314526,13.430836825393158,53.72334730157263
109.4,107.44953335135595,161.17430002703392,80.58715001351696,26.86238333783899,-53.72476667567798,5.372476667567798,214.8990667027119,-26.86238333783899,134.31191668919493,40.29357500675848,67.15595834459747,-107.44953335135595,13.431191668919494,53.72476667567798
109.5,107.4527767382952,161.1791651074428,80.5895825537214,26.8631941845738,-53.7263883691476,5.37263883691476,214.9055534765904,-26.8631941845738,134.31597092286898,40.2947912768607,67.15798546143449,-107.4527767382952,13.4315970922869,53.7263883691476
109.60000000000001,107.45619696728414,161.18429545092621,80.59214772546311,26.864049241821036,-53.72809848364207,5.3728098483642075,214.91239393456829,-26.864049241821036,134.32024620910516,40.296073862731554,67.16012310455258,-107.45619696728414,13.432024620910518,53.72809848364207
109.7,107.45955121562811,161.18932682344217,80.59466341172109,26.864887803907028,-53.729775607814055,5.372977560781406,214.91910243125622,-26.864887803907028,134.32443901953513,40.29733170586054,67.16221950976757,-107.45955121562811,13.432443901953514,53.729775607814055
109.80000000000001,107.46254163784255,161.19381245676382,80.59690622838191,26.865635409460637,-53.731270818921274,5.373127081892128,214.9250832756851,-26.865635409460637,134.3281770473032,40.298453114190956,67.1640885236516,-107.46254163784255,13.432817704730319,53.731270818921274
109.9,107.46488672582939,161.19733008874408,80.59866504437204,26.866221681457347,-53.732443362914694,5.37324433629147,214.92977345165878,-26.866221681457347,134.33110840728673,40.29933252218602,67.16555420364337,-107.46488672582939,13.433110840728673,53.732443362914694
110.0,107.46632933372663,161.19949400058994,80.59974700029497,26.86658233343166,-53.73316466686332,5.373316466686332,214.93265866745327,-26.86658233343166,134.3329116671583,40.299873500147484,67.16645583357915,-107.46632933372663,13.43329116671583,53.73316466686332
110.10000000000001,107.46663850684075,161.19995776026113,80.59997888013056,26.866659626710188,-53.733319253420376,5.373331925342038,214.9332770136815,-26.866659626710188,134.33329813355095,40.29998944006528,67.16664906677548,-107.46663850684075,13.433329813355094,53.733319253420376
110.2,107.46563705406314,161.19845558109472,80.59922779054736,26.866409263515784,-53.73281852703157,5.373281852703157,214.93127410812627,-26.866409263515784,134.33204631757891,40.29961389527368,67.16602315878946,-107.46563705406314,13.433204631757892,53.73281852703157
110.30000000000001,107.46317856894133,161.194767853412,80.597383926706,26.865794642235333,-53.731589284470665,5.373158928447067,214.92635713788266,-26.865794642235333,134.32897321117667,40.298691963353,67.16448660558834,-107.46317856894133,13.432897321117666,53.731589284470665
110.4,107.45920385627376,161.18880578441065,80.59440289220532,26.86480096406844,-53.72960192813688,5.3729601928136885,214.91840771254752,-26.86480096406844,134.3240048203422,40.29720144610266,67.1620024101711,-107.45920385627376,13.43240048203422,53.72960192813688
110.5,107.45372019539542,161.18058029309313,80.59029014654656,26.863430048848855,-53.72686009769771,5.3726860097697715,214.90744039079084,-26.863430048848855,134.31715024424426,40.29514507327328,67.15857512212213,-107.45372019539542,13.431715024424427,53.72686009769771
110.60000000000001,107.44677208893472,161.17015813340208,80.58507906670104,26.86169302223368,-53.72338604446736,5.372338604446736,214.89354417786944,-26.86169302223368,134.3084651111684,40.29253953335052,67.1542325555842,-107.44677208893472,13.43084651111684,53.72338604446736
110.7,107.43839424869243,161.15759137303866,80.57879568651933,26.859598562173108,-53.719197124346216,5.371919712434622,214.87678849738487,-26.859598562173108,134.29799281086554,40.289397843259664,67.14899640543277,-107.43839424869243,13.429799281086554,53.719197124346216
110.80000000000001,107.428643730761,161.1429655961415,80.57148279807075,26.85716093269025,-53.7143218653805,5.37143218653805,214.857287461522,-26.85716093269025,134.28580466345124,40.28574139903537,67.14290233172562,-107.428643730761,13.428580466345124,53.7143218653805
110.9,107.41765351178337,161.12648026767505,80.56324013383752,26.854413377945843,-53.708826755891685,5.3708826755891685,214.83530702356674,-26.854413377945843,134.27206688972922,40.28162006691876,67.13603344486461,-107.41765351178337,13.427206688972921,53.708826755891685
111.0,107.40555103748265,161.10832655622397,80.55416327811199,26.851387759370663,-53.702775518741326,5.370277551874133,214.8111020749653,-26.851387759370663,134.25693879685332,40.27708163905599,67.12846939842666,-107.40555103748265,13.425693879685332,53.702775518741326
111.10000000000001,107.39242404247426,161.0886360637114,80.5443180318557,26.848106010618565,-53.69621202123713,5.369621202123714,214.78484808494852,-26.848106010618565,134.2405300530928,40.27215901592785,67.1202650265464,-107.39242404247426,13.424053005309283,53.69621202123713
111.2,107.37837454846832,161.0675618227025,80.53378091135124,26.84459363711708,-53.68918727423416,5.3689187274234165,214.75674909693663,-26.84459363711708,134.2229681855854,40.26689045567562,67.1114840927927,-107.37837454846832,13.42229681855854,53.68918727423416
111.30000000000001,107.36353842622782,161.04530763934173,80.52265381967086,26.840884606556955,-53.68176921311391,5.368176921311392,214.72707685245564,-26.840884606556955,134.20442303278477,40.26132690983543,67.10221151639239,-107.36353842622782,13.420442303278477,53.68176921311391
111.4,107.34802907523961,161.02204361285942,80.51102180642971,26.837007268809902,-53.674014537619804,5.367401453761981,214.69605815047922,-26.837007268809902,134.1850363440495,40.255510903214855,67.09251817202475,-107.34802907523961,13.418503634404951,53.674014537619804
111.5,107.33191247679585,160.99786871519376,80.49893435759688,26.832978119198962,-53.665956238397925,5.3665956238397925,214.6638249535917,-26.832978119198962,134.16489059599482,40.24946717879844,67.08244529799741,-107.33191247679585,13.416489059599481,53.665956238397925
111.60000000000001,107.31525562550574,160.9728834382586,80.4864417191293,26.828813906376435,-53.65762781275287,5.365762781275287,214.63051125101148,-26.828813906376435,134.14406953188217,40.24322085956465,67.07203476594108,-107.31525562550574,13.414406953188218,53.65762781275287
111.7,107.29815159498239,160.94722739247356,80.47361369623678,26.824537898745596,-53.64907579749119,5.3649075797491195,214.59630318996477,-26.824537898745596,134.122689493728,40.23680684811839,67.061344746864,-107.29815159498239,13.412268949372798,53.64907579749119
111.80000000000001,107.28081609752547,160.9212241462882,80.4606120731441,26.82020402438137,-53.64040804876274,5.364040804876274,214.56163219505095,-26.82020402438137,134.10102012190686,40.23030603657205,67.05051006095343,-107.28081609752547,13.410102012190684,53.64040804876274
111.9,107.26353593975313,160.8953039096297,80.44765195481484,26.81588398493828,-53.63176796987656,5.3631767969876565,214.52707187950625,-26.81588398493828,134.07941992469142,40.22382597740742,67.03970996234571,-107.26353593975313,13.40794199246914,53.63176796987656
112.0,107.24653608030569,160.86980412045853,80.43490206022926,26.811634020076422,-53.623268040152844,5.362326804015285,214.49307216061138,-26.811634020076422,134.0581701003821,40.21745103011463,67.02908505019106,-107.24653608030569,13.405817010038211,53.623268040152844
112.10000000000001,107.23001956572931,160.84502934859395,80.42251467429698,26.807504891432327,-53.615009782864654,5.3615009782864655,214.46003913145861,-26.807504891432327,134.03752445716162,40.21125733714849,67.01876222858081,-107.23001956572931,13.403752445716163,53.615009782864654
112.2,107.21420492886313,160.8213073932947,80.41065369664734,26.80355123221578,-53.60710246443156,5.360710246443157,214.42840985772625,-26.80355123221578,134.01775616107892,40.20532684832367,67.00887808053946,-107.21420492886313,13.40177561610789,53.60710246443156
112.30000000000001,107.1993341053437,160.79900115801553,80.39950057900776,26.799833526335924,-53.59966705267185,5.359966705267185,214.3986682106874,-26.799833526335924,133.99916763167963,40.19975028950388,66.99958381583981,-107.1993341053437,13.399916763167962,53.59966705267185
112.4,107.18561485169568,160.7784222775435,80.38921113877176,26.79640371292392,-53.59280742584784,5.359280742584784,214.37122970339135,-26.79640371292392,133.98201856461958,40.19460556938588,66.99100928230979,-107.18561485169568,13.39820185646196,53.59280742584784
112.5,107.1731426532087,160.75971397981306,80.37985698990653,26.793285663302175,-53.58657132660435,5.3586571326604355,214.3462853064174,-26.793285663302175,133.96642831651087,40.189928494953264,66.98321415825544,-107.1731426532087,13.396642831651087,53.58657132660435
112.60000000000001,107.16190847834122,160.74286271751183,80.37143135875591,26.790477119585304,-53.58095423917061,5.358095423917061,214.32381695668244,-26.790477119585304,133.95238559792654,40.18571567937796,66.97619279896327,-107.16190847834122,13.395238559792652,53.58095423917061
112.7,107.15187081189072,160.72780621783608,80.36390310891804,26.78796770297268,-53.57593540594536,5.357593540594536,214.30374162378143,-26.78796770297268,133.9398385148634,40.18195155445902,66.9699192574317,-107.15187081189072,13.39398385148634,53.57593540594536
112.80000000000001,107.14298446644325,160.71447669966489,80.35723834983244,26.785746116610813,-53.571492233221626,5.357149223322163,214.2859689328865,-26.785746116610813,133.92873058305406,40.17861917491622,66.96436529152703,-107.14298446644325,13.392873058305407,53.571492233221626
112.9,107.13522060358446,160.7028309053767,80.35141545268834,26.783805150896114,-53.56761030179223,5.356761030179223,214.27044120716891,-26.783805150896114,133.91902575448057,40.17570772634417,66.95951287724029,-107.13522060358446,13.391902575448057,53.56761030179223
113.0,107.12855414667465,160.69283122001195,80.34641561000598,26.78213853666866,-53.56427707333732,5.356427707333733,214.2571082933493,-26.78213853666866,133.9106926833433,40.17320780500299,66.95534634167166,-107.12855414667465,13.39106926833433,53.56427707333732
113.10000000000001,107.12292455489148,160.68438683233722,80.34219341616861,26.78073113872287,-53.56146227744574,5.356146227744574,214.24584910978297,-26.78073113872287,133.90365569361435,40.171096708084306,66.95182784680718,-107.12292455489148,13.390365569361435,53.56146227744574
113.2,107.11827228485629,160.67740842728443,80.33870421364222,26.779568071214072,-53.559136142428144,5.355913614242815,214.23654456971258,-26.779568071214072,133.89784035607036,40.16935210682111,66.94892017803518,-107.11827228485629,13.389784035607036,53.559136142428144
113.30000000000001,107.11459443990024,160.67189165985036,80.33594582992518,26.77864860997506,-53.55729721995012,5.355729721995012,214.2291888798005,-26.77864860997506,133.8932430498753,40.16797291496259,66.94662152493765,-107.11459443990024,13.38932430498753,53.55729721995012
113.4,107.11184456139748,160.66776684209623,80.33388342104811,26.77796114034937,-53.55592228069874,5.355592228069874,214.22368912279495,-26.77796114034937,133.88980570174684,40.16694171052406,66.94490285087342,-107.11184456139748,13.388980570174684,53.55592228069874
113.5,107.10990945164136,160.66486417746205,80.33243208873103,26.77747736291034,-53.55495472582068,5.355495472582068,214.21981890328271,-26.77747736291034,133.8873868145517,40.16621604436551,66.94369340727584,-107.10990945164136,13.38873868145517,53.55495472582068
113.60000000000001,107.10870059504565,160.66305089256846,80.33152544628423,26.777175148761412,-53.554350297522824,5.355435029752282,214.2174011900913,-26.777175148761412,133.88587574380705,40.165762723142116,66.94293787190352,-107.10870059504565,13.388587574380706,53.554350297522824
113.7,107.1081418661876,160.6622127992814,80.3311063996407,26.7770354665469,-53.5540709330938,5.35540709330938,214.2162837323752,-26.7770354665469,133.8851773327345,40.16555319982035,66.94258866636724,-107.1081418661876,13.38851773327345,53.5540709330938
113.80000000000001,107.10811446149654,160.6621716922448,80.3310858461224,26.777028615374135,-53.55405723074827,5.355405723074828,214.21622892299308,-26.777028615374135,133.8851430768707,40.1655429230612,66.94257153843535,-107.10811446149654,13.388514307687068,53.55405723074827
113.9,107.108513200844,160.662769801266,80.331384900633,26.777128300211,-53.554256600422,5.355425660042201,214.217026401688,-26.777128300211,133.885641501055,40.1656924503165,66.9428207505275,-107.108513200844,13.3885641501055,53.554256600422
114.0,107.1093013467565,160.66395202013473,80.33197601006736,26.777325336689124,-53.55465067337825,5.355465067337825,214.218602693513,-26.777325336689124,133.88662668344563,40.16598800503368,66.94331334172281,-107.1093013467565,13.388662668344562,53.55465067337825
114.10000000000001,107.11044353089846,160.6656652963477,80.33283264817385,26.777610882724616,-53.55522176544923,5.355522176544923,214.22088706179693,-26.777610882724616,133.88805441362308,40.166416324086924,66.94402720681154,-107.11044353089846,13.388805441362308,53.55522176544923
114.2,107.11188152593495,160.6678222889024,80.3339111444512,26.777970381483737,-53.555940762967474,5.3555940762967476,214.2237630518699,-26.777970381483737,133.8898519074187,40.1669555722256,66.94492595370934,-107.11188152593495,13.388985190741868,53.555940762967474
114.30000000000001,107.11354732939134,160.670320994087,80.3351604970435,26.778386832347834,-53.55677366469567,5.355677366469568,214.22709465878268,-26.778386832347834,133.8919341617392,40.16758024852175,66.9459670808696,-107.11354732939134,13.389193416173917,53.55677366469567
114.4,107.11541573880888,160.6731236082133,80.33656180410665,26.77885393470222,-53.55770786940444,5.355770786940444,214.23083147761776,-26.77885393470222,133.8942696735111,40.168280902053326,66.94713483675555,-107.11541573880888,13.38942696735111,53.55770786940444
114.5,107.11747985961733,160.676219789426,80.338109894713,26.779369964904333,-53.55873992980867,5.355873992980867,214.23495971923467,-26.779369964904333,133.89684982452167,40.1690549473565,66.94842491226083,-107.11747985961733,13.389684982452167,53.55873992980867
114.60000000000001,107.11978123259155,160.67967184888732,80.33983592444366,26.779945308147887,-53.559890616295775,5.355989061629578,214.2395624651831,-26.779945308147887,133.89972654073944,40.16991796222183,66.94986327036972,-107.11978123259155,13.389972654073944,53.559890616295775
114.7,107.12242190334906,160.6836328550236,80.3418164275118,26.780605475837266,-53.56121095167453,5.356121095167453,214.24484380669813,-26.780605475837266,133.90302737918634,40.1709082137559,66.95151368959317,-107.12242190334906,13.390302737918633,53.56121095167453
114.80000000000001,107.12551472967974,160.68827209451962,80.34413604725981,26.781378682419934,-53.56275736483987,5.356275736483987,214.25102945935947,-26.781378682419934,133.90689341209966,40.172068023629905,66.95344670604983,-107.12551472967974,13.390689341209967,53.56275736483987
114.9,107.12916043548368,160.69374065322552,80.34687032661276,26.78229010887092,-53.56458021774184,5.356458021774184,214.25832087096737,-26.78229010887092,133.9114505443546,40.17343516330638,66.9557252721773,-107.12916043548368,13.39114505443546,53.56458021774184
115.0,107.13341720433459,160.7001258065019,80.35006290325094,26.783354301083648,-53.566708602167296,5.35667086021673,214.26683440866918,-26.783354301083648,133.91677150541824,40.17503145162547,66.95838575270912,-107.13341720433459,13.391677150541824,53.566708602167296
115.10000000000001,107.13829061463699,160.7074359219555,80.35371796097775,26.784572653659247,-53.56914530731849,5.356914530731849,214.27658122927397,-26.784572653659247,133.92286326829623,40.17685898048887,66.96143163414811,-107.13829061463699,13.392286326829623,53.56914530731849
115.2,107.14375915554778,160.71563873332167,80.35781936666083,26.785939788886946,-53.57187957777389,5.3571879577773895,214.28751831109557,-26.785939788886946,133.92969894443473,40.17890968333042,66.96484947221737,-107.14375915554778,13.392969894443473,53.57187957777389
115.30000000000001,107.14983938351878,160.72475907527817,80.36237953763909,26.787459845879695,-53.57491969175939,5.357491969175939,214.29967876703756,-26.787459845879695,133.9372992293985,40.18118976881954,66.96864961469925,-107.14983938351878,13.393729922939848,53.57491969175939
115.4,107.15649375847546,160.7347406377132,80.3673703188566,26.789123439618866,-53.57824687923773,5.357824687923774,214.31298751695093,-26.789123439618866,133.94561719809434,40.1836851594283,66.97280859904717,-107.15649375847546,13.394561719809433,53.57824687923773
115.5,107.16361384617664,160.74542076926497,80.37271038463248,26.79090346154416,-53.58180692308832,5.358180692308832,214.3272276923533,-26.79090346154416,133.9545173077208,40.18635519231624,66.9772586538604,-107.16361384617664,13.39545173077208,53.58180692308832
115.60000000000001,107.17105613051768,160.75658419577653,80.37829209788826,26.79276403262942,-53.58552806525884,5.358552806525885,214.34211226103537,-26.79276403262942,133.9638201631471,40.18914604894413,66.98191008157355,-107.17105613051768,13.39638201631471,53.58552806525884
115.7,107.1786316887916,160.7679475331874,80.3839737665937,26.7946579221979,-53.5893158443958,5.35893158443958,214.3572633775832,-26.7946579221979,133.9732896109895,40.19198688329685,66.98664480549475,-107.1786316887916,13.39732896109895,53.5893158443958
115.80000000000001,107.18610446713133,160.779156700697,80.3895783503485,26.796526116782832,-53.593052233565665,5.359305223356567,214.37220893426266,-26.796526116782832,133.98263058391416,40.19478917517425,66.99131529195708,-107.18610446713133,13.398263058391416,53.593052233565665
115.9,107.19325344425445,160.7898801663817,80.39494008319085,26.798313361063613,-53.596626722127226,5.359662672212723,214.3865068885089,-26.798313361063613,133.99156680531806,40.19747004159542,66.99578340265903,-107.19325344425445,13.399156680531807,53.596626722127226
116.0,107.19981346312116,160.79972019468175,80.39986009734088,26.79995336578029,-53.59990673156058,5.359990673156059,214.39962692624232,-26.79995336578029,133.99976682890144,40.19993004867044,66.99988341445072,-107.19981346312116,13.399976682890145,53.59990673156058
116.10000000000001,107.20553273158765,160.80829909738148,80.40414954869074,26.801383182896913,-53.602766365793826,5.360276636579383,214.4110654631753,-26.801383182896913,134.00691591448458,40.20207477434537,67.00345795724229,-107.20553273158765,13.400691591448457,53.602766365793826
116.2,107.21022469793562,160.81533704690344,80.40766852345172,26.802556174483904,-53.60511234896781,5.360511234896781,214.42044939587123,-26.802556174483904,134.0127808724195,40.20383426172586,67.00639043620976,-107.21022469793562,13.401278087241952,53.60511234896781
116.30000000000001,107.21377586840595,160.82066380260892,80.41033190130446,26.803443967101487,-53.60688793420297,5.360688793420298,214.4275517368119,-26.803443967101487,134.01721983550743,40.20516595065223,67.00860991775372,-107.21377586840595,13.401721983550743,53.60688793420297
116.4,107.21610280448995,160.82415420673493,80.41207710336747,26.804025701122487,-53.608051402244975,5.360805140224498,214.4322056089799,-26.804025701122487,134.02012850561243,40.20603855168373,67.01006425280622,-107.21610280448995,13.402012850561244,53.608051402244975
116.5,107.21716570367171,160.82574855550757,80.41287427775379,26.804291425917928,-53.608582851835855,5.3608582851835855,214.43433140734342,-26.804291425917928,134.02145712958963,40.20643713887689,67.01072856479482,-107.21716570367171,13.402145712958964,53.608582851835855
116.60000000000001,107.21690929428846,160.82536394143267,80.41268197071633,26.804227323572114,-53.60845464714423,5.360845464714423,214.4338185885769,-26.804227323572114,134.02113661786058,40.20634098535817,67.01056830893029,-107.21690929428846,13.402113661786057,53.60845464714423
116.7,107.2152239391167,160.82283590867505,80.41141795433752,26.803805984779174,-53.60761196955835,5.360761196955835,214.4304478782334,-26.803805984779174,134.01902992389586,40.20570897716876,67.00951496194793,-107.2152239391167,13.401902992389587,53.60761196955835
116.80000000000001,107.21202952920707,160.8180442938106,80.4090221469053,26.803007382301768,-53.606014764603536,5.360601476460354,214.42405905841414,-26.803007382301768,134.01503691150884,40.20451107345265,67.00751845575442,-107.21202952920707,13.401503691150884,53.606014764603536
116.9,107.20723854455329,160.81085781682992,80.40542890841496,26.801809636138323,-53.603619272276646,5.360361927227665,214.41447708910658,-26.801809636138323,134.00904818069162,40.20271445420748,67.00452409034581,-107.20723854455329,13.400904818069161,53.603619272276646
117.0,107.20077538029338,160.80116307044005,80.40058153522003,26.800193845073345,-53.60038769014669,5.360038769014669,214.40155076058676,-26.800193845073345,134.00096922536673,40.200290767610014,67.00048461268337,-107.20077538029338,13.400096922536672,53.60038769014669
117.10000000000001,107.1926146051904,160.7889219077856,80.3944609538928,26.7981536512976,-53.5963073025952,5.3596307302595205,214.3852292103808,-26.7981536512976,133.990768256488,40.1972304769464,66.995384128244,-107.1926146051904,13.3990768256488,53.5963073025952
117.2,107.18277265008243,160.77415897512364,80.38707948756182,26.795693162520607,-53.59138632504121,5.359138632504122,214.36554530016485,-26.795693162520607,133.97846581260302,40.19353974378091,66.98923290630151,-107.18277265008243,13.397846581260303,53.59138632504121
117.30000000000001,107.17135601259473,160.75703401889209,80.37851700944604,26.792839003148682,-53.585678006297364,5.358567800629737,214.34271202518946,-26.792839003148682,133.9641950157434,40.18925850472302,66.9820975078717,-107.17135601259473,13.396419501574341,53.585678006297364
117.4,107.15845858238893,160.7376878735834,80.3688439367917,26.789614645597233,-53.579229291194466,5.357922929119447,214.31691716477786,-26.789614645597233,133.94807322798616,40.18442196839585,66.97403661399308,-107.15845858238893,13.394807322798616,53.579229291194466
117.5,107.14413488497169,160.71620232745755,80.35810116372878,26.786033721242923,-53.572067442485846,5.357206744248585,214.28826976994338,-26.786033721242923,133.9301686062146,40.17905058186439,66.9650843031073,-107.14413488497169,13.393016860621461,53.572067442485846
117.60000000000001,107.12846290133746,160.69269435200619,80.34634717600309,26.782115725334364,-53.56423145066873,5.356423145066874,214.2569258026749,-26.782115725334364,133.91057862667182,40.173173588001546,66.95528931333591,-107.12846290133746,13.391057862667182,53.56423145066873
117.7,107.11152943157623,160.66729414736434,80.33364707368217,26.777882357894057,-53.555764715788115,5.355576471578812,214.22305886315246,-26.777882357894057,133.88941178947027,40.166823536841086,66.94470589473514,-107.11152943157623,13.388941178947029,53.555764715788115
117.80000000000001,107.09335370255005,160.64003055382506,80.32001527691253,26.77333842563751,-53.54667685127502,5.354667685127502,214.1867074051001,-26.77333842563751,133.86669212818757,40.160007638456264,66.93334606409378,-107.09335370255005,13.386669212818756,53.54667685127502
117.9,107.07396456896953,160.6109468534543,80.30547342672715,26.768491142242382,-53.536982284484765,5.353698228448477,214.14792913793906,-26.768491142242382,133.84245571121193,40.15273671336357,66.92122785560596,-107.07396456896953,13.384245571121191,53.536982284484765
118.0,107.05341604546828,160.58012406820242,80.29006203410121,26.76335401136707,-53.52670802273414,5.352670802273415,214.10683209093656,-26.76335401136707,133.81677005683537,40.145031017050606,66.90838502841768,-107.05341604546828,13.381677005683535,53.52670802273414
118.10000000000001,107.0317454974493,160.54761824617395,80.27380912308698,26.757936374362323,-53.51587274872465,5.351587274872465,214.0634909948986,-26.757936374362323,133.7896818718116,40.13690456154349,66.8948409359058,-107.0317454974493,13.378968187181162,53.51587274872465
118.2,107.00890293163114,160.5133543974467,80.25667719872335,26.752225732907785,-53.50445146581557,5.350445146581557,214.01780586326228,-26.752225732907785,133.76112866453892,40.128338599361676,66.88056433226946,-107.00890293163114,13.376112866453893,53.50445146581557
118.30000000000001,106.98488903357972,160.47733355036956,80.23866677518478,26.74622225839493,-53.49244451678986,5.349244451678986,213.96977806715944,-26.74622225839493,133.73111129197466,40.11933338759239,66.86555564598733,-106.98488903357972,13.373111129197465,53.49244451678986
118.4,106.95968620967383,160.43952931451076,80.21976465725538,26.73992155241846,-53.47984310483692,5.347984310483692,213.91937241934767,-26.73992155241846,133.69960776209228,40.10988232862769,66.84980388104614,-106.95968620967383,13.36996077620923,53.47984310483692
118.5,106.93331401546048,160.39997102319072,80.19998551159536,26.73332850386512,-53.46665700773024,5.346665700773024,213.86662803092096,-26.73332850386512,133.6666425193256,40.09999275579768,66.8333212596628,-106.93331401546048,13.36666425193256,53.46665700773024
118.60000000000001,106.90584319240457,160.35876478860686,80.17938239430343,26.726460798101144,-53.45292159620229,5.345292159620229,213.81168638480915,-26.726460798101144,133.6323039905057,40.089691197151716,66.81615199525285,-106.90584319240457,13.363230399050572,53.45292159620229
118.7,106.87735493534967,160.3160324030245,80.15801620151225,26.719338733837418,-53.438677467674836,5.343867746767484,213.75470987069934,-26.719338733837418,133.5966936691871,40.07900810075613,66.79834683459354,-106.87735493534967,13.359669366918709,53.438677467674836
118.80000000000001,106.8479332027355,160.27189980410327,80.13594990205164,26.711983300683876,-53.42396660136775,5.342396660136775,213.695866405471,-26.711983300683876,133.55991650341937,40.06797495102582,66.77995825170969,-106.8479332027355,13.355991650341938,53.42396660136775
118.9,106.8176542789063,160.22648141835947,80.11324070917973,26.704413569726576,-53.40882713945315,5.340882713945316,213.6353085578126,-26.704413569726576,133.52206784863287,40.05662035458987,66.76103392431644,-106.8176542789063,13.352206784863288,53.40882713945315
119.0,106.7865763965462,160.1798645948193,80.08993229740965,26.69664409913655,-53.3932881982731,5.33932881982731,213.5731527930924,-26.69664409913655,133.48322049568276,40.04496614870482,66.74161024784138,-106.7865763965462,13.348322049568274,53.3932881982731
119.10000000000001,106.75475659044486,160.13213488566728,80.06606744283364,26.688689147611214,-53.37737829522243,5.3377378295222435,213.5095131808897,-26.688689147611214,133.44344573805608,40.03303372141682,66.72172286902804,-106.75475659044486,13.344344573805607,53.37737829522243
119.2,106.7221952174029,160.08329282610435,80.04164641305218,26.680548804350725,-53.36109760870145,5.336109760870145,213.4443904348058,-26.680548804350725,133.40274402175362,40.02082320652609,66.70137201087681,-106.7221952174029,13.340274402175362,53.36109760870145
119.30000000000001,106.68883576442838,160.03325364664255,80.01662682332127,26.672208941107094,-53.34441788221419,5.334441788221419,213.37767152885675,-26.672208941107094,133.36104470553548,40.00831341166064,66.68052235276774,-106.68883576442838,13.336104470553547,53.34441788221419
119.4,106.65464119770661,159.98196179655992,79.99098089827996,26.663660299426653,-53.327320598853305,5.3327320598853305,213.30928239541322,-26.663660299426653,133.31830149713326,39.99549044913998,66.65915074856663,-106.65464119770661,13.331830149713326,53.327320598853305
119.5,106.6196157980242,159.9294236970363,79.96471184851815,26.65490394950605,-53.3098078990121,5.3309807899012105,213.2392315960484,-26.65490394950605,133.27451974753023,39.982355924259075,66.63725987376512,-106.6196157980242,13.327451974753025,53.3098078990121
119.60000000000001,106.58376536832397,159.87564805248596,79.93782402624298,26.64594134208099,-53.29188268416198,5.329188268416199,213.16753073664793,-26.64594134208099,133.22970671040497,39.96891201312149,66.61485335520248,-106.58376536832397,13.322970671040496,53.29188268416198
119.7,106.54709387655963,159.82064081483944,79.91032040741972,26.636773469139907,-53.273546938279814,5.327354693827981,213.09418775311926,-26.636773469139907,133.18386734569953,39.95516020370986,66.59193367284976,-106.54709387655963,13.318386734569954,53.273546938279814
119.80000000000001,106.50969892402622,159.76454838603934,79.88227419301967,26.627424731006556,-53.25484946201311,5.325484946201311,213.01939784805245,-26.627424731006556,133.13712365503278,39.941137096509834,66.56856182751639,-106.50969892402622,13.313712365503278,53.25484946201311
119.9,106.47175705277584,159.70763557916376,79.85381778958188,26.61793926319396,-53.23587852638792,5.323587852638792,212.94351410555169,-26.61793926319396,133.0896963159698,39.92690889479094,66.5448481579849,-106.47175705277584,13.30896963159698,53.23587852638792
120.0,106.43342166993799,159.650132504907,79.8250662524535,26.608355417484496,-53.21671083496899,5.321671083496899,212.86684333987597,-26.608355417484496,133.04177708742247,39.91253312622675,66.52088854371124,-106.43342166993799,13.304177708742248,53.21671083496899
120.10000000000001,106.39479509484806,159.5921926422721,79.79609632113605,26.598698773712016,-53.19739754742403,5.319739754742404,212.78959018969613,-26.598698773712016,132.99349386856008,39.898048160568024,66.49674693428004,-106.39479509484806,13.299349386856008,53.19739754742403
120.2,106.35589982380534,159.53384973570803,79.76692486785402,26.588974955951336,-53.17794991190267,5.317794991190268,212.7117996476107,-26.588974955951336,132.94487477975667,39.88346243392701,66.47243738987834,-106.35589982380534,13.294487477975668,53.17794991190267
120.30000000000001,106.31674908156589,159.47512362234883,79.73756181117442,26.579187270391472,-53.158374540782944,5.315837454078295,212.63349816313178,-26.579187270391472,132.89593635195735,39.86878090558721,66.44796817597867,-106.31674908156589,13.289593635195736,53.158374540782944
120.4,106.27731464946262,159.41597197419395,79.70798598709698,26.569328662365656,-53.13865732473131,5.313865732473132,212.55462929892525,-26.569328662365656,132.84664331182827,39.85399299354849,66.42332165591414,-106.27731464946262,13.284664331182828,53.13865732473131
120.5,106.23757936388543,159.35636904582816,79.67818452291408,26.559394840971358,-53.118789681942715,5.3118789681942715,212.47515872777086,-26.559394840971358,132.79697420485678,39.83909226145704,66.39848710242839,-106.23757936388543,13.279697420485679,53.118789681942715
120.60000000000001,106.19752068569638,159.29628102854457,79.64814051427228,26.549380171424094,-53.09876034284819,5.3098760342848195,212.39504137139275,-26.549380171424094,132.74690085712047,39.82407025713614,66.37345042856023,-106.19752068569638,13.274690085712047,53.09876034284819
120.7,106.1570348021537,159.23555220323055,79.61777610161528,26.539258700538426,-53.07851740107685,5.307851740107686,212.3140696043074,-26.539258700538426,132.69629350269213,39.80888805080764,66.34814675134606,-106.1570348021537,13.269629350269213,53.07851740107685
120.80000000000001,106.11607011220984,159.17410516831475,79.58705258415738,26.52901752805246,-53.05803505610492,5.305803505610492,212.23214022441968,-26.52901752805246,132.6450876402623,39.79352629207869,66.32254382013114,-106.11607011220984,13.26450876402623,53.05803505610492
120.9,106.07456879645488,159.11185319468234,79.55592659734117,26.51864219911372,-53.03728439822744,5.303728439822745,212.14913759290977,-26.51864219911372,132.5932109955686,39.777963298670585,66.2966054977843,-106.07456879645488,13.25932109955686,53.03728439822744
121.0,106.0324452880385,159.04866793205775,79.52433396602888,26.508111322009626,-53.01622264401925,5.301622264401925,212.064890576077,-26.508111322009626,132.54055661004813,39.76216698301444,66.27027830502406,-106.0324452880385,13.254055661004813,53.01622264401925
121.10000000000001,105.98960524152842,158.98440786229264,79.49220393114632,26.497401310382106,-52.99480262076421,5.299480262076422,211.97921048305685,-26.497401310382106,132.48700655191053,39.74610196557316,66.24350327595526,-105.98960524152842,13.248700655191053,52.99480262076421
121.2,105.94590512624549,158.91885768936822,79.45942884468411,26.486476281561373,-52.972952563122746,5.297295256312275,211.89181025249098,-26.486476281561373,132.43238140780687,39.729714422342056,66.21619070390344,-105.94590512624549,13.243238140780687,52.972952563122746
121.30000000000001,105.90119320148857,158.85178980223284,79.42589490111642,26.475298300372142,-52.950596600744284,5.295059660074429,211.80238640297713,-26.475298300372142,132.3764915018607,39.71294745055821,66.18824575093035,-105.90119320148857,13.237649150186071,52.950596600744284
121.4,105.85533950086341,158.7830092512951,79.39150462564756,26.463834875215852,-52.927669750431704,5.292766975043171,211.71067900172682,-26.463834875215852,132.31917437607927,39.69575231282378,66.15958718803964,-105.85533950086341,13.231917437607926,52.927669750431704
121.5,105.8082200103996,158.71233001559938,79.35616500779969,26.4520550025999,-52.9041100051998,5.29041100051998,211.6164400207992,-26.4520550025999,132.2602750129995,39.678082503899844,66.13013750649975,-105.8082200103996,13.22602750129995,52.9041100051998
121.60000000000001,105.75969207963662,158.63953811945493,79.31976905972746,26.439923019909155,-52.87984603981831,5.2879846039818315,211.51938415927324,-26.439923019909155,132.19961509954578,39.65988452986373,66.09980754977289,-105.75969207963662,13.219961509954578,52.87984603981831
121.7,105.70956537805914,158.5643480670887,79.28217403354435,26.427391344514785,-52.85478268902957,5.285478268902957,211.41913075611828,-26.427391344514785,132.13695672257393,39.641087016772175,66.06847836128696,-105.70956537805914,13.213695672257392,52.85478268902957
121.80000000000001,105.65766433827024,158.48649650740535,79.24324825370267,26.41441608456756,-52.82883216913512,5.282883216913512,211.31532867654047,-26.41441608456756,132.0720804228378,39.62162412685134,66.0360402114189,-105.65766433827024,13.20720804228378,52.82883216913512
121.9,105.60383553670748,158.4057533050612,79.2028766525306,26.40095888417687,-52.80191776835374,5.280191776835374,211.20767107341496,-26.40095888417687,132.00479442088434,39.6014383262653,66.00239721044217,-105.60383553670748,13.200479442088435,52.80191776835374
122.0,105.54791339166354,158.3218700874953,79.16093504374766,26.386978347915885,-52.77395669583177,5.277395669583178,211.09582678332708,-26.386978347915885,131.93489173957943,39.58046752187383,65.96744586978971,-105.54791339166354,13.193489173957943,52.77395669583177
122.10000000000001,105.48973509733139,158.2346026459971,79.11730132299854,26.372433774332848,-52.744867548665695,5.27448675486657,210.97947019466278,-26.372433774332848,131.86216887166424,39.55865066149927,65.93108443583212,-105.48973509733139,13.186216887166424,52.744867548665695
122.2,105.42915372907882,158.14373059361822,79.07186529680911,26.357288432269705,-52.71457686453941,5.2714576864539415,210.85830745815764,-26.357288432269705,131.78644216134853,39.535932648404554,65.89322108067427,-105.42915372907882,13.178644216134852,52.71457686453941
122.30000000000001,105.36603152450057,158.04904728675086,79.02452364337543,26.341507881125143,-52.683015762250285,5.268301576225029,210.73206304900114,-26.341507881125143,131.7075394056257,39.512261821687716,65.85376970281285,-105.36603152450057,13.170753940562571,52.683015762250285
122.4,105.30021334520742,157.95032001781112,78.97516000890556,26.325053336301856,-52.65010667260371,5.265010667260372,210.60042669041485,-26.325053336301856,131.6252666815093,39.48758000445278,65.81263334075464,-105.30021334520742,13.162526668150928,52.65010667260371
122.5,105.23159592589987,157.8473938888498,78.9236969444249,26.307898981474967,-52.615797962949934,5.261579796294994,210.46319185179973,-26.307898981474967,131.53949490737483,39.46184847221245,65.76974745368742,-105.23159592589987,13.153949490737483,52.615797962949934
122.60000000000001,105.16016365146119,157.7402454771918,78.8701227385959,26.290040912865297,-52.580081825730595,5.25800818257306,210.32032730292238,-26.290040912865297,131.4502045643265,39.43506136929795,65.72510228216325,-105.16016365146119,13.145020456432649,52.580081825730595
122.7,105.08587094714423,157.62880642071633,78.81440321035817,26.271467736786057,-52.542935473572115,5.254293547357212,210.17174189428846,-26.271467736786057,131.3573386839303,39.40720160517908,65.67866934196515,-105.08587094714423,13.135733868393029,52.542935473572115
122.80000000000001,105.00871151394125,157.51306727091188,78.75653363545594,26.252177878485313,-52.504355756970625,5.250435575697063,210.0174230278825,-26.252177878485313,131.26088939242658,39.37826681772797,65.63044469621329,-105.00871151394125,13.126088939242656,52.504355756970625
122.9,104.9286669593728,157.39300043905922,78.69650021952961,26.2321667398432,-52.4643334796864,5.24643334796864,209.8573339187456,-26.2321667398432,131.160833699216,39.348250109764805,65.580416849608,-104.9286669593728,13.1160833699216,52.4643334796864
123.0,104.84568472948666,157.26852709423,78.634263547115,26.211421182371666,-52.42284236474333,5.242284236474333,209.69136945897333,-26.211421182371666,131.05710591185834,39.3171317735575,65.52855295592917,-104.84568472948666,13.105710591185833,52.42284236474333
123.10000000000001,104.75971017822187,157.13956526733278,78.56978263366639,26.189927544555466,-52.37985508911093,5.237985508911094,209.51942035644373,-26.189927544555466,130.94963772277734,39.284891316833196,65.47481886138867,-104.75971017822187,13.094963772277733,52.37985508911093
123.2,104.67065957044875,157.00598935567314,78.50299467783657,26.167664892612187,-52.335329785224374,5.233532978522438,209.3413191408975,-26.167664892612187,130.83832446306093,39.251497338918284,65.41916223153046,-104.67065957044875,13.083832446306094,52.335329785224374
123.30000000000001,104.57847030338782,156.86770545508173,78.43385272754087,26.144617575846954,-52.28923515169391,5.228923515169392,209.15694060677563,-26.144617575846954,130.72308787923478,39.21692636377043,65.36154393961739,-104.57847030338782,13.072308787923477,52.28923515169391
123.4,104.48310138569164,156.72465207853747,78.36232603926874,26.12077534642291,-52.24155069284582,5.224155069284582,208.96620277138328,-26.12077534642291,130.60387673211454,39.18116301963437,65.30193836605727,-104.48310138569164,13.060387673211455,52.24155069284582
123.5,104.38453034328933,156.576795514934,78.288397757467,26.096132585822332,-52.192265171644664,5.219226517164467,208.76906068657865,-26.096132585822332,130.48066292911165,39.1441988787335,65.24033146455582,-104.38453034328933,13.048066292911166,52.192265171644664
123.60000000000001,104.28269341813645,156.42404012720468,78.21202006360234,26.07067335453411,-52.14134670906822,5.214134670906823,208.5653868362729,-26.07067335453411,130.35336677267057,39.10601003180117,65.17668338633528,-104.28269341813645,13.035336677267056,52.14134670906822
123.7,104.17755820792652,156.2663373118898,78.1331686559449,26.04438955198163,-52.08877910396326,5.2088779103963265,208.35511641585305,-26.04438955198163,130.22194775990815,39.06658432797245,65.11097387995407,-104.17755820792652,13.022194775990815,52.08877910396326
123.80000000000001,104.06907871482242,156.10361807223364,78.05180903611682,26.017269678705606,-52.03453935741121,5.203453935741122,208.13815742964485,-26.017269678705606,130.08634839352803,39.02590451805841,65.04317419676401,-104.06907871482242,13.008634839352803,52.03453935741121
123.9,103.95718182372589,155.93577273558884,77.96788636779442,25.989295455931472,-51.978590911862945,5.197859091186295,207.91436364745178,-25.989295455931472,129.94647727965736,38.98394318389721,64.97323863982868,-103.95718182372589,12.994647727965736,51.978590911862945
124.0,103.84178442601834,155.76267663902752,77.88133831951376,25.960446106504584,-51.92089221300917,5.192089221300917,207.68356885203667,-25.960446106504584,129.8022305325229,38.94066915975688,64.90111526626146,-103.84178442601834,12.980223053252292,51.92089221300917
124.10000000000001,103.72286001800417,155.58429002700626,77.79214501350313,25.930715004501042,-51.861430009002085,5.186143000900209,207.44572003600834,-25.930715004501042,129.6535750225052,38.896072506751565,64.8267875112526,-103.72286001800417,12.965357502250521,51.861430009002085
124.2,103.6003707350362,155.40055610255428,77.70027805127714,25.90009268375905,-51.8001853675181,5.18001853675181,207.2007414700724,-25.90009268375905,129.50046341879525,38.85013902563857,64.75023170939762,-103.6003707350362,12.950046341879524,51.8001853675181
124.30000000000001,103.47430631980171,155.21145947970257,77.60572973985128,25.868576579950428,-51.737153159900856,5.173715315990086,206.94861263960343,-25.868576579950428,129.34288289975214,38.80286486992564,64.67144144987607,-103.47430631980171,12.934288289975214,51.737153159900856
124.4,103.34467837381263,155.01701756071895,77.50850878035948,25.836169593453157,-51.672339186906314,5.1672339186906315,206.68935674762525,-25.836169593453157,129.18084796726578,38.75425439017974,64.59042398363289,-103.34467837381263,12.918084796726578,51.672339186906314
124.5,103.21146376687797,154.81719565031696,77.40859782515848,25.802865941719492,-51.605731883438985,5.160573188343899,206.42292753375594,-25.802865941719492,129.01432970859747,38.70429891257924,64.50716485429874,-103.21146376687797,12.901432970859746,51.605731883438985
124.60000000000001,103.07470295779765,154.6120544366965,77.30602721834825,25.768675739449414,-51.53735147889883,5.153735147889883,206.1494059155953,-25.768675739449414,128.84337869724706,38.653013609174124,64.42168934862353,-103.07470295779765,12.884337869724707,51.53735147889883
124.7,102.93455704750123,154.40183557125184,77.20091778562592,25.733639261875307,-51.467278523750615,5.1467278523750615,205.86911409500246,-25.733639261875307,128.66819630937653,38.60045889281296,64.33409815468826,-102.93455704750123,12.866819630937654,51.467278523750615
124.80000000000001,102.79123623814351,154.18685435721528,77.09342717860764,25.697809059535878,-51.395618119071756,5.139561811907176,205.58247247628702,-25.697809059535878,128.48904529767938,38.54671358930382,64.24452264883969,-102.79123623814351,12.848904529767939,51.395618119071756
124.9,102.64493635925838,153.96740453888756,76.98370226944378,25.661234089814595,-51.32246817962919,5.132246817962919,205.28987271851676,-25.661234089814595,128.30617044907297,38.49185113472189,64.15308522453648,-102.64493635925838,12.830617044907298,51.32246817962919
125.0,102.49590858685407,153.7438628802811,76.87193144014056,25.623977146713518,-51.247954293427036,5.124795429342704,204.99181717370814,-25.623977146713518,128.1198857335676,38.43596572007028,64.0599428667838,-102.49590858685407,12.811988573356759,51.247954293427036
125.10000000000001,102.34446614504304,153.51669921756456,76.75834960878228,25.58611653626076,-51.17223307252152,5.117223307252153,204.6889322900861,-25.58611653626076,127.9305826813038,38.37917480439114,63.9652913406519,-102.34446614504304,12.79305826813038,51.17223307252152
125.2,102.19089135608738,153.28633703413107,76.64316851706553,25.547722839021844,-51.09544567804369,5.109544567804369,204.38178271217475,-25.547722839021844,127.73861419510922,38.321584258532766,63.86930709755461,-102.19089135608738,12.773861419510922,51.09544567804369
125.30000000000001,102.03544680227172,153.05317020340757,76.52658510170379,25.50886170056793,-51.01772340113586,5.101772340113587,204.07089360454344,-25.50886170056793,127.54430850283966,38.263292550851894,63.77215425141983,-102.03544680227172,12.754430850283965,51.01772340113586
125.4,101.87837937007176,152.81756905510764,76.40878452755382,25.46959484251794,-50.93918968503588,5.093918968503588,203.7567587401435,-25.46959484251794,127.34797421258969,38.20439226377691,63.673987106294845,-101.87837937007176,12.73479742125897,50.93918968503588
125.5,101.71999639966504,152.57999459949755,76.28999729974878,25.42999909991626,-50.85999819983252,5.085999819983252,203.43999279933007,-25.42999909991626,127.1499954995813,38.14499864987439,63.57499774979065,-101.71999639966504,12.71499954995813,50.85999819983252
125.60000000000001,101.56066148268646,152.3409922240297,76.17049611201485,25.390165370671614,-50.78033074134323,5.078033074134323,203.1213229653729,-25.390165370671614,126.95082685335807,38.08524805600742,63.47541342667903,-101.56066148268646,12.695082685335807,50.78033074134323
125.7,101.40067762528598,152.10101643792896,76.05050821896448,25.350169406321495,-50.70033881264299,5.070033881264299,202.80135525057196,-25.350169406321495,126.75084703160748,38.02525410948224,63.37542351580374,-101.40067762528598,12.675084703160747,50.70033881264299
125.80000000000001,101.24027073401984,151.86040610102975,75.93020305051488,25.31006768350496,-50.62013536700992,5.062013536700992,202.4805414680397,-25.31006768350496,126.55033841752481,37.96510152525744,63.27516920876241,-101.24027073401984,12.65503384175248,50.62013536700992
125.9,101.079608318012,151.61941247701802,75.80970623850901,25.269902079503,-50.539804159006,5.0539804159006,202.159216636024,-25.269902079503,126.349510397515,37.904853119254504,63.1747551987575,-101.079608318012,12.6349510397515,50.539804159006
126.0,100.91879150880155,151.37818726320234,75.68909363160117,25.229697877200387,-50.459395754400774,5.0459395754400775,201.8375830176031,-25.229697877200387,126.14848938600193,37.844546815800584,63.07424469300096,-100.91879150880155,12.614848938600193,50.459395754400774
126.10000000000001,100.75790843842798,151.13686265764196,75.56843132882098,25.189477109606994,-50.37895421921399,5.037895421921399,201.51581687685595,-25.189477109606994,125.94738554803497,37.78421566441049,62.973692774017486,-100.75790843842798,12.594738554803497,50.37895421921399
126.2,100.59707085660669,150.89560628491003,75.44780314245502,25.149267714151673,-50.298535428303346,5.029853542830335,201.19414171321338,-25.149267714151673,125.74633857075837,37.72390157122751,62.873169285379184,-100.59707085660669,12.574633857075836,50.298535428303346
126.30000000000001,100.43637075399144,150.65455613098715,75.32727806549357,25.10909268849786,-50.21818537699572,5.0218185376995725,200.87274150798288,-25.10909268849786,125.54546344248931,37.66363903274679,62.772731721244654,-100.43637075399144,12.55454634424893,50.21818537699572
126.4,100.2759075749704,150.4138613624556,75.2069306812278,25.0689768937426,-50.1379537874852,5.0137953787485205,200.5518151499408,-25.0689768937426,125.344884468713,37.6034653406139,62.6724422343565,-100.2759075749704,12.5344884468713,50.1379537874852
126.5,100.11578041944207,150.1736706291631,75.08683531458155,25.02894510486052,-50.05789020972104,5.005789020972104,200.23156083888415,-25.02894510486052,125.1447255243026,37.543417657290775,62.5723627621513,-100.11578041944207,12.51447255243026,50.05789020972104
126.60000000000001,99.95614564008673,149.9342184601301,74.96710923006505,24.989036410021683,-49.978072820043366,4.997807282004337,199.91229128017346,-24.989036410021683,124.94518205010841,37.483554615032524,62.47259102505421,-99.95614564008673,12.494518205010841,49.978072820043366
126.7,99.79716704301363,149.69575056452044,74.84787528226022,24.949291760753407,-49.898583521506815,4.989858352150682,199.59433408602726,-24.949291760753407,124.74645880376704,37.42393764113011,62.37322940188352,-99.79716704301363,12.474645880376704,49.898583521506815
126.80000000000001,99.63894639738355,149.45841959607532,74.72920979803766,24.909736599345887,-49.819473198691774,4.981947319869178,199.2778927947671,-24.909736599345887,124.54868299672944,37.36460489901883,62.27434149836472,-99.63894639738355,12.454868299672944,49.819473198691774
126.9,99.48155968064655,149.22233952096983,74.61116976048491,24.87038992016164,-49.74077984032328,4.974077984032328,198.9631193612931,-24.87038992016164,124.3519496008082,37.305584880242456,62.1759748004041,-99.48155968064655,12.43519496008082,49.74077984032328
127.0,99.32507786077092,148.98761679115637,74.49380839557818,24.83126946519273,-49.66253893038546,4.966253893038546,198.65015572154184,-24.83126946519273,124.15634732596365,37.24690419778909,62.078173662981825,-99.32507786077092,12.415634732596365,49.66253893038546
127.10000000000001,99.16954679118456,148.75432018677685,74.37716009338843,24.79238669779614,-49.58477339559228,4.958477339559228,198.33909358236912,-24.79238669779614,123.96193348898069,37.18858004669421,61.980966744490345,-99.16954679118456,12.39619334889807,49.58477339559228
127.2,99.01499631098075,148.52249446647113,74.26124723323557,24.753749077745187,-49.507498155490374,4.950749815549038,198.0299926219615,-24.753749077745187,123.76874538872593,37.13062361661778,61.884372694362966,-99.01499631098075,12.376874538872594,49.507498155490374
127.30000000000001,98.861451100857,148.2921766512855,74.14608832564275,24.71536277521425,-49.4307255504285,4.94307255504285,197.722902201714,-24.71536277521425,123.57681387607124,37.073044162821375,61.78840693803562,-98.861451100857,12.357681387607125,49.4307255504285
127.4,98.70886521376973,148.06329782065458,74.03164891032729,24.67721630344243,-49.35443260688486,4.935443260688487,197.41773042753945,-24.67721630344243,123.38608151721216,37.015824455163646,61.69304075860608,-98.70886521376973,12.338608151721216,49.35443260688486
127.5,98.55718321567227,147.83577482350842,73.91788741175421,24.639295803918067,-49.278591607836134,4.927859160783614,197.11436643134454,-24.639295803918067,123.19647901959033,36.958943705877104,61.598239509795164,-98.55718321567227,12.319647901959033,49.278591607836134
127.60000000000001,98.40638610296074,147.60957915444112,73.80478957722056,24.601596525740185,-49.20319305148037,4.920319305148038,196.81277220592148,-24.601596525740185,123.00798262870092,36.90239478861028,61.50399131435046,-98.40638610296074,12.300798262870092,49.20319305148037
127.7,98.25641276306496,147.38461914459742,73.69230957229871,24.56410319076624,-49.12820638153248,4.912820638153248,196.51282552612992,-24.56410319076624,122.8205159538312,36.846154786149356,61.4102579769156,-98.25641276306496,12.28205159538312,49.12820638153248
127.80000000000001,98.10713567488477,147.16070351232716,73.58035175616358,24.526783918721193,-49.05356783744239,4.905356783744239,196.21427134976955,-24.526783918721193,122.63391959360597,36.79017587808179,61.31695979680298,-98.10713567488477,12.263391959360597,49.05356783744239
127.9,97.95840938797141,146.93761408195712,73.46880704097856,24.489602346992854,-48.97920469398571,4.897920469398571,195.91681877594283,-24.489602346992854,122.44801173496427,36.73440352048928,61.224005867482134,-97.95840938797141,12.244801173496427,48.97920469398571
128.0,97.81015403829011,146.71523105743518,73.35761552871759,24.452538509572527,-48.905077019145054,4.890507701914506,195.62030807658022,-24.452538509572527,122.26269254786263,36.678807764358794,61.131346273931314,-97.81015403829011,12.226269254786263,48.905077019145054
128.1,97.66228998712798,146.49343498069197,73.24671749034599,24.415572496781994,-48.83114499356399,4.883114499356399,195.32457997425595,-24.415572496781994,122.07786248390997,36.62335874517299,61.038931241954984,-97.66228998712798,12.207786248390997,48.83114499356399
128.20000000000002,97.51474236016529,146.27211354024791,73.13605677012396,24.37868559004132,-48.75737118008264,4.8757371180082645,195.02948472033057,-24.37868559004132,121.89342795020661,36.56802838506198,60.94671397510331,-97.51474236016529,12.18934279502066,48.75737118008264
128.3,97.36743448542319,146.05115172813478,73.02557586406739,24.341858621355797,-48.683717242711595,4.86837172427116,194.73486897084638,-24.341858621355797,121.70929310677899,36.512787932033696,60.85464655338949,-97.36743448542319,12.170929310677899,48.683717242711595
128.4,97.22028080888597,145.83042121332898,72.91521060666449,24.305070202221494,-48.61014040444299,4.861014040444299,194.44056161777195,-24.305070202221494,121.52535101110746,36.457605303332244,60.76267550555373,-97.22028080888597,12.152535101110747,48.61014040444299
128.5,97.07311060291565,145.60966590437346,72.80483295218673,24.268277650728912,-48.536555301457824,4.853655530145783,194.1462212058313,-24.268277650728912,121.34138825364457,36.402416476093364,60.67069412682228,-97.07311060291565,12.134138825364456,48.536555301457824
128.6,96.92574196505525,145.38861294758289,72.69430647379144,24.231435491263813,-48.462870982527626,4.846287098252763,193.8514839301105,-24.231435491263813,121.15717745631906,36.34715323689572,60.57858872815953,-96.92574196505525,12.115717745631907,48.462870982527626
128.70000000000002,96.77801091359565,145.16701637039347,72.58350818519673,24.194502728398913,-48.389005456797825,4.838900545679783,193.5560218271913,-24.194502728398913,120.97251364199457,36.29175409259837,60.48625682099728,-96.77801091359565,12.097251364199456,48.389005456797825
128.8,96.62976593271028,144.94464889906544,72.47232444953272,24.15744148317757,-48.31488296635514,4.831488296635515,193.25953186542057,-24.15744148317757,120.78720741588785,36.23616222476636,60.393603707943925,-96.62976593271028,12.078720741588786,48.31488296635514
128.9,96.48080373537675,144.72120560306513,72.36060280153256,24.12020093384419,-48.24040186768838,4.824040186768838,192.9616074707535,-24.12020093384419,120.60100466922094,36.18030140076628,60.30050233461047,-96.48080373537675,12.060100466922094,48.24040186768838
129.0,96.33096233791483,144.49644350687225,72.24822175343613,24.082740584478707,-48.16548116895741,4.816548116895742,192.66192467582965,-24.082740584478707,120.41370292239353,36.12411087671806,60.20685146119676,-96.33096233791483,12.041370292239353,48.16548116895741
129.1,96.18018270359741,144.2702740553961,72.13513702769805,24.045045675899352,-48.090091351798705,4.8090091351798705,192.36036540719482,-24.045045675899352,120.22522837949677,36.067568513849025,60.112614189748385,-96.18018270359741,12.022522837949676,48.090091351798705
129.20000000000002,96.02843477155803,144.04265215733705,72.02132607866852,24.007108692889506,-48.01421738577901,4.801421738577901,192.05686954311605,-24.007108692889506,120.03554346444753,36.01066303933426,60.017771732223764,-96.02843477155803,12.003554346444753,48.01421738577901
129.3,95.87564939285878,143.81347408928815,71.90673704464407,23.968912348214694,-47.93782469642939,4.793782469642939,191.75129878571755,-23.968912348214694,119.84456174107348,35.95336852232204,59.92228087053674,-95.87564939285878,11.984456174107347,47.93782469642939
129.4,95.72182791840413,143.5827418776062,71.7913709388031,23.930456979601033,-47.860913959202065,4.786091395920207,191.44365583680826,-23.930456979601033,119.65228489800516,35.89568546940155,59.82614244900258,-95.72182791840413,11.965228489800516,47.860913959202065
129.5,95.56702570921905,143.3505385638286,71.6752692819143,23.891756427304763,-47.783512854609526,4.7783512854609524,191.1340514184381,-23.891756427304763,119.45878213652381,35.83763464095715,59.729391068261904,-95.56702570921905,11.945878213652382,47.783512854609526
129.6,95.41133291665679,143.1169993749852,71.5584996874926,23.852833229164197,-47.705666458328395,4.770566645832839,190.82266583331358,-23.852833229164197,119.26416614582098,35.7792498437463,59.63208307291049,-95.41133291665679,11.926416614582099,47.705666458328395
129.70000000000002,95.25487302423474,142.88230953635212,71.44115476817606,23.813718256058685,-47.62743651211737,4.762743651211737,190.50974604846948,-23.813718256058685,119.06859128029342,35.72057738408803,59.53429564014671,-95.25487302423474,11.906859128029343,47.62743651211737
129.8,95.0977575424726,142.6466363137089,71.32331815685446,23.77443938561815,-47.5488787712363,4.754887877123631,190.1955150849452,-23.77443938561815,118.87219692809076,35.66165907842723,59.43609846404538,-95.0977575424726,11.887219692809076,47.5488787712363
129.9,94.9401004197751,142.41015062966267,71.20507531483133,23.735025104943777,-47.47005020988755,4.747005020988755,189.8802008395502,-23.735025104943777,118.67512552471888,35.60253765741567,59.33756276235944,-94.9401004197751,11.867512552471888,47.47005020988755
130.0,94.78202926422553,142.1730438963383,71.08652194816915,23.695507316056382,-47.391014632112764,4.739101463211276,189.56405852845106,-23.695507316056382,118.4775365802819,35.543260974084575,59.23876829014095,-94.78202926422553,11.847753658028191,47.391014632112764
130.1,94.62369224017135,141.93553836025703,70.96776918012851,23.655923060042838,-47.311846120085676,4.731184612008568,189.2473844803427,-23.655923060042838,118.27961530021419,35.48388459006426,59.139807650107095,-94.62369224017135,11.827961530021419,47.311846120085676
130.20000000000002,94.4652097958286,141.69781469374288,70.84890734687144,23.61630244895715,-47.2326048979143,4.72326048979143,188.9304195916572,-23.61630244895715,118.08151224478576,35.42445367343572,59.04075612239288,-94.4652097958286,11.808151224478575,47.2326048979143
130.3,94.30674679628632,141.46012019442946,70.73006009721473,23.57668669907158,-47.15337339814316,4.715337339814316,188.61349359257264,-23.57668669907158,117.8834334953579,35.365030048607366,58.94171674767895,-94.30674679628632,11.78834334953579,47.15337339814316
130.4,94.14851468261155,141.22277202391732,70.61138601195866,23.537128670652887,-47.074257341305774,4.707425734130577,188.2970293652231,-23.537128670652887,117.68564335326444,35.30569300597933,58.84282167663222,-94.14851468261155,11.768564335326444,47.074257341305774
130.5,93.99076698004792,140.9861504700719,70.49307523503595,23.49769174501198,-46.99538349002396,4.699538349002396,187.98153396009585,-23.49769174501198,117.4884587250599,35.24653761751797,58.74422936252995,-93.99076698004792,11.74884587250599,46.99538349002396
130.6,93.83378566995808,140.75067850493713,70.37533925246856,23.45844641748952,-46.91689283497904,4.691689283497904,187.66757133991615,-23.45844641748952,117.29223208744759,35.18766962623428,58.646116043723794,-93.83378566995808,11.72922320874476,46.91689283497904
130.70000000000002,93.67776628462835,140.51664942694254,70.25832471347127,23.419441571157087,-46.838883142314174,4.683888314231417,187.3555325692567,-23.419441571157087,117.09720785578543,35.129162356735634,58.548603927892714,-93.67776628462835,11.709720785578543,46.838883142314174
130.8,93.52279839693296,140.28419759539943,70.14209879769972,23.38069959923324,-46.76139919846648,4.676139919846648,187.0455967938659,-23.38069959923324,116.9034979961662,35.07104939884986,58.4517489980831,-93.52279839693296,11.69034979961662,46.76139919846648
130.9,93.36893588638237,140.05340382957357,70.02670191478678,23.342233971595594,-46.68446794319119,4.668446794319119,186.73787177276475,-23.342233971595594,116.71116985797796,35.01335095739339,58.35558492898898,-93.36893588638237,11.671116985797797,46.68446794319119
131.0,93.21632946147653,139.8244941922148,69.9122470961074,23.304082365369133,-46.60816473073827,4.660816473073827,186.43265892295307,-23.304082365369133,116.52041182684567,34.9561235480537,58.26020591342284,-93.21632946147653,11.652041182684567,46.60816473073827
131.1,93.06516346261817,139.59774519392727,69.79887259696363,23.266290865654543,-46.53258173130909,4.653258173130909,186.13032692523635,-23.266290865654543,116.33145432827271,34.89943629848182,58.16572716413636,-93.06516346261817,11.633145432827272,46.53258173130909
131.20000000000002,92.9156462534506,139.3734693801759,69.68673469008795,23.22891156336265,-46.4578231267253,4.64578231267253,185.8312925069012,-23.22891156336265,116.14455781681326,34.84336734504397,58.07227890840663,-92.9156462534506,11.614455781681325,46.4578231267253
131.3,92.76795257765501,139.1519288664825,69.57596443324125,23.191988144413752,-46.383976288827505,4.638397628882751,185.53590515531002,-23.191988144413752,115.95994072206877,34.78798221662063,57.97997036103438,-92.76795257765501,11.595994072206876,46.383976288827505
131.4,92.62226881298683,138.93340321948025,69.46670160974013,23.155567203246708,-46.311134406493416,4.631113440649342,185.24453762597366,-23.155567203246708,115.77783601623354,34.733350804870064,57.88891800811677,-92.62226881298683,11.577783601623354,46.311134406493416
131.5,92.4788521241467,138.71827818622006,69.35913909311003,23.119713031036675,-46.23942606207335,4.623942606207335,184.9577042482934,-23.119713031036675,115.59856515518337,34.679569546555015,57.79928257759168,-92.4788521241467,11.559856515518337,46.23942606207335
131.6,92.33797947786714,138.5069692168007,69.25348460840036,23.084494869466784,-46.16898973893357,4.616898973893357,184.67595895573427,-23.084494869466784,115.42247434733392,34.62674230420018,57.71123717366696,-92.33797947786714,11.542247434733392,46.16898973893357
131.70000000000002,92.19990395072098,138.29985592608148,69.14992796304074,23.049975987680245,-46.09995197536049,4.609995197536049,184.39980790144196,-23.049975987680245,115.24987993840122,34.57496398152037,57.62493996920061,-92.19990395072098,11.524987993840123,46.09995197536049
131.8,92.06476507885037,138.09714761827556,69.04857380913778,23.016191269712593,-46.032382539425186,4.603238253942519,184.12953015770074,-23.016191269712593,115.08095634856296,34.52428690456889,57.54047817428148,-92.06476507885037,11.508095634856296,46.032382539425186
131.9,91.93260489086734,137.89890733630102,68.94945366815051,22.983151222716835,-45.96630244543367,4.596630244543367,183.86520978173468,-22.983151222716835,114.91575611358417,34.474726834075256,57.45787805679208,-91.93260489086734,11.491575611358417,45.96630244543367
132.0,91.80340183269934,137.705102749049,68.8525513745245,22.950850458174834,-45.90170091634967,4.590170091634967,183.60680366539867,-22.950850458174834,114.75425229087418,34.42627568726225,57.37712614543709,-91.80340183269934,11.475425229087417,45.90170091634967
132.1,91.67707522820166,137.5156128423025,68.75780642115124,22.919268807050415,-45.83853761410083,4.583853761410083,183.35415045640332,-22.919268807050415,114.59634403525207,34.37890321057562,57.29817201762604,-91.67707522820166,11.459634403525207,45.83853761410083
132.20000000000002,91.55354332726147,137.3303149908922,68.6651574954461,22.888385831815366,-45.77677166363073,4.577677166363073,183.10708665452293,-22.888385831815366,114.44192915907684,34.33257874772305,57.22096457953842,-91.55354332726147,11.444192915907683,45.77677166363073
132.3,91.432691430742,137.149037146113,68.5745185730565,22.8581728576855,-45.716345715371,4.5716345715371,182.865382861484,-22.8581728576855,114.2908642884275,34.28725928652825,57.14543214421375,-91.432691430742,11.42908642884275,45.716345715371
132.4,91.31436748782374,136.97155123173562,68.48577561586781,22.828591871955936,-45.65718374391187,4.565718374391188,182.6287349756475,-22.828591871955936,114.14295935977968,34.242887807933904,57.07147967988984,-91.31436748782374,11.414295935977968,45.65718374391187
132.5,91.19834967390416,136.79752451085625,68.39876225542812,22.79958741847604,-45.59917483695208,4.559917483695208,182.39669934780832,-22.79958741847604,113.9979370923802,34.19938112771406,56.9989685461901,-91.19834967390416,11.39979370923802,45.59917483695208
132.6,91.08445018860066,136.62667528290098,68.31333764145049,22.771112547150164,-45.54222509430033,4.554222509430033,182.1689003772013,-22.771112547150164,113.85556273575082,34.156668820725244,56.92778136787541,-91.08445018860066,11.385556273575082,45.54222509430033
132.70000000000002,90.97253393546039,136.4588009031906,68.2294004515953,22.743133483865098,-45.486266967730195,4.548626696773019,181.94506787092078,-22.743133483865098,113.71566741932548,34.11470022579765,56.85783370966274,-90.97253393546039,11.371566741932549,45.486266967730195
132.8,90.86249853998514,136.2937478099777,68.14687390498885,22.715624634996285,-45.43124926999257,4.5431249269992575,181.72499707997028,-22.715624634996285,113.57812317498143,34.073436952494426,56.789061587490714,-90.86249853998514,11.357812317498142,45.43124926999257
132.9,90.75427663987172,136.13141495980759,68.06570747990379,22.68856915996793,-45.37713831993586,4.537713831993586,181.50855327974344,-22.68856915996793,113.44284579983965,34.032853739951896,56.72142289991982,-90.75427663987172,11.344284579983965,45.37713831993586
133.0,90.64780957497985,135.97171436246975,67.98585718123488,22.66195239374496,-45.32390478748992,4.532390478748993,181.2956191499597,-22.66195239374496,113.30976196872481,33.99292859061744,56.65488098436241,-90.64780957497985,11.33097619687248,45.32390478748992
133.1,90.54307628850825,135.81461443276237,67.90730721638118,22.63576907212706,-45.27153814425412,4.527153814425413,181.0861525770165,-22.63576907212706,113.17884536063531,33.95365360819059,56.589422680317654,-90.54307628850825,11.31788453606353,45.27153814425412
133.20000000000002,90.44003498610235,135.66005247915353,67.83002623957677,22.610008746525587,-45.220017493051174,4.522001749305118,180.8800699722047,-22.610008746525587,113.05004373262793,33.915013119788384,56.52502186631396,-90.44003498610235,11.305004373262793,45.220017493051174
133.3,90.3386405873252,135.5079608809878,67.7539804404939,22.5846601468313,-45.1693202936626,4.51693202936626,180.6772811746504,-22.5846601468313,112.9233007341565,33.87699022024695,56.46165036707825,-90.3386405873252,11.29233007341565,45.1693202936626
133.4,90.238855892687,135.3582838390305,67.67914191951525,22.55971397317175,-45.1194279463435,4.51194279463435,180.477711785374,-22.55971397317175,112.79856986585875,33.83957095975762,56.399284932929376,-90.238855892687,11.279856986585875,45.1194279463435
133.5,90.14074745367056,135.21112118050584,67.60556059025292,22.53518686341764,-45.07037372683528,4.507037372683528,180.2814949073411,-22.53518686341764,112.67593431708819,33.80278029512646,56.337967158544096,-90.14074745367056,11.26759343170882,45.07037372683528
133.6,90.0443866137812,135.0665799206718,67.5332899603359,22.5110966534453,-45.0221933068906,4.50221933068906,180.0887732275624,-22.5110966534453,112.55548326722649,33.76664498016795,56.277741633613246,-90.0443866137812,11.25554832672265,45.0221933068906
133.70000000000002,89.94982980018705,134.92474470028057,67.46237235014028,22.48745745004676,-44.97491490009352,4.497491490009352,179.8996596003741,-22.48745745004676,112.43728725023381,33.73118617507014,56.218643625116904,-89.94982980018705,11.24372872502338,44.97491490009352
133.8,89.85711875148529,134.78567812722792,67.39283906361396,22.464279687871322,-44.928559375742644,4.492855937574265,179.71423750297058,-22.464279687871322,112.32139843935661,33.69641953180698,56.16069921967831,-89.85711875148529,11.232139843935661,44.928559375742644
133.9,89.76623732135045,134.64935598202567,67.32467799101283,22.44155933033761,-44.88311866067522,4.488311866067522,179.5324746427009,-22.44155933033761,112.20779665168806,33.66233899550642,56.10389832584403,-89.76623732135045,11.220779665168806,44.88311866067522
134.0,89.67711193921065,134.51566790881597,67.25783395440799,22.41927798480266,-44.83855596960532,4.483855596960533,179.3542238784213,-22.41927798480266,112.09638992401331,33.62891697720399,56.048194962006654,-89.67711193921065,11.20963899240133,44.83855596960532
134.1,89.5896738790618,134.3845108185927,67.19225540929635,22.39741846976545,-44.7948369395309,4.479483693953091,179.1793477581236,-22.39741846976545,111.98709234882726,33.596127704648175,55.99354617441363,-89.5896738790618,11.198709234882726,44.7948369395309
134.20000000000002,89.50387014662905,134.25580521994357,67.12790260997178,22.375967536657264,-44.75193507331453,4.475193507331453,179.0077402932581,-22.375967536657264,111.87983768328633,33.56395130498589,55.93991884164316,-89.50387014662905,11.187983768328632,44.75193507331453
134.3,89.41964427165868,134.12946640748802,67.06473320374401,22.35491106791467,-44.70982213582934,4.470982213582935,178.83928854331737,-22.35491106791467,111.77455533957335,33.532366601872006,55.88727766978668,-89.41964427165868,11.177455533957335,44.70982213582934
134.4,89.33692852686806,134.0053927903021,67.00269639515105,22.334232131717016,-44.66846426343403,4.466846426343404,178.67385705373613,-22.334232131717016,111.67116065858508,33.501348197575524,55.83558032929254,-89.33692852686806,11.167116065858508,44.66846426343403
134.5,89.2556481316112,133.88347219741678,66.94173609870839,22.3139120329028,-44.6278240658056,4.46278240658056,178.5112962632224,-22.3139120329028,111.569560164514,33.470868049354195,55.784780082257,-89.2556481316112,11.1569560164514,44.6278240658056
134.6,89.17571509756365,133.7635726463455,66.88178632317275,22.293928774390913,-44.58785754878183,4.458785754878183,178.3514301951273,-22.293928774390913,111.46964387195456,33.440893161586374,55.73482193597728,-89.17571509756365,11.146964387195457,44.58785754878183
134.70000000000002,89.09702150613481,133.6455322592022,66.8227661296011,22.274255376533702,-44.548510753067404,4.454851075306741,178.19404301226962,-22.274255376533702,111.37127688266851,33.41138306480055,55.685638441334255,-89.09702150613481,11.137127688266851,44.548510753067404
134.8,89.01941479084431,133.52912218626648,66.76456109313324,22.254853697711077,-44.509707395422154,4.450970739542216,178.03882958168862,-22.254853697711077,111.27426848855538,33.38228054656662,55.63713424427769,-89.01941479084431,11.127426848855539,44.509707395422154
134.9,88.94277117379305,133.41415676068956,66.70707838034478,22.235692793448262,-44.471385586896524,4.447138558689653,177.8855423475861,-22.235692793448262,111.17846396724131,33.35353919017239,55.58923198362066,-88.94277117379305,11.117846396724131,44.471385586896524
135.0,88.86705700153766,133.3005855023065,66.65029275115324,22.216764250384415,-44.43352850076883,4.4433528500768835,177.73411400307532,-22.216764250384415,111.08382125192207,33.32514637557662,55.54191062596104,-88.86705700153766,11.108382125192207,44.43352850076883
135.1,88.79227929603387,133.1884189440508,66.5942094720254,22.198069824008467,-44.396139648016934,4.439613964801693,177.58455859206774,-22.198069824008467,110.99034912004234,33.2971047360127,55.49517456002117,-88.79227929603387,11.099034912004234,44.396139648016934
135.20000000000002,88.71843190050517,133.07764785075776,66.53882392537888,22.17960797512629,-44.35921595025258,4.435921595025259,177.43686380101033,-22.17960797512629,110.89803987563145,33.26941196268944,55.44901993781573,-88.71843190050517,11.089803987563146,44.35921595025258
135.3,88.64549074959957,132.96823612439937,66.48411806219968,22.161372687399894,-44.32274537479979,4.432274537479979,177.29098149919915,-22.161372687399894,110.80686343699946,33.24205903109984,55.40343171849973,-88.64549074959957,11.080686343699947,44.32274537479979
135.4,88.57345367323285,132.86018050984927,66.43009025492464,22.143363418308212,-44.286726836616424,4.428672683661643,177.1469073464657,-22.143363418308212,110.71681709154106,33.21504512746232,55.35840854577053,-88.57345367323285,11.071681709154106,44.286726836616424
135.5,88.50234303694242,132.75351455541363,66.37675727770682,22.125585759235605,-44.25117151847121,4.425117151847121,177.00468607388484,-22.125585759235605,110.62792879617803,33.18837863885341,55.31396439808901,-88.50234303694242,11.062792879617803,44.25117151847121
135.6,88.43218896881719,132.6482834532258,66.3241417266129,22.108047242204297,-44.21609448440859,4.42160944844086,176.86437793763437,-22.108047242204297,110.54023621102148,33.16207086330645,55.27011810551074,-88.43218896881719,11.054023621102148,44.21609448440859
135.70000000000002,88.36307154559276,132.54460731838913,66.27230365919456,22.09076788639819,-44.18153577279638,4.4181535772796385,176.72614309118552,-22.09076788639819,110.45383943199096,33.13615182959728,55.22691971599548,-88.36307154559276,11.045383943199095,44.18153577279638
135.8,88.29510296707592,132.44265445061387,66.22132722530694,22.07377574176898,-44.14755148353796,4.414755148353796,176.59020593415184,-22.07377574176898,110.3688787088449,33.11066361265347,55.18443935442245,-88.29510296707592,11.03688787088449,44.14755148353796
135.9,88.22840128125772,132.34260192188657,66.17130096094328,22.05710032031443,-44.11420064062886,4.411420064062886,176.45680256251543,-22.05710032031443,110.28550160157215,33.08565048047164,55.142750800786075,-88.22840128125772,11.028550160157215,44.11420064062886
136.0,88.16303927263311,132.24455890894967,66.12227945447484,22.04075981815828,-44.08151963631656,4.4081519636316555,176.32607854526623,-22.04075981815828,110.20379909079139,33.06113972723742,55.101899545395696,-88.16303927263311,11.02037990907914,44.08151963631656
136.1,88.09908854309579,132.1486328146437,66.07431640732185,22.024772135773947,-44.049544271547894,4.40495442715479,176.19817708619158,-22.024772135773947,110.12386067886973,33.03715820366092,55.061930339434866,-88.09908854309579,11.012386067886974,44.049544271547894
136.20000000000002,88.03668171315903,132.05502256973853,66.02751128486926,22.009170428289757,-44.01834085657951,4.401834085657952,176.07336342631805,-22.009170428289757,110.04585214144879,33.01375564243463,55.022926070724395,-88.03668171315903,11.004585214144878,44.01834085657951
136.3,87.97591587288086,131.96387380932129,65.98193690466064,21.993978968220215,-43.98795793644043,4.398795793644044,175.95183174576172,-21.993978968220215,109.96989484110108,32.99096845233032,54.98494742055054,-87.97591587288086,10.996989484110108,43.98795793644043
136.4,87.91684842787699,131.87527264181549,65.93763632090774,21.979212106969246,-43.95842421393849,4.39584242139385,175.83369685575397,-21.979212106969246,109.89606053484623,32.96881816045387,54.948030267423114,-87.91684842787699,10.989606053484623,43.95842421393849
136.5,87.85956786140784,131.78935179211174,65.89467589605587,21.96489196535196,-43.92978393070392,4.3929783930703925,175.71913572281568,-21.96489196535196,109.8244598267598,32.947337948027936,54.9122299133799,-87.85956786140784,10.98244598267598,43.92978393070392
136.6,87.80418388966672,131.70627583450008,65.85313791725004,21.95104597241668,-43.90209194483336,4.390209194483336,175.60836777933343,-21.95104597241668,109.7552298620834,32.92656895862502,54.8776149310417,-87.80418388966672,10.97552298620834,43.90209194483336
136.70000000000002,87.75072551477163,131.62608827215746,65.81304413607873,21.937681378692908,-43.875362757385815,4.387536275738582,175.50145102954326,-21.937681378692908,109.68840689346453,32.906522068039365,54.844203446732266,-87.75072551477163,10.968840689346454,43.875362757385815
136.8,87.69920049900104,131.54880074850155,65.77440037425077,21.92480012475026,-43.84960024950052,4.384960024950052,175.39840099800207,-21.92480012475026,109.6240006237513,32.88720018712539,54.81200031187565,-87.69920049900104,10.96240006237513,43.84960024950052
136.9,87.6496028882767,131.47440433241505,65.73720216620752,21.912400722069176,-43.82480144413835,4.382480144413836,175.2992057765534,-21.912400722069176,109.56200361034588,32.86860108310376,54.78100180517294,-87.6496028882767,10.956200361034588,43.82480144413835
137.0,87.60189497365755,131.40284246048634,65.70142123024317,21.900473743414388,-43.800947486828775,4.380094748682878,175.2037899473151,-21.900473743414388,109.50236871707193,32.850710615121585,54.751184358535966,-87.60189497365755,10.950236871707194,43.800947486828775
137.1,87.55604748954674,131.3340712343201,65.66703561716005,21.889011872386686,-43.77802374477337,4.377802374477337,175.11209497909348,-21.889011872386686,109.44505936193343,32.83351780858003,54.722529680966716,-87.55604748954674,10.944505936193343,43.77802374477337
137.20000000000002,87.51207744313179,131.2681161646977,65.63405808234884,21.878019360782947,-43.75603872156589,4.3756038721565895,175.02415488626357,-21.878019360782947,109.39009680391473,32.81702904117442,54.695048401957365,-87.51207744313179,10.939009680391473,43.75603872156589
137.3,87.47004105815711,131.20506158723566,65.60253079361783,21.867510264539277,-43.735020529078554,4.373502052907855,174.94008211631422,-21.867510264539277,109.33755132269638,32.801265396808915,54.66877566134819,-87.47004105815711,10.933755132269638,43.735020529078554
137.4,87.43001262728725,131.14501894093087,65.57250947046543,21.857503156821814,-43.71500631364363,4.371500631364363,174.8600252545745,-21.857503156821814,109.28751578410908,32.78625473523272,54.64375789205454,-87.43001262728725,10.928751578410907,43.71500631364363
137.5,87.39204119768571,131.08806179652856,65.54403089826428,21.84801029942143,-43.69602059884286,4.3696020598842855,174.78408239537143,-21.84801029942143,109.24005149710715,32.77201544913214,54.62002574855357,-87.39204119768571,10.924005149710714,43.69602059884286
137.6,87.35606468167565,131.03409702251346,65.51704851125673,21.839016170418912,-43.678032340837824,4.367803234083783,174.7121293633513,-21.839016170418912,109.19508085209456,32.758524255628366,54.59754042604728,-87.35606468167565,10.919508085209456,43.678032340837824
137.70000000000002,87.32199816879137,130.98299725318705,65.49149862659353,21.830499542197842,-43.660999084395684,4.366099908439568,174.64399633758273,-21.830499542197842,109.15249771098921,32.74574931329676,54.576248855494605,-87.32199816879137,10.915249771098921,43.660999084395684
137.8,87.2897822741176,130.9346734111764,65.4673367055882,21.8224455685294,-43.6448911370588,4.36448911370588,174.5795645482352,-21.8224455685294,109.112227842647,32.7336683527941,54.5561139213235,-87.2897822741176,10.9112227842647,43.6448911370588
137.9,87.2593629947764,130.8890444921646,65.4445222460823,21.8148407486941,-43.6296814973882,4.36296814973882,174.5187259895528,-21.8148407486941,109.07420374347049,32.72226112304115,54.537101871735246,-87.2593629947764,10.90742037434705,43.6296814973882
138.0,87.23065060916915,130.8459759137537,65.42298795687685,21.807662652292287,-43.61532530458457,4.361532530458457,174.4613012183383,-21.807662652292287,109.03831326146144,32.711493978438426,54.51915663073072,-87.23065060916915,10.903831326146143,43.61532530458457
138.1,87.2035549093515,130.80533236402724,65.40266618201362,21.800888727337874,-43.60177745467575,4.360177745467575,174.407109818703,-21.800888727337874,109.00444363668937,32.70133309100681,54.50222181834469,-87.2035549093515,10.900444363668937,43.60177745467575
138.20000000000002,87.1779835133897,130.76697527008457,65.38348763504229,21.794495878347426,-43.58899175669485,4.358899175669485,174.3559670267794,-21.794495878347426,108.97247939173712,32.69174381752114,54.48623969586856,-87.1779835133897,10.897247939173713,43.58899175669485
138.3,87.15382088598899,130.7307313289835,65.36536566449175,21.788455221497248,-43.576910442994496,4.357691044299449,174.30764177197798,-21.788455221497248,108.94227610748624,32.682682832245874,54.47113805374312,-87.15382088598899,10.894227610748624,43.576910442994496
138.4,87.13096672879288,130.69645009318933,65.34822504659466,21.78274168219822,-43.56548336439644,4.356548336439644,174.26193345758577,-21.78274168219822,108.9137084109911,32.67411252329733,54.45685420549555,-87.13096672879288,10.89137084109911,43.56548336439644
138.5,87.10927356430294,130.6639103464544,65.3319551732272,21.777318391075735,-43.55463678215147,4.3554636782151475,174.21854712860588,-21.777318391075735,108.88659195537868,32.6659775866136,54.44329597768934,-87.10927356430294,10.888659195537867,43.55463678215147
138.6,87.0885555671362,130.6328333507043,65.31641667535214,21.77213889178405,-43.5442777835681,4.35442777835681,174.1771111342724,-21.77213889178405,108.86069445892025,32.65820833767607,54.430347229460125,-87.0885555671362,10.886069445892025,43.5442777835681
138.70000000000002,87.0686545330419,130.60298179956283,65.30149089978141,21.767163633260473,-43.53432726652095,4.353432726652095,174.1373090660838,-21.767163633260473,108.83581816630237,32.65074544989071,54.41790908315119,-87.0686545330419,10.883581816630237,43.53432726652095
138.8,87.04946979661607,130.5742046949241,65.28710234746205,21.762367449154016,-43.52473489830803,4.352473489830803,174.09893959323213,-21.762367449154016,108.81183724577008,32.643551173731026,54.40591862288504,-87.04946979661607,10.881183724577008,43.52473489830803
138.9,87.03091709102097,130.54637563653145,65.27318781826573,21.757729272755242,-43.515458545510484,4.351545854551048,174.06183418204193,-21.757729272755242,108.78864636377621,32.63659390913286,54.394323181888105,-87.03091709102097,10.878864636377621,43.515458545510484
139.0,87.0128638024284,130.5192957036426,65.2596478518213,21.7532159506071,-43.5064319012142,4.35064319012142,174.0257276048568,-21.7532159506071,108.7660797530355,32.62982392591065,54.38303987651775,-87.0128638024284,10.87660797530355,43.5064319012142
139.1,86.99514008210366,130.4927101231555,65.24635506157775,21.748785020525915,-43.49757004105183,4.349757004105183,173.99028016420732,-21.748785020525915,108.74392510262958,32.62317753078887,54.37196255131479,-86.99514008210366,10.874392510262958,43.49757004105183
139.20000000000002,86.97763766629909,130.46645649944864,65.23322824972432,21.744409416574772,-43.488818833149544,4.348881883314955,173.95527533259818,-21.744409416574772,108.72204708287386,32.61661412486216,54.36102354143693,-86.97763766629909,10.872204708287386,43.488818833149544
139.3,86.96034592426393,130.4405188863959,65.22025944319795,21.740086481065983,-43.48017296213197,4.348017296213197,173.92069184852787,-21.740086481065983,108.70043240532992,32.61012972159897,54.35021620266496,-86.96034592426393,10.870043240532992,43.48017296213197
139.4,86.943366239495,130.41504935924252,65.20752467962126,21.73584155987375,-43.4716831197475,4.347168311974751,173.88673247899,-21.73584155987375,108.67920779936875,32.60376233981063,54.33960389968438,-86.943366239495,10.867920779936876,43.4716831197475
139.5,86.92678226871098,130.39017340306646,65.19508670153323,21.731695567177745,-43.46339113435549,4.346339113435549,173.85356453742196,-21.731695567177745,108.65847783588873,32.597543350766614,54.329238917944366,-86.92678226871098,10.865847783588872,43.46339113435549
139.6,86.9106370598248,130.36595558973718,65.18297779486859,21.7276592649562,-43.4553185299124,4.34553185299124,173.8212741196496,-21.7276592649562,108.638296324781,32.591488897434296,54.3191481623905,-86.9106370598248,10.8638296324781,43.4553185299124
139.70000000000002,86.89499766305028,130.3424964945754,65.1712482472877,21.72374941576257,-43.44749883152514,4.344749883152514,173.78999532610055,-21.72374941576257,108.61874707881285,32.58562412364385,54.30937353940642,-86.89499766305028,10.861874707881285,43.44749883152514
139.8,86.879907849654,130.319861774481,65.1599308872405,21.7199769624135,-43.439953924827,4.3439953924827,173.759815699308,-21.7199769624135,108.5998848120675,32.57996544362025,54.29994240603375,-86.879907849654,10.85998848120675,43.439953924827
139.9,86.86539237029957,130.29808855544937,65.14904427772468,21.716348092574894,-43.43269618514979,4.343269618514979,173.73078474059915,-21.716348092574894,108.58174046287446,32.57452213886234,54.29087023143723,-86.86539237029957,10.858174046287447,43.43269618514979
140.0,86.85154079113867,130.277311186708,65.138655593354,21.71288519778467,-43.42577039556934,4.342577039556934,173.70308158227735,-21.71288519778467,108.56442598892335,32.569327796677,54.28221299446167,-86.85154079113867,10.856442598892334,43.42577039556934
140.1,86.83851338211068,130.257770073166,65.128885036583,21.70962834552767,-43.41925669105534,4.341925669105534,173.67702676422135,-21.70962834552767,108.54814172763835,32.5644425182915,54.274070863819176,-86.83851338211068,10.854814172763835,43.41925669105534
140.20000000000002,86.82644784299471,130.23967176449207,65.11983588224604,21.706611960748678,-43.413223921497355,4.341322392149736,173.65289568598942,-21.706611960748678,108.53305980374338,32.55991794112302,54.26652990187169,-86.82644784299471,10.853305980374339,43.413223921497355
140.3,86.81538282046583,130.22307423069873,65.11153711534936,21.703845705116457,-43.407691410232914,4.340769141023292,173.63076564093166,-21.703845705116457,108.51922852558229,32.55576855767468,54.259614262791146,-86.81538282046583,10.851922852558229,43.407691410232914
140.4,86.8052786673634,130.2079180010451,65.10395900052255,21.70131966684085,-43.4026393336817,4.34026393336817,173.6105573347268,-21.70131966684085,108.50659833420424,32.551979500261275,54.25329916710212,-86.8052786673634,10.850659833420425,43.4026393336817
140.5,86.79612401655775,130.19418602483663,65.09709301241831,21.69903100413944,-43.39806200827888,4.339806200827888,173.5922480331155,-21.69903100413944,108.4951550206972,32.548546506209156,54.2475775103486,-86.79612401655775,10.84951550206972,43.39806200827888
140.6,86.78792811888349,130.18189217832523,65.09094608916261,21.69698202972087,-43.39396405944174,4.339396405944174,173.57585623776697,-21.69698202972087,108.48491014860436,32.54547304458131,54.24245507430218,-86.78792811888349,10.848491014860436,43.39396405944174
140.70000000000002,86.78075747255963,130.17113620883944,65.08556810441972,21.695189368139907,-43.390378736279814,4.339037873627982,173.56151494511926,-21.695189368139907,108.47594684069954,32.54278405220986,54.23797342034977,-86.78075747255963,10.847594684069954,43.390378736279814
140.8,86.7746843047304,130.1620264570956,65.0810132285478,21.6936710761826,-43.3873421523652,4.33873421523652,173.5493686094608,-21.6936710761826,108.468355380913,32.5405066142739,54.2341776904565,-86.7746843047304,10.8468355380913,43.3873421523652
140.9,86.76974518406386,130.1546177760958,65.0773088880479,21.692436296015966,-43.38487259203193,4.338487259203194,173.53949036812773,-21.692436296015966,108.46218148007983,32.53865444402395,54.23109074003992,-86.76974518406386,10.846218148007983,43.38487259203193
141.0,86.76588890749521,130.14883336124282,65.07441668062141,21.691472226873802,-43.382944453747605,4.3382944453747605,173.53177781499042,-21.691472226873802,108.45736113436901,32.537208340310706,54.228680567184504,-86.76588890749521,10.845736113436901,43.382944453747605
141.1,86.76304861091916,130.14457291637873,65.07228645818937,21.69076215272979,-43.38152430545958,4.338152430545958,173.5260972218383,-21.69076215272979,108.45381076364895,32.536143229094684,54.22690538182447,-86.76304861091916,10.845381076364895,43.38152430545958
141.20000000000002,86.76115903630982,130.14173855446472,65.07086927723236,21.690289759077455,-43.38057951815491,4.338057951815491,173.52231807261964,-21.690289759077455,108.45144879538728,32.53543463861618,54.22572439769364,-86.76115903630982,10.845144879538728,43.38057951815491
141.3,86.760196376973,130.1402945654595,65.07014728272975,21.69004909424325,-43.3800981884865,4.33800981884865,173.520392753946,-21.69004909424325,108.45024547121625,32.535073641364875,54.225122735608124,-86.760196376973,10.845024547121625,43.3800981884865
141.4,86.76013637941938,130.14020456912908,65.07010228456454,21.690034094854845,-43.38006818970969,4.338006818970969,173.52027275883876,-21.690034094854845,108.45017047427422,32.53505114228227,54.22508523713711,-86.76013637941938,10.845017047427422,43.38006818970969
141.5,86.76095228744968,130.14142843117452,65.07071421558726,21.69023807186242,-43.38047614372484,4.338047614372484,173.52190457489937,-21.69023807186242,108.45119035931211,32.53535710779363,54.225595179656054,-86.76095228744968,10.84511903593121,43.38047614372484
141.6,86.76254405204531,130.14381607806797,65.07190803903399,21.69063601301133,-43.38127202602266,4.338127202602266,173.52508810409063,-21.69063601301133,108.45318006505664,32.53595401951699,54.22659003252832,-86.76254405204531,10.845318006505664,43.38127202602266
141.70000000000002,86.76476966647819,130.1471544997173,65.07357724985864,21.691192416619547,-43.382384833239094,4.338238483323909,173.52953933295638,-21.691192416619547,108.45596208309773,32.53678862492932,54.227981041548865,-86.76476966647819,10.845596208309773,43.382384833239094
141.8,86.7675516776733,130.15132751650995,65.07566375825498,21.691887919418324,-43.38377583883665,4.338377583883665,173.5351033553466,-21.691887919418324,108.45943959709162,32.53783187912749,54.22971979854581,-86.7675516776733,10.845943959709162,43.38377583883665
141.9,86.77077964797685,130.15616947196528,65.07808473598264,21.692694911994213,-43.385389823988426,4.338538982398843,173.5415592959537,-21.692694911994213,108.46347455997106,32.53904236799132,54.23173727998553,-86.77077964797685,10.846347455997106,43.385389823988426
142.0,86.77431639733135,130.16147459599702,65.08073729799851,21.693579099332837,-43.387158198665674,4.338715819866567,173.5486327946627,-21.693579099332837,108.46789549666418,32.540368648999255,54.23394774833209,-86.77431639733135,10.846789549666418,43.387158198665674
142.1,86.77800503080427,130.1670075462064,65.0835037731032,21.694501257701067,-43.38900251540213,4.338900251540213,173.55601006160853,-21.694501257701067,108.47250628850533,32.5417518865516,54.236253144252665,-86.77800503080427,10.847250628850533,43.38900251540213
142.20000000000002,86.78172709957514,130.1725906493627,65.08629532468134,21.695431774893784,-43.39086354978757,4.339086354978757,173.56345419915027,-21.695431774893784,108.47715887446893,32.54314766234067,54.23857943723446,-86.78172709957514,10.847715887446892,43.39086354978757
142.3,86.78542270279043,130.17813405418565,65.08906702709282,21.696355675697607,-43.392711351395214,4.339271135139522,173.57084540558085,-21.696355675697607,108.48177837848803,32.54453351354641,54.240889189244015,-86.78542270279043,10.848177837848803,43.392711351395214
142.4,86.78901066532663,130.18351599798996,65.09175799899498,21.697252666331657,-43.394505332663314,4.339450533266332,173.57802133065326,-21.697252666331657,108.48626333165828,32.54587899949749,54.24313166582914,-86.78901066532663,10.848626333165829,43.394505332663314
142.5,86.79239302078997,130.18858953118496,65.09429476559248,21.698098255197493,-43.39619651039499,4.339619651039499,173.58478604157995,-21.698098255197493,108.49049127598747,32.54714738279624,54.24524563799373,-86.79239302078997,10.849049127598747,43.39619651039499
142.6,86.79547915981767,130.19321873972652,65.09660936986326,21.69886978995442,-43.39773957990884,4.339773957990884,173.59095831963535,-21.69886978995442,108.49434894977209,32.54830468493163,54.247174474886044,-86.79547915981767,10.84943489497721,43.39773957990884
142.70000000000002,86.79813265013205,130.19719897519806,65.09859948759903,21.69953316253301,-43.39906632506602,4.339906632506603,173.5962653002641,-21.69953316253301,108.49766581266506,32.549299743799516,54.24883290633253,-86.79813265013205,10.849766581266506,43.39906632506602
142.8,86.80032773144052,130.20049159716078,65.10024579858039,21.70008193286013,-43.40016386572026,4.340016386572026,173.60065546288104,-21.70008193286013,108.50040966430065,32.550122899290194,54.250204832150324,-86.80032773144052,10.850040966430065,43.40016386572026
142.9,86.80208733430996,130.20313100146495,65.10156550073248,21.70052183357749,-43.40104366715498,4.340104366715498,173.60417466861992,-21.70052183357749,108.50260916788744,32.55078275036624,54.25130458394372,-86.80208733430996,10.850260916788745,43.40104366715498
143.0,86.8034843154004,130.2052264731006,65.1026132365503,21.7008710788501,-43.4017421577002,4.34017421577002,173.6069686308008,-21.7008710788501,108.5043553942505,32.55130661827515,54.25217769712525,-86.8034843154004,10.85043553942505,43.4017421577002
143.1,86.80462601122412,130.20693901683617,65.10346950841809,21.70115650280603,-43.40231300561206,4.340231300561206,173.60925202244823,-21.70115650280603,108.50578251403014,32.55173475420904,54.25289125701507,-86.80462601122412,10.850578251403014,43.40231300561206
143.20000000000002,86.80559984770244,130.20839977155367,65.10419988577684,21.70139996192561,-43.40279992385122,4.340279992385122,173.61119969540488,-21.70139996192561,108.50699980962804,32.55209994288842,54.25349990481402,-86.80559984770244,10.850699980962805,43.40279992385122
143.3,86.80645835953507,130.2096875393026,65.1048437696513,21.701614589883768,-43.403229179767536,4.340322917976754,173.61291671907014,-21.701614589883768,108.50807294941885,32.55242188482565,54.25403647470942,-86.80645835953507,10.850807294941884,43.403229179767536
143.4,86.8073088424384,130.21096326365762,65.10548163182881,21.7018272106096,-43.4036544212192,4.340365442121921,173.6146176848768,-21.7018272106096,108.509136053048,32.552740815914404,54.254568026524,-86.8073088424384,10.8509136053048,43.4036544212192
143.5,86.8082749286856,130.21241239302842,65.10620619651421,21.7020687321714,-43.4041374643428,4.3404137464342805,173.6165498573712,-21.7020687321714,108.510343660857,32.553103098257104,54.2551718304285,-86.8082749286856,10.8510343660857,43.4041374643428
143.6,86.8094774334684,130.21421615020262,65.10710807510131,21.7023693583671,-43.4047387167342,4.34047387167342,173.6189548669368,-21.7023693583671,108.5118467918355,32.553554037550654,54.25592339591775,-86.8094774334684,10.85118467918355,43.4047387167342
143.70000000000002,86.81106624959399,130.216599374391,65.1082996871955,21.702766562398498,-43.405533124796996,4.3405533124797,173.62213249918798,-21.702766562398498,108.51383281199249,32.55414984359775,54.25691640599624,-86.81106624959399,10.851383281199249,43.405533124796996
143.8,86.8131397087131,130.21970956306964,65.10985478153482,21.703284927178274,-43.40656985435655,4.340656985435655,173.6262794174262,-21.703284927178274,108.51642463589137,32.55492739076741,54.258212317945684,-86.8131397087131,10.851642463589137,43.40656985435655
143.9,86.81571187707502,130.2235678156125,65.11178390780626,21.703927969268754,-43.40785593853751,4.340785593853751,173.63142375415003,-21.703927969268754,108.51963984634378,32.55589195390313,54.25981992317189,-86.81571187707502,10.851963984634377,43.40785593853751
144.0,86.81871358254554,130.2280703738183,65.11403518690915,21.704678395636385,-43.40935679127277,4.340935679127277,173.63742716509108,-21.704678395636385,108.52339197818193,32.557017593454574,54.26169598909097,-86.81871358254554,10.852339197818193,43.40935679127277
144.1,86.82211900112667,130.23317850169,65.116589250845,21.705529750281666,-43.41105950056333,4.341105950056334,173.64423800225333,-21.705529750281666,108.52764875140834,32.5582946254225,54.26382437570417,-86.82211900112667,10.852764875140833,43.41105950056333
144.20000000000002,86.82594037135233,130.2389105570285,65.11945527851425,21.706485092838083,-43.412970185676166,4.341297018567617,173.65188074270466,-21.706485092838083,108.53242546419041,32.559727639257126,54.266212732095205,-86.82594037135233,10.853242546419041,43.412970185676166
144.3,86.83019555144013,130.2452933271602,65.1226466635801,21.707548887860032,-43.415097775720064,4.341509777572006,173.66039110288025,-21.707548887860032,108.53774443930016,32.56132333179005,54.26887221965008,-86.83019555144013,10.853774443930016,43.415097775720064
144.4,86.83494226271709,130.25241339407563,65.12620669703782,21.708735565679273,-43.417471131358546,4.341747113135855,173.66988452543418,-21.708735565679273,108.54367782839637,32.56310334851891,54.271838914198185,-86.83494226271709,10.854367782839637,43.417471131358546
144.5,86.84022956599941,130.26034434899913,65.13017217449956,21.710057391499852,-43.420114782999704,4.342011478299971,173.68045913199882,-21.710057391499852,108.55028695749925,32.56508608724978,54.27514347874963,-86.84022956599941,10.855028695749926,43.420114782999704
144.6,86.84607890016947,130.26911835025422,65.13455917512711,21.71151972504237,-43.42303945008474,4.3423039450084735,173.69215780033895,-21.71151972504237,108.55759862521184,32.567279587563554,54.27879931260592,-86.84607890016947,10.855759862521184,43.42303945008474
144.70000000000002,86.85254948800075,130.2788242320011,65.13941211600056,21.713137372000187,-43.426274744000374,4.342627474400038,173.7050989760015,-21.713137372000187,108.56568686000094,32.56970605800028,54.28284343000047,-86.85254948800075,10.856568686000093,43.426274744000374
144.8,86.85971627971617,130.28957441957425,65.14478720978713,21.714929069929042,-43.429858139858084,4.342985813985808,173.71943255943233,-21.714929069929042,108.57464534964521,32.57239360489356,54.287322674822605,-86.85971627971617,10.857464534964521,43.429858139858084
144.9,86.86768368838526,130.3015255325779,65.15076276628895,21.716920922096314,-43.43384184419263,4.343384184419263,173.7353673767705,-21.716920922096314,108.58460461048156,32.575381383144475,54.29230230524078,-86.86768368838526,10.858460461048157,43.43384184419263
145.0,86.87658662500597,130.31487993750895,65.15743996875447,21.719146656251493,-43.438293312502985,4.343829331250299,173.75317325001194,-21.719146656251493,108.59573328125747,32.57871998437724,54.29786664062873,-86.87658662500597,10.859573328125746,43.438293312502985
145.1,86.88658237260518,130.32987355890776,65.16493677945388,21.721645593151294,-43.44329118630259,4.344329118630259,173.77316474521035,-21.721645593151294,108.60822796575647,32.58246838972694,54.304113982878235,-86.88658237260518,10.860822796575647,43.44329118630259
145.20000000000002,86.89773040190435,130.34659560285652,65.17329780142826,21.72443260047609,-43.44886520095218,4.344886520095218,173.7954608038087,-21.72443260047609,108.62216300238045,32.58664890071413,54.31108150119022,-86.89773040190435,10.862216300238044,43.44886520095218
145.3,86.9101454936213,130.36521824043194,65.18260912021597,21.727536373405325,-43.45507274681065,4.345507274681065,173.8202909872426,-21.727536373405325,108.63768186702663,32.591304560107986,54.318840933513314,-86.9101454936213,10.863768186702663,43.45507274681065
145.4,86.92396531178099,130.38594796767148,65.19297398383574,21.730991327945247,-43.461982655890495,4.34619826558905,173.84793062356198,-21.730991327945247,108.65495663972624,32.59648699191787,54.32747831986312,-86.92396531178099,10.865495663972624,43.461982655890495
145.5,86.93934382430493,130.40901573645738,65.20450786822869,21.734835956076232,-43.469671912152464,4.3469671912152466,173.87868764860985,-21.734835956076232,108.67417978038117,32.602253934114344,54.33708989019058,-86.93934382430493,10.867417978038116,43.469671912152464
145.6,86.95646123666523,130.43469185499785,65.21734592749893,21.73911530916631,-43.47823061833262,4.347823061833262,173.91292247333047,-21.73911530916631,108.69557654583154,32.60867296374946,54.34778827291577,-86.95646123666523,10.869557654583154,43.47823061833262
145.70000000000002,86.97542221099822,130.46313331649733,65.23156665824867,21.743855552749555,-43.48771110549911,4.348771110549911,173.95084442199644,-21.743855552749555,108.71927776374777,32.61578332912433,54.359638881873884,-86.97542221099822,10.871927776374777,43.48771110549911
145.8,86.99626716639106,130.4944007495866,65.2472003747933,21.749066791597766,-43.49813358319553,4.349813358319554,173.99253433278213,-21.749066791597766,108.74533395798883,32.62360018739665,54.37266697899442,-86.99626716639106,10.874533395798883,43.49813358319553
145.9,87.01908125124075,130.5286218768611,65.26431093843055,21.754770312810187,-43.509540625620374,4.350954062562038,174.0381625024815,-21.754770312810187,108.77385156405094,32.63215546921528,54.38692578202547,-87.01908125124075,10.877385156405094,43.509540625620374
146.0,87.04403445183556,130.56605167775334,65.28302583887667,21.76100861295889,-43.52201722591778,4.352201722591778,174.08806890367111,-21.76100861295889,108.80504306479445,32.641512919438334,54.40252153239722,-87.04403445183556,10.880504306479445,43.52201722591778
146.1,87.07126929766629,130.60690394649944,65.30345197324972,21.767817324416573,-43.535634648833145,4.353563464883314,174.14253859533258,-21.767817324416573,108.83908662208286,32.65172598662486,54.41954331104143,-87.07126929766629,10.883908662208286,43.535634648833145
146.20000000000002,87.10088100187663,130.65132150281494,65.32566075140747,21.775220250469157,-43.550440500938315,4.355044050093832,174.20176200375326,-21.775220250469157,108.87610125234579,32.662830375703734,54.438050626172895,-87.10088100187663,10.887610125234579,43.550440500938315
146.3,87.13288553605935,130.69932830408902,65.34966415204451,21.783221384014837,-43.566442768029674,4.356644276802967,174.2657710721187,-21.783221384014837,108.91610692007418,32.674832076022255,54.45805346003709,-87.13288553605935,10.891610692007418,43.566442768029674
146.4,87.16721981276511,130.75082971914767,65.37541485957384,21.791804953191278,-43.583609906382556,4.358360990638256,174.33443962553022,-21.791804953191278,108.95902476595639,32.68770742978692,54.47951238297819,-87.16721981276511,10.895902476595639,43.583609906382556
146.5,87.20375437265227,130.8056315589784,65.4028157794892,21.800938593163067,-43.601877186326135,4.360187718632614,174.40750874530454,-21.800938593163067,109.00469296581534,32.7014078897446,54.50234648290767,-87.20375437265227,10.900469296581534,43.601877186326135
146.6,87.24230555916247,130.86345833874373,65.43172916937186,21.81057638979062,-43.62115277958124,4.362115277958124,174.48461111832495,-21.81057638979062,109.05288194895309,32.71586458468593,54.52644097447654,-87.24230555916247,10.90528819489531,43.62115277958124
146.70000000000002,87.28266129916307,130.9239919487446,65.4619959743723,21.820665324790767,-43.64133064958153,4.364133064958153,174.56532259832613,-21.820665324790767,109.10332662395383,32.73099798718615,54.55166331197692,-87.28266129916307,10.910332662395383,43.64133064958153
146.8,87.32459174536125,130.98688761804186,65.49344380902093,21.83114793634031,-43.66229587268062,4.366229587268062,174.6491834907225,-21.83114793634031,109.15573968170156,32.746721904510466,54.57786984085078,-87.32459174536125,10.915573968170156,43.66229587268062
146.9,87.36792390519291,131.05188585778936,65.52594292889468,21.841980976298228,-43.683961952596455,4.3683961952596455,174.73584781038582,-21.841980976298228,109.20990488149114,32.76297146444734,54.60495244074557,-87.36792390519291,10.920990488149114,43.683961952596455
147.0,87.41252840121942,131.1187926018291,65.55939630091456,21.853132100304855,-43.70626420060971,4.3706264200609715,174.82505680243884,-21.853132100304855,109.26566050152428,32.77969815045728,54.63283025076214,-87.41252840121942,10.926566050152427,43.70626420060971
147.1,87.45829543203234,131.18744314804852,65.59372157402426,21.864573858008086,-43.72914771601617,4.372914771601617,174.9165908640647,-21.864573858008086,109.32286929004043,32.79686078701213,54.661434645020215,-87.45829543203234,10.932286929004043,43.72914771601617
147.20000000000002,87.50504165300939,131.2575624795141,65.62878123975705,21.876260413252346,-43.75252082650469,4.375252082650469,175.01008330601877,-21.876260413252346,109.38130206626172,32.81439061987852,54.69065103313086,-87.50504165300939,10.938130206626173,43.75252082650469
147.3,87.55252819466763,131.32879229200145,65.66439614600073,21.888132048666908,-43.776264097333815,4.377626409733382,175.10505638933526,-21.888132048666908,109.44066024333453,32.83219807300036,54.72033012166727,-87.55252819466763,10.944066024333454,43.776264097333815
147.4,87.60051515782258,131.40077273673387,65.70038636836694,21.900128789455646,-43.80025757891129,4.380025757891129,175.20103031564517,-21.900128789455646,109.50064394727823,32.85019318418347,54.75032197363912,-87.60051515782258,10.950064394727823,43.80025757891129
147.5,87.64883492900229,131.47325239350343,65.73662619675171,21.912208732250573,-43.824417464501146,4.382441746450115,175.29766985800458,-21.912208732250573,109.56104366125287,32.86831309837586,54.780521830626434,-87.64883492900229,10.956104366125286,43.824417464501146
147.6,87.69741117834552,131.54611676751827,65.77305838375914,21.92435279458638,-43.84870558917276,4.384870558917276,175.39482235669104,-21.92435279458638,109.6217639729319,32.88652919187957,54.81088198646595,-87.69741117834552,10.96217639729319,43.84870558917276
147.70000000000002,87.74622709935933,131.619340649039,65.8096703245195,21.936556774839833,-43.873113549679665,4.3873113549679665,175.49245419871866,-21.936556774839833,109.68278387419916,32.90483516225975,54.84139193709958,-87.74622709935933,10.968278387419916,43.873113549679665
147.8,87.79530976745588,131.69296465118381,65.84648232559191,21.94882744186397,-43.89765488372794,4.389765488372794,175.59061953491175,-21.94882744186397,109.74413720931985,32.923241162795954,54.87206860465992,-87.79530976745588,10.974413720931985,43.89765488372794
147.9,87.84466789376033,131.7670018406405,65.88350092032024,21.961166973440083,-43.922333946880165,4.3922333946880165,175.68933578752066,-21.961166973440083,109.80583486720042,32.94175046016012,54.90291743360021,-87.84466789376033,10.980583486720041,43.922333946880165
148.0,87.8942796142347,131.84141942135204,65.92070971067602,21.973569903558676,-43.94713980711735,4.394713980711735,175.7885592284694,-21.973569903558676,109.86784951779339,32.96035485533801,54.933924758896694,-87.8942796142347,10.986784951779338,43.94713980711735
148.1,87.94412984267211,131.91619476400817,65.95809738200408,21.986032460668028,-43.972064921336056,4.397206492133606,175.88825968534422,-21.986032460668028,109.93016230334014,32.97904869100204,54.96508115167007,-87.94412984267211,10.993016230334014,43.972064921336056
148.20000000000002,87.99426768270042,131.99140152405064,65.99570076202532,21.998566920675106,-43.99713384135021,4.399713384135022,175.98853536540085,-21.998566920675106,109.99283460337553,32.99785038101266,54.996417301687764,-87.99426768270042,10.999283460337553,43.99713384135021
148.3,88.0447776928745,132.06716653931176,66.03358326965588,22.011194423218626,-44.02238884643725,4.402238884643725,176.089555385749,-22.011194423218626,110.05597211609313,33.01679163482794,55.027986058046565,-88.0447776928745,11.005597211609313,44.02238884643725
148.4,88.09574673386544,132.14362010079816,66.07181005039908,22.02393668346636,-44.04787336693272,4.404787336693272,176.19149346773088,-22.02393668346636,110.1196834173318,33.03590502519954,55.0598417086659,-88.09574673386544,11.01196834173318,44.04787336693272
148.5,88.14721580952914,132.22082371429372,66.11041185714686,22.036803952382286,-44.07360790476457,4.407360790476457,176.2944316190583,-22.036803952382286,110.18401976191143,33.05520592857343,55.092009880955715,-88.14721580952914,11.018401976191143,44.07360790476457
148.6,88.19919896531745,132.29879844797617,66.14939922398808,22.049799741329362,-44.099599482658725,4.409959948265873,176.3983979306349,-22.049799741329362,110.24899870664682,33.07469961199404,55.12449935332341,-88.19919896531745,11.024899870664681,44.099599482658725
148.70000000000002,88.25168497477956,132.37752746216935,66.18876373108468,22.06292124369489,-44.12584248738978,4.412584248738979,176.50336994955913,-22.06292124369489,110.31460621847445,33.09438186554234,55.157303109237226,-88.25168497477956,11.031460621847446,44.12584248738978
148.8,88.3046528284809,132.45697924272133,66.22848962136067,22.076163207120224,-44.15232641424045,4.415232641424045,176.6093056569618,-22.076163207120224,110.38081603560113,33.11424481068033,55.190408017800564,-88.3046528284809,11.038081603560112,44.15232641424045
148.9,88.3580630021453,132.53709450321796,66.26854725160898,22.089515750536325,-44.17903150107265,4.417903150107265,176.7161260042906,-22.089515750536325,110.44757875268162,33.13427362580449,55.22378937634081,-88.3580630021453,11.044757875268163,44.17903150107265
149.0,88.41179406331048,132.61769109496572,66.30884554748286,22.10294851582762,-44.20589703165524,4.420589703165525,176.82358812662096,-22.10294851582762,110.5147425791381,33.15442277374143,55.25737128956905,-88.41179406331048,11.05147425791381,44.20589703165524
149.1,88.4657176388867,132.69857645833005,66.34928822916503,22.116429409721675,-44.23285881944335,4.423285881944335,176.9314352777734,-22.116429409721675,110.58214704860838,33.17464411458251,55.29107352430419,-88.4657176388867,11.058214704860838,44.23285881944335
149.20000000000002,88.51975976859579,132.77963965289368,66.38981982644684,22.129939942148948,-44.259879884297895,4.42598798842979,177.03951953719158,-22.129939942148948,110.64969971074474,33.19490991322342,55.32484985537237,-88.51975976859579,11.064969971074474,44.259879884297895
149.3,88.57384184393796,132.86076276590694,66.43038138295347,22.14346046098449,-44.28692092196898,4.428692092196898,177.1476836878759,-22.14346046098449,110.71730230492244,33.215190691476735,55.35865115246122,-88.57384184393796,11.071730230492244,44.28692092196898
149.4,88.62789576130884,132.94184364196326,66.47092182098163,22.15697394032721,-44.31394788065442,4.431394788065442,177.25579152261767,-22.15697394032721,110.78486970163604,33.235460910490815,55.39243485081802,-88.62789576130884,11.078486970163604,44.31394788065442
149.5,88.68190736721196,133.02286105081794,66.51143052540897,22.17047684180299,-44.34095368360598,4.434095368360598,177.36381473442393,-22.17047684180299,110.85238420901496,33.255715262704484,55.42619210450748,-88.68190736721196,11.085238420901495,44.34095368360598
149.6,88.73591388388024,133.10387082582037,66.55193541291018,22.18397847097006,-44.36795694194012,4.4367956941940125,177.4718277677605,-22.18397847097006,110.9198923548503,33.27596770645509,55.45994617742515,-88.73591388388024,11.09198923548503,44.36795694194012
149.70000000000002,88.78995166194841,133.1849274929226,66.5924637464613,22.197487915487102,-44.394975830974204,4.43949758309742,177.57990332389681,-22.197487915487102,110.98743957743551,33.29623187323065,55.493719788717755,-88.78995166194841,11.098743957743551,44.394975830974204
149.8,88.84405805323543,133.26608707985315,66.63304353992658,22.211014513308857,-44.422029026617714,4.442202902661772,177.68811610647086,-22.211014513308857,111.05507256654428,33.31652176996329,55.52753628327214,-88.84405805323543,11.105507256654429,44.422029026617714
149.9,88.89826019136007,133.3473902870401,66.67369514352005,22.224565047840017,-44.44913009568003,4.444913009568004,177.79652038272013,-22.224565047840017,111.12282523920008,33.336847571760025,55.56141261960004,-88.89826019136007,11.112282523920008,44.44913009568003
150.0,88.9526046061265,133.42890690918975,66.71445345459487,22.238151151531625,-44.47630230306325,4.447630230306325,177.905209212253,-22.238151151531625,111.19075575765812,33.35722672729744,55.59537787882906,-88.9526046061265,11.119075575765812,44.47630230306325
150.1,89.00715967029096,133.51073950543645,66.75536975271822,22.25178991757274,-44.50357983514548,4.450357983514548,178.01431934058192,-22.25178991757274,111.2589495878637,33.37768487635911,55.62947479393185,-89.00715967029096,11.12589495878637,44.50357983514548
150.20000000000002,89.0619944441733,133.59299166625993,66.79649583312997,22.265498611043324,-44.53099722208665,4.453099722208665,178.1239888883466,-22.265498611043324,111.32749305521662,33.39824791656498,55.66374652760831,-89.0619944441733,11.132749305521662,44.53099722208665
150.3,89.11723788240204,133.67585682360306,66.83792841180153,22.27930947060051,-44.55861894120102,4.455861894120102,178.23447576480407,-22.27930947060051,111.39654735300255,33.418964205900764,55.69827367650127,-89.11723788240204,11.139654735300255,44.55861894120102
150.4,89.17299524901561,133.7594928735234,66.8797464367617,22.293248812253903,-44.58649762450781,4.458649762450781,178.34599049803123,-22.293248812253903,111.46624406126952,33.43987321838085,55.73312203063476,-89.17299524901561,11.146624406126952,44.58649762450781
150.5,89.2293506890972,133.8440260336458,66.9220130168229,22.3073376722743,-44.6146753445486,4.461467534454861,178.4587013781944,-22.3073376722743,111.5366883613715,33.46100650841145,55.76834418068575,-89.2293506890972,11.15366883613715,44.6146753445486
150.6,89.28638319947592,133.92957479921387,66.96478739960693,22.32159579986898,-44.64319159973796,4.464319159973797,178.57276639895184,-22.32159579986898,111.60797899934491,33.48239369980347,55.803989499672454,-89.28638319947592,11.16079789993449,44.64319159973796
150.70000000000002,89.34418498978367,134.0162774846755,67.00813874233775,22.336046247445918,-44.672092494891835,4.4672092494891835,178.68836997956734,-22.336046247445918,111.68023123722959,33.504069371168875,55.840115618614796,-89.34418498978367,11.168023123722959,44.672092494891835
150.8,89.4028744943031,134.10431174145467,67.05215587072733,22.350718623575776,-44.70143724715155,4.470143724715156,178.8057489886062,-22.350718623575776,111.75359311787888,33.526077935363666,55.87679655893944,-89.4028744943031,11.175359311787888,44.70143724715155
150.9,89.46254601374949,134.19381902062423,67.09690951031212,22.365636503437372,-44.731273006874744,4.473127300687475,178.92509202749898,-22.365636503437372,111.82818251718686,33.54845475515606,55.91409125859343,-89.46254601374949,11.182818251718686,44.731273006874744
151.0,89.523230336913,134.2848455053695,67.14242275268475,22.38080758422825,-44.7616151684565,4.47616151684565,179.046460673826,-22.38080758422825,111.90403792114125,33.571211376342376,55.952018960570626,-89.523230336913,11.190403792114125,44.7616151684565
151.1,89.58491913359433,134.3773787003915,67.18868935019574,22.39622978339858,-44.79245956679716,4.4792459566797165,179.16983826718865,-22.39622978339858,111.98114891699291,33.59434467509787,55.990574458496454,-89.58491913359433,11.19811489169929,44.79245956679716
151.20000000000002,89.6476109126879,134.47141636903183,67.23570818451591,22.411902728171974,-44.82380545634395,4.482380545634395,179.2952218253758,-22.411902728171974,112.05951364085988,33.61785409225796,56.02975682042994,-89.6476109126879,11.205951364085987,44.82380545634395
151.3,89.71129694076768,134.56694541115152,67.28347270557576,22.42782423519192,-44.85564847038384,4.485564847038384,179.42259388153536,-22.42782423519192,112.1391211759596,33.64173635278788,56.0695605879798,-89.71129694076768,11.21391211759596,44.85564847038384
151.4,89.77586574202486,134.6637986130373,67.33189930651865,22.443966435506216,-44.88793287101243,4.4887932871012435,179.55173148404972,-22.443966435506216,112.21983217753107,33.665949653259325,56.10991608876554,-89.77586574202486,11.221983217753108,44.88793287101243
151.5,89.84117760392509,134.76176640588764,67.38088320294382,22.460294400981272,-44.920588801962545,4.492058880196255,179.68235520785018,-22.460294400981272,112.30147200490636,33.69044160147191,56.15073600245318,-89.84117760392509,11.230147200490636,44.920588801962545
151.6,89.9071019926096,134.8606529889144,67.4303264944572,22.4767754981524,-44.9535509963048,4.49535509963048,179.8142039852192,-22.4767754981524,112.38387749076199,33.7151632472286,56.191938745380995,-89.9071019926096,11.2383877490762,44.9535509963048
151.70000000000002,89.97345092352012,134.9601763852802,67.4800881926401,22.49336273088003,-44.98672546176006,4.498672546176006,179.94690184704024,-22.49336273088003,112.46681365440014,33.74004409632005,56.23340682720007,-89.97345092352012,11.246681365440015,44.98672546176006
151.8,90.04001272081952,135.06001908122929,67.53000954061464,22.51000318020488,-45.02000636040976,4.502000636040976,180.08002544163904,-22.51000318020488,112.5500159010244,33.76500477030732,56.2750079505122,-90.04001272081952,11.25500159010244,45.02000636040976
151.9,90.10655985998227,135.1598397899734,67.5799198949867,22.526639964995567,-45.053279929991135,4.5053279929991135,180.21311971996454,-22.526639964995567,112.63319982497784,33.78995994749335,56.31659991248892,-90.10655985998227,11.263319982497784,45.053279929991135
152.0,90.17292522587006,135.25938783880508,67.62969391940254,22.543231306467515,-45.08646261293503,4.508646261293503,180.34585045174012,-22.543231306467515,112.71615653233758,33.81484695970127,56.35807826616879,-90.17292522587006,11.271615653233757,45.08646261293503
152.1,90.23895383890125,135.3584307583519,67.67921537917594,22.559738459725313,-45.119476919450626,4.511947691945063,180.4779076778025,-22.559738459725313,112.79869229862656,33.83960768958797,56.39934614931328,-90.23895383890125,11.279869229862657,45.119476919450626
152.20000000000002,90.30452290523769,135.45678435785652,67.72839217892826,22.576130726309422,-45.152261452618845,4.5152261452618845,180.60904581047538,-22.576130726309422,112.88065363154712,33.86419608946413,56.44032681577356,-90.30452290523769,11.288065363154711,45.152261452618845
152.3,90.36956272772262,135.55434409158394,67.77717204579197,22.592390681930656,-45.18478136386131,4.518478136386132,180.73912545544525,-22.592390681930656,112.96195340965328,33.888586022895986,56.48097670482664,-90.36956272772262,11.296195340965328,45.18478136386131
152.4,90.4339727211027,135.65095908165407,67.82547954082703,22.608493180275676,-45.21698636055135,4.5216986360551354,180.8679454422054,-22.608493180275676,113.04246590137838,33.912739770413516,56.52123295068919,-90.4339727211027,11.304246590137838,45.21698636055135
152.5,90.49761356817648,135.74642035226472,67.87321017613236,22.62440339204412,-45.24880678408824,4.524880678408824,180.99522713635295,-22.62440339204412,113.12201696022059,33.93660508806618,56.561008480110296,-90.49761356817648,11.31220169602206,45.24880678408824
152.6,90.56044761339405,135.84067142009107,67.92033571004553,22.64011190334851,-45.28022380669702,4.528022380669703,181.1208952267881,-22.64011190334851,113.20055951674256,33.96016785502277,56.60027975837128,-90.56044761339405,11.320055951674256,45.28022380669702
152.70000000000002,90.6225687373631,135.93385310604464,67.96692655302232,22.655642184340774,-45.31128436868155,4.531128436868155,181.2451374747262,-22.655642184340774,113.27821092170387,33.98346327651116,56.63910546085194,-90.6225687373631,11.327821092170387,45.31128436868155
152.8,90.68413250629654,136.0261987594448,68.0130993797224,22.671033126574134,-45.34206625314827,4.534206625314827,181.36826501259307,-22.671033126574134,113.35516563287067,34.0065496898612,56.67758281643533,-90.68413250629654,11.335516563287067,45.34206625314827
152.9,90.74526489149589,136.11789733724385,68.05894866862192,22.686316222873973,-45.372632445747946,4.5372632445747945,181.49052978299179,-22.686316222873973,113.43158111436986,34.02947433431096,56.71579055718493,-90.74526489149589,11.343158111436987,45.372632445747946
153.0,90.80600846755678,136.20901270133515,68.10450635066758,22.701502116889195,-45.40300423377839,4.540300423377839,181.61201693511356,-22.701502116889195,113.50751058444598,34.05225317533379,56.75375529222299,-90.80600846755678,11.350751058444597,45.40300423377839
153.1,90.86639644949442,136.29959467424163,68.14979733712082,22.716599112373604,-45.43319822474721,4.543319822474721,181.73279289898883,-22.716599112373604,113.58299556186802,34.07489866856041,56.79149778093401,-90.86639644949442,11.358299556186802,45.43319822474721
153.20000000000002,90.92645145850605,136.38967718775908,68.19483859387954,22.731612864626513,-45.463225729253026,4.546322572925303,181.8529029170121,-22.731612864626513,113.65806432313256,34.09741929693977,56.82903216156628,-90.92645145850605,11.365806432313256,45.463225729253026
153.3,90.98617289927601,136.479259348914,68.239629674457,22.746543224819003,-45.49308644963801,4.5493086449638005,181.97234579855203,-22.746543224819003,113.73271612409502,34.1198148372285,56.86635806204751,-90.98617289927601,11.373271612409502,45.49308644963801
153.4,91.04558817884741,136.5683822682711,68.28419113413555,22.761397044711853,-45.522794089423705,4.552279408942371,182.09117635769482,-22.761397044711853,113.80698522355927,34.14209556706778,56.90349261177963,-91.04558817884741,11.380698522355926,45.522794089423705
153.5,91.10472636760964,136.65708955141446,68.32854477570723,22.77618159190241,-45.55236318380482,4.555236318380483,182.2094527352193,-22.77618159190241,113.88090795951206,34.164272387853615,56.94045397975603,-91.10472636760964,11.388090795951205,45.55236318380482
153.60000000000002,91.16357112189257,136.74535668283886,68.37267834141943,22.790892780473143,-45.58178556094629,4.558178556094629,182.32714224378515,-22.790892780473143,113.95446390236572,34.186339170709715,56.97723195118286,-91.16357112189257,11.395446390236572,45.58178556094629
153.70000000000002,91.22212489678955,136.83318734518434,68.41659367259217,22.805531224197388,-45.611062448394776,4.561106244839478,182.4442497935791,-22.805531224197388,114.02765612098693,34.208296836296086,57.013828060493466,-91.22212489678955,11.402765612098694,45.611062448394776
153.8,91.28039772226475,136.92059658339713,68.46029829169856,22.820099430566188,-45.640198861132376,4.564019886113238,182.5607954445295,-22.820099430566188,114.10049715283094,34.23014914584928,57.05024857641547,-91.28039772226475,11.410049715283094,45.640198861132376
153.9,91.33835778906719,137.0075366836008,68.5037683418004,22.834589447266797,-45.669178894533594,4.56691788945336,182.67671557813438,-22.834589447266797,114.17294723633398,34.2518841709002,57.08647361816699,-91.33835778906719,11.417294723633399,45.669178894533594
154.0,91.39597847358836,137.09396771038254,68.54698385519127,22.84899461839709,-45.69798923679418,4.569798923679418,182.79195694717671,-22.84899461839709,114.24497309198544,34.273491927595636,57.12248654599272,-91.39597847358836,11.424497309198545,45.69798923679418
154.10000000000002,91.45323905772113,137.1798585865817,68.58992929329085,22.863309764430284,-45.72661952886057,4.572661952886057,182.90647811544227,-22.863309764430284,114.31654882215142,34.294964646645425,57.15827441107571,-91.45323905772113,11.431654882215142,45.72661952886057
154.20000000000002,91.51010658968787,137.26515988453178,68.63257994226589,22.877526647421966,-45.75505329484393,4.575505329484393,183.02021317937573,-22.877526647421966,114.38763323710984,34.316289971132946,57.19381661855492,-91.51010658968787,11.438763323710983,45.75505329484393
154.3,91.56656829673673,137.3498524451051,68.67492622255256,22.891642074184183,-45.78328414836837,4.578328414836837,183.13313659347347,-22.891642074184183,114.45821037092091,34.33746311127628,57.229105185460455,-91.56656829673673,11.445821037092092,45.78328414836837
154.4,91.62257056603612,137.43385584905417,68.71692792452708,22.90564264150903,-45.81128528301806,4.581128528301806,183.24514113207223,-22.90564264150903,114.52821320754515,34.35846396226354,57.264106603772575,-91.62257056603612,11.452821320754515,45.81128528301806
154.5,91.67804462227804,137.51706693341706,68.75853346670853,22.91951115556951,-45.83902231113902,4.583902231113902,183.35608924455607,-22.91951115556951,114.59755577784755,34.379266733354264,57.29877788892377,-91.67804462227804,11.459755577784755,45.83902231113902
154.60000000000002,91.7328884599139,137.59933268987083,68.79966634493542,22.933222114978474,-45.86644422995695,4.586644422995695,183.4657769198278,-22.933222114978474,114.66611057489237,34.39983317246771,57.333055287446186,-91.7328884599139,11.466611057489237,45.86644422995695
154.70000000000002,91.78700014213234,137.6805002131985,68.84025010659926,22.946750035533086,-45.89350007106617,4.589350007106617,183.57400028426468,-22.946750035533086,114.73375017766543,34.42012505329963,57.366875088832714,-91.78700014213234,11.473375017766543,45.89350007106617
154.8,91.84032092631888,137.76048138947831,68.88024069473916,22.96008023157972,-45.92016046315944,4.592016046315944,183.68064185263776,-22.96008023157972,114.8004011578986,34.44012034736958,57.4002005789493,-91.84032092631888,11.48004011578986,45.92016046315944
154.9,91.89278456963346,137.8391768544502,68.9195884272251,22.973196142408366,-45.94639228481673,4.5946392284816735,183.78556913926693,-22.973196142408366,114.86598071204183,34.45979421361255,57.432990356020916,-91.89278456963346,11.486598071204183,45.94639228481673
155.0,91.94438925425588,137.91658388138381,68.95829194069191,22.98609731356397,-45.97219462712794,4.597219462712794,183.88877850851176,-22.98609731356397,114.93048656781986,34.479145970345954,57.46524328390993,-91.94438925425588,11.493048656781985,45.97219462712794
155.10000000000002,91.99513464867927,137.9927019730189,68.99635098650946,22.998783662169817,-45.997567324339634,4.599756732433963,183.99026929735854,-22.998783662169817,114.99391831084908,34.49817549325473,57.49695915542454,-91.99513464867927,11.499391831084909,45.997567324339634
155.20000000000002,92.04495213445591,138.06742820168387,69.03371410084193,23.011238033613978,-46.022476067227956,4.602247606722796,184.08990426891182,-23.011238033613978,115.05619016806989,34.51685705042097,57.528095084034945,-92.04495213445591,11.505619016806989,46.022476067227956
155.3,92.09379199518375,138.1406879927756,69.0703439963878,23.023447998795938,-46.046895997591875,4.604689599759188,184.1875839903675,-23.023447998795938,115.1172399939797,34.5351719981939,57.55861999698985,-92.09379199518375,11.511723999397969,46.046895997591875
155.4,92.14165570169779,138.21248355254667,69.10624177627334,23.035413925424447,-46.07082785084889,4.60708278508489,184.28331140339557,-23.035413925424447,115.17706962712224,34.55312088813667,57.58853481356112,-92.14165570169779,11.517706962712223,46.07082785084889
155.5,92.18853640886944,138.28280461330417,69.14140230665208,23.04713410221736,-46.09426820443472,4.609426820443472,184.37707281773888,-23.04713410221736,115.2356705110868,34.57070115332604,57.6178352555434,-92.18853640886944,11.52356705110868,46.09426820443472
155.60000000000002,92.23443628012402,138.35165442018604,69.17582721009302,23.058609070031004,-46.11721814006201,4.611721814006201,184.46887256024803,-23.058609070031004,115.29304535015501,34.58791360504651,57.646522675077506,-92.23443628012402,11.529304535015502,46.11721814006201
155.70000000000002,92.27945789353191,138.41918684029787,69.20959342014893,23.069864473382978,-46.139728946765956,4.613972894676595,184.55891578706382,-23.069864473382978,115.34932236691489,34.60479671007447,57.674661183457445,-92.27945789353191,11.534932236691489,46.139728946765956
155.8,92.32372580729181,138.48558871093772,69.24279435546886,23.080931451822952,-46.161862903645904,4.616186290364591,184.64745161458362,-23.080931451822952,115.40465725911476,34.62139717773443,57.70232862955738,-92.32372580729181,11.540465725911476,46.161862903645904
155.9,92.36737408151058,138.55106112226588,69.27553056113294,23.091843520377644,-46.18368704075529,4.618368704075529,184.73474816302115,-23.091843520377644,115.45921760188821,34.63776528056647,57.729608800944106,-92.36737408151058,11.545921760188822,46.18368704075529
156.0,92.4105736938793,138.61586054081894,69.30793027040947,23.102643423469825,-46.20528684693965,4.620528684693965,184.8211473877586,-23.102643423469825,115.51321711734913,34.653965135204736,57.756608558674564,-92.4105736938793,11.551321711734913,46.20528684693965
156.10000000000002,92.45351264276285,138.68026896414426,69.34013448207213,23.11337816069071,-46.22675632138142,4.622675632138143,184.9070252855257,-23.11337816069071,115.56689080345356,34.670067241036065,57.78344540172678,-92.45351264276285,11.556689080345356,46.22675632138142
156.20000000000002,92.4963505103455,138.74452576551823,69.37226288275912,23.124087627586373,-46.24817525517275,4.624817525517275,184.992701020691,-23.124087627586373,115.62043813793187,34.68613144137956,57.810219068965935,-92.4963505103455,11.562043813793187,46.24817525517275
156.3,92.53924113259204,138.80886169888805,69.40443084944403,23.13481028314801,-46.26962056629602,4.626962056629602,185.07848226518408,-23.13481028314801,115.67405141574005,34.70221542472201,57.837025707870026,-92.53924113259204,11.567405141574005,46.26962056629602
156.4,92.5822849954247,138.87342749313706,69.43671374656853,23.145571248856175,-46.29114249771235,4.629114249771235,185.1645699908494,-23.145571248856175,115.72785624428087,34.718356873284264,57.863928122140436,-92.5822849954247,11.572785624428088,46.29114249771235
156.5,92.62551955537737,138.93827933306605,69.46913966653302,23.15637988884434,-46.31275977768868,4.631275977768868,185.25103911075473,-23.15637988884434,115.78189944422171,34.73456983326651,57.890949722110854,-92.62551955537737,11.57818994442217,46.31275977768868
156.60000000000002,92.6689170249461,139.00337553741915,69.50168776870957,23.167229256236524,-46.33445851247305,4.633445851247305,185.3378340498922,-23.167229256236524,115.83614628118262,34.750843884354786,57.91807314059131,-92.6689170249461,11.583614628118262,46.33445851247305
156.70000000000002,92.71238417387791,139.06857626081685,69.53428813040843,23.178096043469477,-46.356192086938954,4.635619208693895,185.42476834775582,-23.178096043469477,115.89048021734739,34.767144065204214,57.945240108673694,-92.71238417387791,11.589048021734738,46.356192086938954
156.8,92.75583748704807,139.1337562305721,69.56687811528604,23.188959371762017,-46.377918743524035,4.637791874352404,185.51167497409614,-23.188959371762017,115.9447968588101,34.78343905764302,57.97239842940505,-92.75583748704807,11.594479685881009,46.377918743524035
156.9,92.79919173015367,139.1987875952305,69.59939379761525,23.199797932538416,-46.39959586507683,4.6399595865076835,185.59838346030733,-23.199797932538416,115.99898966269208,34.799696898807625,57.99949483134604,-92.79919173015367,11.599898966269208,46.39959586507683
157.0,92.84232478895433,139.2634871834315,69.63174359171575,23.210581197238582,-46.421162394477165,4.6421162394477165,185.68464957790866,-23.210581197238582,116.05290598619291,34.81587179585787,58.026452993096456,-92.84232478895433,11.605290598619291,46.421162394477165
157.10000000000002,92.88506121088982,139.32759181633472,69.66379590816736,23.221265302722454,-46.44253060544491,4.644253060544491,185.77012242177963,-23.221265302722454,116.10632651361227,34.83189795408368,58.05316325680614,-92.88506121088982,11.610632651361227,46.44253060544491
157.20000000000002,92.92717264646417,139.39075896969626,69.69537948484813,23.231793161616043,-46.463586323232086,4.646358632323209,185.85434529292834,-23.231793161616043,116.15896580808021,34.847689742424066,58.079482904040105,-92.92717264646417,11.615896580808021,46.463586323232086
157.3,92.96847368767865,139.452710531518,69.726355265759,23.242118421919663,-46.48423684383933,4.648423684383933,185.9369473753573,-23.242118421919663,116.21059210959831,34.8631776328795,58.105296054799155,-92.96847368767865,11.621059210959832,46.48423684383933
157.4,93.00880931604605,139.5132139740691,69.75660698703454,23.252202329011514,-46.50440465802303,4.650440465802303,186.0176186320921,-23.252202329011514,116.26101164505756,34.87830349351727,58.13050582252878,-93.00880931604605,11.626101164505757,46.50440465802303
157.5,93.04804019263999,139.57206028896,69.78603014448,23.262010048159997,-46.524020096319994,4.652402009632,186.09608038527998,-23.262010048159997,116.31005024079998,34.89301507224,58.15502512039999,-93.04804019263999,11.631005024079998,46.524020096319994
157.60000000000002,93.08604345554974,139.6290651833246,69.8145325916623,23.271510863887436,-46.54302172777487,4.654302172777487,186.17208691109948,-23.271510863887436,116.35755431943718,34.90726629583115,58.17877715971859,-93.08604345554974,11.635755431943718,46.54302172777487
157.70000000000002,93.1228092184529,139.68421382767934,69.84210691383967,23.280702304613225,-46.56140460922645,4.6561404609226456,186.2456184369058,-23.280702304613225,116.40351152306613,34.921053456919836,58.201755761533065,-93.1228092184529,11.640351152306613,46.56140460922645
157.8,93.1583246616927,139.73748699253906,69.86874349626953,23.289581165423176,-46.57916233084635,4.657916233084635,186.3166493233854,-23.289581165423176,116.44790582711587,34.934371748134765,58.22395291355794,-93.1583246616927,11.644790582711588,46.57916233084635
157.9,93.19260022530966,139.7889003379645,69.89445016898225,23.298150056327415,-46.59630011265483,4.659630011265484,186.38520045061932,-23.298150056327415,116.49075028163708,34.94722508449112,58.24537514081854,-93.19260022530966,11.649075028163708,46.59630011265483
158.0,93.22566284200785,139.83849426301177,69.91924713150588,23.306415710501962,-46.612831421003925,4.661283142100393,186.4513256840157,-23.306415710501962,116.53207855250982,34.95962356575294,58.26603927625491,-93.22566284200785,11.653207855250981,46.612831421003925
158.10000000000002,93.25758768411346,139.8863815261702,69.9431907630851,23.314396921028365,-46.62879384205673,4.662879384205673,186.51517536822692,-23.314396921028365,116.57198460514182,34.97159538154255,58.28599230257091,-93.25758768411346,11.657198460514183,46.62879384205673
158.20000000000002,93.28846464300915,139.93269696451372,69.96634848225686,23.322116160752287,-46.644232321504575,4.664423232150457,186.5769292860183,-23.322116160752287,116.61058080376144,34.98317424112843,58.30529040188072,-93.28846464300915,11.661058080376144,46.644232321504575
158.3,93.3184627401521,139.97769411022816,69.98884705511408,23.329615685038025,-46.65923137007605,4.6659231370076055,186.6369254803042,-23.329615685038025,116.64807842519012,34.99442352755704,58.32403921259506,-93.3184627401521,11.664807842519012,46.65923137007605
158.4,93.34784483906289,140.02176725859434,70.01088362929717,23.33696120976572,-46.67392241953144,4.667392241953144,186.69568967812577,-23.33696120976572,116.6848060488286,35.005441814648584,58.3424030244143,-93.34784483906289,11.66848060488286,46.67392241953144
158.5,93.37692512173936,140.06538768260904,70.03269384130452,23.34423128043484,-46.68846256086968,4.668846256086968,186.75385024347872,-23.34423128043484,116.7211564021742,35.01634692065226,58.3605782010871,-93.37692512173936,11.67211564021742,46.68846256086968
158.60000000000002,93.40598453174493,140.1089767976174,70.0544883988087,23.351496132936234,-46.70299226587247,4.670299226587247,186.81196906348987,-23.351496132936234,116.75748066468117,35.02724419940435,58.378740332340584,-93.40598453174493,11.675748066468117,46.70299226587247
158.70000000000002,93.43520457232835,140.1528068584925,70.07640342924626,23.358801143082086,-46.71760228616417,4.671760228616417,186.8704091446567,-23.358801143082086,116.79400571541044,35.03820171462313,58.39700285770522,-93.43520457232835,11.679400571541043,46.71760228616417
158.8,93.4647359618837,140.19710394282555,70.09855197141277,23.366183990470926,-46.73236798094185,4.673236798094186,186.9294719237674,-23.366183990470926,116.83091995235463,35.04927598570639,58.41545997617732,-93.4647359618837,11.683091995235463,46.73236798094185
158.9,93.49475634421397,140.24213451632096,70.12106725816048,23.373689086053492,-46.747378172106984,4.674737817210699,186.98951268842794,-23.373689086053492,116.86844543026746,35.06053362908024,58.43422271513373,-93.49475634421397,11.686844543026746,46.747378172106984
159.0,93.52545699731003,140.28818549596505,70.14409274798253,23.381364249327508,-46.762728498655015,4.6762728498655015,187.05091399462006,-23.381364249327508,116.90682124663753,35.07204637399126,58.45341062331877,-93.52545699731003,11.690682124663754,46.762728498655015
159.10000000000002,93.55695438698585,140.33543158047877,70.16771579023938,23.389238596746463,-46.778477193492925,4.677847719349293,187.1139087739717,-23.389238596746463,116.94619298373232,35.08385789511969,58.47309649186616,-93.55695438698585,11.694619298373231,46.778477193492925
159.20000000000002,93.58935312153768,140.38402968230653,70.19201484115327,23.39733828038442,-46.79467656076884,4.679467656076884,187.17870624307537,-23.39733828038442,116.9866914019221,35.09600742057663,58.49334570096105,-93.58935312153768,11.69866914019221,46.79467656076884
159.3,93.62271257657234,140.43406886485852,70.21703443242926,23.405678144143085,-46.81135628828617,4.681135628828617,187.24542515314468,-23.405678144143085,117.02839072071542,35.10851721621463,58.51419536035771,-93.62271257657234,11.702839072071543,46.81135628828617
159.4,93.65709642113897,140.48564463170845,70.24282231585423,23.414274105284743,-46.82854821056949,4.6828548210569485,187.31419284227795,-23.414274105284743,117.07137052642372,35.12141115792711,58.53568526321186,-93.65709642113897,11.707137052642372,46.82854821056949
159.5,93.69256929174469,140.53885393761703,70.26942696880852,23.423142322936172,-46.846284645872345,4.6846284645872345,187.38513858348938,-23.423142322936172,117.11571161468086,35.13471348440426,58.55785580734043,-93.69256929174469,11.711571161468086,46.846284645872345
159.60000000000002,93.72916767529968,140.59375151294952,70.29687575647476,23.43229191882492,-46.86458383764984,4.686458383764984,187.45833535059936,-23.43229191882492,117.1614595941246,35.14843787823738,58.5807297970623,-93.72916767529968,11.71614595941246,46.86458383764984
159.70000000000002,93.76685299001366,140.6502794850205,70.32513974251025,23.441713247503415,-46.88342649500683,4.688342649500683,187.53370598002732,-23.441713247503415,117.20856623751708,35.16256987125512,58.60428311875854,-93.76685299001366,11.720856623751708,46.88342649500683
159.8,93.8056069556433,140.70841043346496,70.35420521673248,23.451401738910825,-46.90280347782165,4.690280347782165,187.6112139112866,-23.451401738910825,117.25700869455412,35.17710260836624,58.62850434727706,-93.8056069556433,11.725700869455412,46.90280347782165
159.9,93.8455617869223,140.76834268038345,70.38417134019173,23.461390446730576,-46.92278089346115,4.692278089346115,187.6911235738446,-23.461390446730576,117.30695223365288,35.192085670095864,58.65347611682644,-93.8455617869223,11.730695223365288,46.92278089346115
160.0,93.88688028130585,140.8303204219588,70.4151602109794,23.471720070326462,-46.943440140652925,4.694344014065293,187.7737605626117,-23.471720070326462,117.3586003516323,35.2075801054897,58.67930017581615,-93.88688028130585,11.735860035163231,46.943440140652925
160.10000000000002,93.92969851073923,140.89454776610884,70.44727388305442,23.482424627684807,-46.964849255369614,4.696484925536962,187.85939702147846,-23.482424627684807,117.41212313842404,35.22363694152721,58.70606156921202,-93.92969851073923,11.741212313842404,46.964849255369614
160.20000000000002,93.97408677653735,140.96113016480604,70.48056508240302,23.493521694134337,-46.987043388268674,4.698704338826867,187.9481735530747,-23.493521694134337,117.46760847067168,35.24028254120151,58.73380423533584,-93.97408677653735,11.746760847067168,46.987043388268674
160.3,94.02009030600938,141.03013545901408,70.51506772950704,23.505022576502345,-47.01004515300469,4.701004515300469,188.04018061201876,-23.505022576502345,117.52511288251172,35.25753386475352,58.76255644125586,-94.02009030600938,11.752511288251172,47.01004515300469
160.4,94.06776175852428,141.10164263778643,70.55082131889321,23.51694043963107,-47.03388087926214,4.703388087926214,188.13552351704857,-23.51694043963107,117.58470219815536,35.27541065944661,58.79235109907768,-94.06776175852428,11.758470219815536,47.03388087926214
160.5,94.11713194460246,141.1756979169037,70.58784895845184,23.529282986150616,-47.05856597230123,4.705856597230123,188.23426388920493,-23.529282986150616,117.64641493075308,35.29392447922592,58.82320746537654,-94.11713194460246,11.764641493075308,47.05856597230123
160.60000000000002,94.16816752874486,141.2522512931173,70.62612564655865,23.542041882186215,-47.08408376437243,4.7084083764372435,188.33633505748972,-23.542041882186215,117.71020941093107,35.313062823279324,58.855104705465536,-94.16816752874486,11.771020941093107,47.08408376437243
160.70000000000002,94.22074653230794,141.3311197984619,70.66555989923096,23.555186633076985,-47.11037326615397,4.711037326615397,188.44149306461588,-23.555186633076985,117.77593316538493,35.33277994961548,58.887966582692464,-94.22074653230794,11.777593316538493,47.11037326615397
160.8,94.27473222047215,141.4120983307082,70.7060491653541,23.568683055118036,-47.13736611023607,4.713736611023608,188.5494644409443,-23.568683055118036,117.84341527559019,35.35302458267705,58.921707637795095,-94.27473222047215,11.784341527559018,47.13736611023607
160.9,94.32992593731925,141.49488890597888,70.74744445298944,23.58248148432981,-47.16496296865962,4.716496296865962,188.6598518746385,-23.58248148432981,117.91240742164905,35.37372222649472,58.956203710824525,-94.32992593731925,11.791240742164906,47.16496296865962
161.0,94.3861512144987,141.57922682174805,70.78961341087403,23.596537803624674,-47.19307560724935,4.719307560724935,188.7723024289974,-23.596537803624674,117.98268901812337,35.39480670543701,58.99134450906168,-94.3861512144987,11.798268901812337,47.19307560724935
161.10000000000002,94.44330575376524,141.66495863064787,70.83247931532394,23.61082643844131,-47.22165287688262,4.722165287688262,188.8866115075305,-23.61082643844131,118.05413219220655,35.41623965766197,59.027066096103276,-94.44330575376524,11.805413219220656,47.22165287688262
161.20000000000002,94.50130021735964,141.75195032603946,70.87597516301973,23.62532505433991,-47.25065010867982,4.725065010867982,189.00260043471928,-23.62532505433991,118.12662527169955,35.437987581509866,59.063312635849776,-94.50130021735964,11.812662527169955,47.25065010867982
161.3,94.56005136290449,141.84007704435675,70.92003852217837,23.640012840726122,-47.280025681452244,4.728002568145224,189.12010272580898,-23.640012840726122,118.2000642036306,35.46001926108919,59.1000321018153,-94.56005136290449,11.820006420363061,47.280025681452244
161.4,94.61953415626564,141.92930123439845,70.96465061719923,23.65488353906641,-47.30976707813282,4.730976707813283,189.2390683125313,-23.65488353906641,118.27441769533206,35.48232530859961,59.13720884766603,-94.61953415626564,11.827441769533205,47.30976707813282
161.5,94.67977990241233,142.0196698536185,71.00983492680925,23.669944975603084,-47.33988995120617,4.733988995120617,189.35955980482467,-23.669944975603084,118.34972487801542,35.504917463404624,59.17486243900771,-94.67977990241233,11.834972487801542,47.33988995120617
161.60000000000002,94.74075662290633,142.11113493435948,71.05556746717974,23.685189155726583,-47.370378311453166,4.737037831145317,189.48151324581266,-23.685189155726583,118.42594577863292,35.52778373358987,59.21297288931646,-94.74075662290633,11.842594577863292,47.370378311453166
161.70000000000002,94.80235293986257,142.20352940979387,71.10176470489694,23.700588234965643,-47.401176469931286,4.740117646993129,189.60470587972515,-23.700588234965643,118.50294117482821,35.55088235244847,59.251470587414104,-94.80235293986257,11.850294117482822,47.401176469931286
161.8,94.86443929700674,142.2966589455101,71.14832947275505,23.716109824251685,-47.43221964850337,4.7432219648503375,189.72887859401348,-23.716109824251685,118.58054912125843,35.574164736377526,59.290274560629214,-94.86443929700674,11.858054912125843,47.43221964850337
161.9,94.9269070233725,142.39036053505873,71.19518026752937,23.731726755843123,-47.46345351168625,4.746345351168625,189.853814046745,-23.731726755843123,118.65863377921562,35.59759013376468,59.32931688960781,-94.9269070233725,11.865863377921562,47.46345351168625
162.0,94.98964925447835,142.48447388171752,71.24223694085876,23.747412313619588,-47.494824627239176,4.749482462723917,189.9792985089567,-23.747412313619588,118.73706156809794,35.62111847042938,59.36853078404897,-94.98964925447835,11.873706156809794,47.494824627239176
162.10000000000002,95.05262000966775,142.57893001450162,71.28946500725081,23.763155002416937,-47.526310004833874,4.752631000483388,190.1052400193355,-23.763155002416937,118.81577501208469,35.644732503625406,59.40788750604234,-95.05262000966775,11.881577501208469,47.526310004833874
162.20000000000002,95.11581401901837,142.67372102852755,71.33686051426378,23.778953504754593,-47.55790700950919,4.755790700950919,190.23162803803675,-23.778953504754593,118.89476752377297,35.66843025713189,59.447383761886485,-95.11581401901837,11.889476752377297,47.55790700950919
162.3,95.17925192736564,142.76887789104848,71.38443894552424,23.79481298184141,-47.58962596368282,4.758962596368282,190.35850385473128,-23.79481298184141,118.97406490920704,35.69221947276212,59.48703245460352,-95.17925192736564,11.897406490920705,47.58962596368282
162.4,95.24294480814092,142.86441721221138,71.43220860610569,23.81073620203523,-47.62147240407046,4.762147240407046,190.48588961628184,-23.81073620203523,119.05368101017615,35.716104303052845,59.526840505088074,-95.24294480814092,11.905368101017615,47.62147240407046
162.5,95.30693850268923,142.96040775403384,71.48020387701692,23.82673462567231,-47.65346925134462,4.765346925134462,190.61387700537847,-23.82673462567231,119.13367312836155,35.74010193850846,59.566836564180775,-95.30693850268923,11.913367312836154,47.65346925134462
162.60000000000002,95.37132802370924,143.05699203556387,71.52849601778193,23.84283200592731,-47.68566401185462,4.7685664011854625,190.74265604741848,-23.84283200592731,119.21416002963655,35.764248008890966,59.60708001481827,-95.37132802370924,11.921416002963655,47.68566401185462
162.70000000000002,95.43614665845466,143.15421998768198,71.57710999384099,23.859036664613665,-47.71807332922733,4.771807332922733,190.87229331690932,-23.859036664613665,119.29518332306833,35.788554996920496,59.647591661534165,-95.43614665845466,11.929518332306833,47.71807332922733
162.8,95.50137847723843,143.25206771585766,71.62603385792883,23.875344619309608,-47.750689238619216,4.775068923861922,191.00275695447687,-23.875344619309608,119.37672309654803,35.813016928964416,59.68836154827402,-95.50137847723843,11.937672309654804,47.750689238619216
162.9,95.56702745894493,143.3505411884174,71.6752705942087,23.891756864736234,-47.78351372947247,4.778351372947247,191.13405491788987,-23.891756864736234,119.45878432368117,35.83763529710435,59.729392161840586,-95.56702745894493,11.945878432368117,47.78351372947247
163.0,95.63307913288673,143.4496186993301,71.72480934966505,23.908269783221684,-47.81653956644337,4.781653956644337,191.26615826577347,-23.908269783221684,119.54134891610842,35.862404674832526,59.77067445805421,-95.63307913288673,11.954134891610842,47.81653956644337
163.10000000000002,95.6994922680187,143.54923840202804,71.77461920101402,23.924873067004675,-47.84974613400935,4.784974613400935,191.3989845360374,-23.924873067004675,119.62436533502338,35.88730960050701,59.81218266751169,-95.6994922680187,11.962436533502338,47.84974613400935
163.20000000000002,95.7661850451741,143.64927756776115,71.82463878388057,23.941546261293524,-47.88309252258705,4.788309252258705,191.5323700903482,-23.941546261293524,119.70773130646762,35.91231939194029,59.85386565323381,-95.7661850451741,11.970773130646762,47.88309252258705
163.3,95.83313309719601,143.749699645794,71.874849822897,23.958283274299003,-47.916566548598006,4.791656654859801,191.66626619439202,-23.958283274299003,119.79141637149502,35.9374249114485,59.89570818574751,-95.83313309719601,11.979141637149501,47.916566548598006
163.4,95.90029185606919,143.85043778410378,71.92521889205189,23.975072964017297,-47.950145928034594,4.79501459280346,191.80058371213838,-23.975072964017297,119.87536482008649,35.962609446025944,59.937682410043244,-95.90029185606919,11.987536482008649,47.950145928034594
163.5,95.96768845514096,143.95153268271144,71.97576634135572,23.99192211378524,-47.98384422757048,4.7983844227570485,191.93537691028192,-23.99192211378524,119.9596105689262,35.98788317067786,59.9798052844631,-95.96768845514096,11.99596105689262,47.98384422757048
163.60000000000002,96.03543954586813,144.0531593188022,72.0265796594011,24.008859886467032,-48.017719772934065,4.801771977293407,192.07087909173626,-24.008859886467032,120.04429943233517,36.01328982970055,60.02214971616758,-96.03543954586813,12.004429943233516,48.017719772934065
163.70000000000002,96.10365681932024,144.15548522898035,72.07774261449018,24.02591420483006,-48.05182840966012,4.805182840966012,192.20731363864047,-24.02591420483006,120.1295710241503,36.03887130724509,60.06478551207515,-96.10365681932024,12.01295710241503,48.05182840966012
163.8,96.17245781188583,144.25868671782877,72.12934335891438,24.04311445297146,-48.08622890594292,4.808622890594292,192.34491562377167,-24.04311445297146,120.21557226485729,36.06467167945719,60.10778613242864,-96.17245781188583,12.02155722648573,48.08622890594292
163.9,96.24193564974058,144.36290347461087,72.18145173730544,24.060483912435146,-48.12096782487029,4.812096782487029,192.48387129948117,-24.060483912435146,120.30241956217573,36.09072586865272,60.151209781087864,-96.24193564974058,12.030241956217573,48.12096782487029
164.0,96.31220391331175,144.46830586996762,72.23415293498381,24.078050978327937,-48.156101956655874,4.815610195665588,192.6244078266235,-24.078050978327937,120.39025489163969,36.117076467491906,60.19512744581984,-96.31220391331175,12.039025489163969,48.156101956655874
164.10000000000002,96.38329849754955,144.5749477463243,72.28747387316216,24.095824624387387,-48.19164924877477,4.8191649248774775,192.7665969950991,-24.095824624387387,120.47912312193694,36.14373693658108,60.23956156096847,-96.38329849754955,12.047912312193693,48.19164924877477
164.20000000000002,96.45526899421374,144.68290349132062,72.34145174566031,24.113817248553435,-48.22763449710687,4.8227634497106875,192.91053798842748,-24.113817248553435,120.56908624276717,36.170725872830154,60.284543121383585,-96.45526899421374,12.056908624276717,48.22763449710687
164.3,96.52819764502489,144.79229646753734,72.39614823376867,24.132049411256222,-48.264098822512445,4.8264098822512445,193.05639529004978,-24.132049411256222,120.66024705628111,36.198074116884335,60.330123528140554,-96.52819764502489,12.066024705628111,48.264098822512445
164.4,96.60212691793004,144.90319037689505,72.45159518844753,24.15053172948251,-48.30106345896502,4.830106345896502,193.20425383586007,-24.15053172948251,120.75265864741255,36.225797594223764,60.37632932370627,-96.60212691793004,12.075265864741255,48.30106345896502
164.5,96.67706924005891,145.01560386008836,72.50780193004418,24.169267310014728,-48.338534620029456,4.833853462002946,193.35413848011783,-24.169267310014728,120.84633655007364,36.25390096502209,60.42316827503682,-96.67706924005891,12.084633655007364,48.338534620029456
164.60000000000002,96.75300162828374,145.1295024424256,72.5647512212128,24.188250407070935,-48.37650081414187,4.837650081414187,193.50600325656748,-24.188250407070935,120.94125203535468,36.2823756106064,60.47062601767734,-96.75300162828374,12.094125203535468,48.37650081414187
164.70000000000002,96.8299068160059,145.24486022400885,72.62243011200442,24.207476704001476,-48.41495340800295,4.841495340800296,193.6598136320118,-24.207476704001476,121.03738352000738,36.31121505600221,60.51869176000369,-96.8299068160059,12.103738352000738,48.41495340800295
164.8,96.90768774502864,145.36153161754297,72.68076580877148,24.22692193625716,-48.45384387251432,4.845384387251432,193.81537549005728,-24.22692193625716,121.1346096812858,36.34038290438574,60.5673048406429,-96.90768774502864,12.11346096812858,48.45384387251432
164.9,96.98618021826856,145.47927032740284,72.73963516370142,24.24654505456714,-48.49309010913428,4.849309010913428,193.97236043653712,-24.24654505456714,121.2327252728357,36.36981758185071,60.61636263641785,-96.98618021826856,12.12327252728357,48.49309010913428
165.0,97.06517018932335,145.59775528398504,72.79887764199252,24.26629254733084,-48.53258509466168,4.853258509466168,194.1303403786467,-24.26629254733084,121.33146273665419,36.39943882099626,60.665731368327094,-97.06517018932335,12.13314627366542,48.53258509466168
165.10000000000002,97.1444398898848,145.7166598348272,72.8583299174136,24.2861099724712,-48.5722199449424,4.85722199449424,194.2888797797696,-24.2861099724712,121.43054986235599,36.4291649587068,60.715274931177994,-97.1444398898848,12.1430549862356,48.5722199449424
165.20000000000002,97.2237938158109,145.83569072371634,72.91784536185817,24.305948453952723,-48.61189690790545,4.861189690790545,194.4475876316218,-24.305948453952723,121.52974226976362,36.458922680929085,60.76487113488181,-97.2237938158109,12.152974226976362,48.61189690790545
165.3,97.30302365785062,145.9545354867759,72.97726774338796,24.325755914462654,-48.65151182892531,4.865151182892531,194.60604731570123,-24.325755914462654,121.62877957231328,36.48863387169398,60.81438978615664,-97.30302365785062,12.162877957231327,48.65151182892531
165.4,97.38189733088977,146.07284599633465,73.03642299816732,24.345474332722443,-48.690948665444886,4.869094866544489,194.76379466177954,-24.345474332722443,121.72737166361222,36.51821149908366,60.86368583180611,-97.38189733088977,12.172737166361221,48.690948665444886
165.5,97.4601671828825,146.19025077432374,73.09512538716187,24.365041795720625,-48.73008359144125,4.873008359144126,194.920334365765,-24.365041795720625,121.82520897860313,36.547562693580936,60.912604489301565,-97.4601671828825,12.182520897860313,48.73008359144125
165.60000000000002,97.53755982139192,146.30633973208788,73.15316986604394,24.38438995534798,-48.76877991069596,4.8768779910695965,195.07511964278385,-24.38438995534798,121.92194977673991,36.57658493302197,60.960974888369954,-97.53755982139192,12.19219497767399,48.76877991069596
165.70000000000002,97.6138205361873,146.42073080428096,73.21036540214048,24.403455134046826,-48.80691026809365,4.880691026809366,195.2276410723746,-24.403455134046826,122.01727567023413,36.60518270107024,61.008637835117064,-97.6138205361873,12.201727567023413,48.80691026809365
165.8,97.68868786434956,146.53303179652434,73.26651589826217,24.42217196608739,-48.84434393217478,4.884434393217479,195.37737572869912,-24.42217196608739,122.11085983043695,36.633257949131085,61.055429915218475,-97.68868786434956,12.211085983043695,48.84434393217478
165.9,97.7618945785766,146.6428418678649,73.32142093393244,24.44047364464415,-48.8809472892883,4.888094728928831,195.5237891571532,-24.44047364464415,122.20236822322076,36.66071046696622,61.10118411161038,-97.7618945785766,12.220236822322075,48.8809472892883
166.0,97.83322362427623,146.74983543641434,73.37491771820717,24.458305906069057,-48.916611812138115,4.891661181213812,195.66644724855246,-24.458305906069057,122.29152953034529,36.687458859103586,61.14576476517264,-97.83322362427623,12.229152953034529,48.916611812138115
166.10000000000002,97.90243253756996,146.85364880635495,73.42682440317748,24.47560813439249,-48.95121626878498,4.895121626878499,195.80486507513993,-24.47560813439249,122.37804067196245,36.71341220158874,61.189020335981226,-97.90243253756996,12.237804067196246,48.95121626878498
166.20000000000002,97.96923084831943,146.95384627247915,73.47692313623958,24.492307712079857,-48.98461542415971,4.898461542415972,195.93846169663885,-24.492307712079857,122.46153856039928,36.73846156811979,61.23076928019964,-97.96923084831943,12.246153856039928,48.98461542415971
166.3,98.03334448855679,147.0500167328352,73.5250083664176,24.508336122139198,-49.016672244278396,4.90166722442784,196.06668897711359,-24.508336122139198,122.54168061069599,36.7625041832088,61.270840305347996,-98.03334448855679,12.254168061069599,49.016672244278396
166.4,98.09455660373352,147.1418349056003,73.57091745280015,24.52363915093338,-49.04727830186676,4.904727830186676,196.18911320746705,-24.52363915093338,122.6181957546669,36.78545872640007,61.30909787733345,-98.09455660373352,12.26181957546669,49.04727830186676
166.5,98.15267747082726,147.22901620624089,73.61450810312044,24.538169367706814,-49.07633873541363,4.907633873541363,196.3053549416545,-24.538169367706814,122.69084683853407,36.80725405156022,61.345423419267036,-98.15267747082726,12.269084683853407,49.07633873541363
166.60000000000002,98.20751071516486,147.3112660727473,73.65563303637364,24.551877678791215,-49.10375535758243,4.910375535758243,196.41502143032972,-24.551877678791215,122.75938839395607,36.82781651818682,61.379694196978036,-98.20751071516486,12.275938839395607,49.10375535758243
166.70000000000002,98.25887794994787,147.3883169249218,73.6941584624609,24.56471948748697,-49.12943897497394,4.912943897497394,196.51775589989575,-24.56471948748697,122.82359743743484,36.84707923123045,61.41179871871742,-98.25887794994787,12.282359743743484,49.12943897497394
166.8,98.3066324412375,147.45994866185623,73.72997433092812,24.576658110309374,-49.15331622061875,4.915331622061875,196.613264882475,-24.576658110309374,122.88329055154688,36.86498716546406,61.44164527577344,-98.3066324412375,12.288329055154687,49.15331622061875
166.9,98.35076893442859,147.5261534016429,73.76307670082144,24.587692233607147,-49.17538446721429,4.91753844672143,196.70153786885717,-24.587692233607147,122.93846116803573,36.88153835041072,61.469230584017865,-98.35076893442859,12.293846116803573,49.17538446721429
167.0,98.39133800857235,147.58700701285852,73.79350350642926,24.597834502143087,-49.195669004286174,4.9195669004286176,196.7826760171447,-24.597834502143087,122.98917251071543,36.89675175321463,61.49458625535772,-98.39133800857235,12.298917251071543,49.195669004286174
167.10000000000002,98.42839592708387,147.6425938906258,73.8212969453129,24.607098981770967,-49.214197963541935,4.9214197963541935,196.85679185416774,-24.607098981770967,123.03549490885484,36.91064847265645,61.51774745442742,-98.42839592708387,12.303549490885484,49.214197963541935
167.20000000000002,98.46199726416441,147.6929958962466,73.8464979481233,24.615499316041102,-49.230998632082205,4.923099863208221,196.92399452832882,-24.615499316041102,123.07749658020552,36.92324897406165,61.53874829010276,-98.46199726416441,12.307749658020551,49.230998632082205
167.3,98.49218175592696,147.73827263389046,73.86913631694523,24.62304543898174,-49.24609087796348,4.924609087796348,196.98436351185393,-24.62304543898174,123.1152271949087,36.934568158472615,61.55761359745435,-98.49218175592696,12.31152271949087,49.24609087796348
167.4,98.51901795756814,147.7785269363522,73.8892634681761,24.629754489392035,-49.25950897878407,4.9259508978784075,197.03803591513628,-24.629754489392035,123.14877244696018,36.94463173408805,61.57438622348009,-98.51901795756814,12.314877244696017,49.25950897878407
167.5,98.5425829167354,147.8138743751031,73.90693718755155,24.63564572918385,-49.2712914583677,4.92712914583677,197.0851658334708,-24.63564572918385,123.17822864591925,36.953468593775774,61.589114322959624,-98.5425829167354,12.317822864591925,49.2712914583677
167.60000000000002,98.56293012894255,147.84439519341385,73.92219759670692,24.64073253223564,-49.28146506447128,4.928146506447128,197.1258602578851,-24.64073253223564,123.20366266117819,36.96109879835346,61.60183133058909,-98.56293012894255,12.32036626611782,49.28146506447128
167.70000000000002,98.58013602526962,147.87020403790444,73.93510201895222,24.645034006317406,-49.29006801263481,4.929006801263482,197.16027205053925,-24.645034006317406,123.22517003158703,36.96755100947611,61.61258501579351,-98.58013602526962,12.322517003158703,49.29006801263481
167.8,98.59433037681706,147.89149556522557,73.94574778261278,24.648582594204264,-49.29716518840853,4.929716518840853,197.1886607536341,-24.648582594204264,123.24291297102133,36.97287389130639,61.62145648551066,-98.59433037681706,12.324291297102132,49.29716518840853
167.9,98.6057123551771,147.90856853276566,73.95428426638283,24.651428088794276,-49.30285617758855,4.930285617758855,197.2114247103542,-24.651428088794276,123.25714044397138,36.977142133191414,61.62857022198569,-98.6057123551771,12.325714044397138,49.30285617758855
168.0,98.61445948605146,147.92168922907717,73.96084461453859,24.653614871512865,-49.30722974302573,4.930722974302573,197.22891897210292,-24.653614871512865,123.26807435756433,36.98042230726929,61.634037178782165,-98.61445948605146,12.326807435756432,49.30722974302573
168.10000000000002,98.6207396619583,147.93110949293745,73.96555474646873,24.655184915489574,-49.31036983097915,4.931036983097915,197.2414793239166,-24.655184915489574,123.27592457744787,36.98277737323436,61.637962288723934,-98.6207396619583,12.327592457744787,49.31036983097915
168.20000000000002,98.62474089507293,147.9371113426094,73.9685556713047,24.656185223768233,-49.312370447536466,4.931237044753647,197.24948179014586,-24.656185223768233,123.28092611884117,36.98427783565235,61.64046305942058,-98.62474089507293,12.328092611884117,49.312370447536466
168.3,98.62662318168614,147.93993477252923,73.96996738626461,24.656655795421536,-49.31331159084307,4.931331159084308,197.25324636337228,-24.656655795421536,123.28327897710767,36.98498369313231,61.641639488553835,-98.62662318168614,12.328327897710768,49.31331159084307
168.4,98.62641160270182,147.93961740405274,73.96980870202637,24.656602900675455,-49.31320580135091,4.9313205801350914,197.25282320540364,-24.656602900675455,123.28301450337727,36.984904351013185,61.64150725168864,-98.62641160270182,12.328301450337728,49.31320580135091
168.5,98.62409827823603,147.93614741735405,73.96807370867703,24.65602456955901,-49.31204913911802,4.931204913911802,197.24819655647207,-24.65602456955901,123.28012284779504,36.98403685433851,61.64006142389752,-98.62409827823603,12.328012284779504,49.31204913911802
168.60000000000002,98.61970987359311,147.92956481038965,73.96478240519482,24.654927468398277,-49.309854936796555,4.930985493679656,197.23941974718622,-24.654927468398277,123.2746373419914,36.98239120259741,61.6373186709957,-98.61970987359311,12.327463734199139,49.309854936796555
168.70000000000002,98.61327211187385,147.91990816781077,73.95995408390539,24.653318027968464,-49.30663605593693,4.930663605593693,197.2265442237477,-24.653318027968464,123.26659013984232,36.979977041952694,61.63329506992116,-98.61327211187385,12.326659013984232,49.30663605593693
168.8,98.60476601122326,147.9071490168349,73.95357450841745,24.651191502805816,-49.30238300561163,4.930238300561164,197.20953202244652,-24.651191502805816,123.25595751402908,36.97678725420872,61.62797875701454,-98.60476601122326,12.325595751402908,49.30238300561163
168.9,98.59416249436794,147.8912437415519,73.94562187077595,24.648540623591984,-49.29708124718397,4.929708124718397,197.18832498873587,-24.648540623591984,123.24270311795992,36.972810935387976,61.62135155897996,-98.59416249436794,12.324270311795992,49.29708124718397
169.0,98.58142261464405,147.87213392196608,73.93606696098304,24.645355653661014,-49.29071130732203,4.929071130732203,197.1628452292881,-24.645355653661014,123.22677826830507,36.96803348049152,61.613389134152534,-98.58142261464405,12.322677826830507,49.29071130732203
169.10000000000002,98.56655630045432,147.8498344506815,73.92491722534075,24.64163907511358,-49.28327815022716,4.928327815022716,197.13311260090865,-24.64163907511358,123.2081953755679,36.962458612670375,61.60409768778395,-98.56655630045432,12.32081953755679,49.28327815022716
169.20000000000002,98.54965561573847,147.82448342360772,73.91224171180386,24.63741390393462,-49.27482780786924,4.927482780786924,197.09931123147695,-24.63741390393462,123.18706951967309,36.95612085590193,61.593534759836544,-98.54965561573847,12.31870695196731,49.27482780786924
169.3,98.53087749096059,147.79631623644087,73.89815811822044,24.632719372740148,-49.265438745480296,4.92654387454803,197.06175498192118,-24.632719372740148,123.16359686370075,36.94907905911022,61.58179843185037,-98.53087749096059,12.316359686370074,49.265438745480296
169.4,98.5103973240979,147.76559598614685,73.88279799307342,24.627599331024474,-49.25519866204895,4.925519866204895,197.0207946481958,-24.627599331024474,123.13799665512236,36.94139899653671,61.56899832756118,-98.5103973240979,12.313799665512237,49.25519866204895
169.5,98.48840060039032,147.73260090058548,73.86630045029274,24.62210015009758,-49.24420030019516,4.924420030019516,196.97680120078064,-24.62210015009758,123.1105007504879,36.93315022514637,61.55525037524395,-98.48840060039032,12.31105007504879,49.24420030019516
169.60000000000002,98.46508284675137,147.69762427012705,73.84881213506353,24.616270711687843,-49.232541423375686,4.923254142337569,196.93016569350274,-24.616270711687843,123.08135355843922,36.92440606753176,61.54067677921961,-98.46508284675137,12.308135355843921,49.232541423375686
169.70000000000002,98.44064414440491,147.66096621660736,73.83048310830368,24.61016103610123,-49.22032207220246,4.922032207220246,196.88128828880983,-24.61016103610123,123.05080518050615,36.91524155415184,61.52540259025307,-98.44064414440491,12.305080518050614,49.22032207220246
169.8,98.41529479793124,147.62294219689687,73.81147109844844,24.60382369948281,-49.20764739896562,4.920764739896562,196.83058959586248,-24.60382369948281,123.01911849741404,36.90573554922422,61.50955924870702,-98.41529479793124,12.301911849741405,49.20764739896562
169.9,98.38918803487131,147.58378205230696,73.79189102615348,24.597297008717828,-49.194594017435655,4.919459401743566,196.77837606974262,-24.597297008717828,122.98648504358914,36.89594551307674,61.49324252179457,-98.38918803487131,12.298648504358914,49.194594017435655
170.0,98.36245926863494,147.5436889029524,73.7718444514762,24.590614817158734,-49.18122963431747,4.918122963431747,196.72491853726987,-24.590614817158734,122.95307408579367,36.8859222257381,61.47653704289684,-98.36245926863494,12.295307408579367,49.18122963431747
170.10000000000002,98.33531541297921,147.50297311946883,73.75148655973442,24.583828853244803,-49.16765770648961,4.916765770648961,196.67063082595843,-24.583828853244803,122.91914426622401,36.87574327986721,61.459572133112005,-98.33531541297921,12.291914426622402,49.16765770648961
170.20000000000002,98.30804374031747,147.4620656104762,73.7310328052381,24.577010935079368,-49.154021870158736,4.915402187015874,196.61608748063495,-24.577010935079368,122.88505467539684,36.86551640261905,61.44252733769842,-98.30804374031747,12.288505467539684,49.154021870158736
170.3,98.28094217499435,147.4214132624915,73.71070663124576,24.570235543748588,-49.140471087497176,4.914047108749718,196.5618843499887,-24.570235543748588,122.85117771874295,36.85535331562288,61.42558885937147,-98.28094217499435,12.285117771874294,49.140471087497176
170.4,98.25422975962289,147.38134463943433,73.69067231971717,24.563557439905722,-49.127114879811444,4.912711487981145,196.50845951924578,-24.563557439905722,122.81778719952861,36.84533615985858,61.408893599764305,-98.25422975962289,12.281778719952861,49.127114879811444
170.5,98.22807603298455,147.34211404947683,73.67105702473842,24.557019008246137,-49.11403801649227,4.911403801649228,196.4561520659691,-24.557019008246137,122.78509504123068,36.83552851236921,61.39254752061534,-98.22807603298455,12.278509504123068,49.11403801649227
170.60000000000002,98.20261556233174,147.30392334349762,73.65196167174881,24.550653890582936,-49.10130778116587,4.910130778116588,196.4052311246635,-24.550653890582936,122.75326945291468,36.825980835874404,61.37663472645734,-98.20261556233174,12.275326945291468,49.10130778116587
170.70000000000002,98.17799288241139,147.26698932361708,73.63349466180854,24.544498220602847,-49.088996441205694,4.90889964412057,196.35598576482278,-24.544498220602847,122.72249110301424,36.81674733090427,61.36124555150712,-98.17799288241139,12.272249110301424,49.088996441205694
170.8,98.15437021518002,147.23155532277002,73.61577766138501,24.538592553795006,-49.07718510759001,4.907718510759001,196.30874043036005,-24.538592553795006,122.69296276897504,36.807888830692505,61.34648138448752,-98.15437021518002,12.269296276897503,49.07718510759001
170.9,98.13184631449876,147.19776947174813,73.59888473587407,24.53296157862469,-49.06592315724938,4.9065923157249385,196.26369262899752,-24.53296157862469,122.66480789312345,36.79944236793703,61.332403946561726,-98.13184631449876,12.266480789312345,49.06592315724938
171.0,98.1104818986846,147.1657228480269,73.58286142401344,24.52762047467115,-49.0552409493423,4.90552409493423,196.2209637973692,-24.52762047467115,122.63810237335575,36.79143071200672,61.319051186677875,-98.1104818986846,12.263810237335575,49.0552409493423
171.10000000000002,98.09035220068077,147.13552830102117,73.56776415051058,24.522588050170192,-49.045176100340385,4.904517610034039,196.18070440136154,-24.522588050170192,122.61294025085095,36.78388207525529,61.30647012542548,-98.09035220068077,12.261294025085096,49.045176100340385
171.20000000000002,98.07151815336412,147.10727723004618,73.55363861502309,24.51787953834103,-49.03575907668206,4.903575907668206,196.14303630672825,-24.51787953834103,122.58939769170516,36.776819307511545,61.29469884585258,-98.07151815336412,12.258939769170516,49.03575907668206
171.3,98.05401265934191,147.08101898901288,73.54050949450644,24.513503164835477,-49.027006329670954,4.902700632967096,196.10802531868381,-24.513503164835477,122.56751582417738,36.77025474725322,61.28375791208869,-98.05401265934191,12.256751582417738,49.027006329670954
171.4,98.03783955809455,147.0567593371418,73.5283796685709,24.509459889523637,-49.01891977904727,4.901891977904728,196.0756791161891,-24.509459889523637,122.54729944761819,36.76418983428545,61.27364972380909,-98.03783955809455,12.254729944761818,49.01891977904727
171.5,98.02298056492235,147.03447084738352,73.51723542369176,24.505745141230587,-49.011490282461175,4.901149028246118,196.0459611298447,-24.505745141230587,122.52872570615294,36.75861771184588,61.26436285307647,-98.02298056492235,12.252872570615294,49.011490282461175
171.60000000000002,98.0094771531096,147.0142157296644,73.5071078648322,24.5023692882774,-49.0047385765548,4.900473857655481,196.0189543062192,-24.5023692882774,122.51184644138701,36.7535539324161,61.255923220693504,-98.0094771531096,12.2511846441387,49.0047385765548
171.70000000000002,97.99745674818212,146.99618512227318,73.49809256113659,24.49936418704553,-48.99872837409106,4.899872837409106,195.99491349636423,-24.49936418704553,122.49682093522765,36.749046280568294,61.24841046761382,-97.99745674818212,12.249682093522765,48.99872837409106
171.8,97.98703142008321,146.98054713012482,73.49027356506241,24.496757855020803,-48.993515710041606,4.899351571004161,195.97406284016643,-24.496757855020803,122.48378927510402,36.745136782531205,61.24189463755201,-97.98703142008321,12.248378927510402,48.993515710041606
171.9,97.978321941387,146.9674829120805,73.48374145604025,24.49458048534675,-48.9891609706935,4.89891609706935,195.956643882774,-24.49458048534675,122.47290242673374,36.741870728020125,61.23645121336687,-97.978321941387,12.247290242673374,48.9891609706935
172.0,97.9714138282917,146.95712074243755,73.47856037121878,24.492853457072925,-48.98570691414585,4.8985706914145855,195.9428276565834,-24.492853457072925,122.46426728536463,36.73928018560939,61.232133642682314,-97.9714138282917,12.246426728536463,48.98570691414585
172.10000000000002,97.96639376885312,146.9495906532797,73.47479532663985,24.49159844221328,-48.98319688442656,4.8983196884426565,195.93278753770625,-24.49159844221328,122.4579922110664,36.737397663319925,61.2289961055332,-97.96639376885312,12.24579922110664,48.98319688442656
172.20000000000002,97.96334505206524,146.94501757809786,73.47250878904893,24.49083626301631,-48.98167252603262,4.898167252603262,195.92669010413047,-24.49083626301631,122.45418131508154,36.736254394524465,61.22709065754077,-97.96334505206524,12.245418131508155,48.98167252603262
172.3,97.96236210161148,146.94354315241722,73.47177157620861,24.49059052540287,-48.98118105080574,4.898118105080574,195.92472420322295,-24.49059052540287,122.45295262701434,36.735885788104305,61.22647631350717,-97.96236210161148,12.245295262701434,48.98118105080574
172.4,97.96351046355458,146.94526569533187,73.47263284766593,24.490877615888646,-48.98175523177729,4.89817552317773,195.92702092710917,-24.490877615888646,122.45438807944323,36.73631642383297,61.22719403972162,-97.96351046355458,12.245438807944323,48.98175523177729
172.5,97.96680403412863,146.95020605119294,73.47510302559647,24.491701008532157,-48.983402017064314,4.898340201706432,195.93360806825726,-24.491701008532157,122.45850504266079,36.737551512798234,61.229252521330395,-97.96680403412863,12.245850504266079,48.983402017064314
172.60000000000002,97.97221107736748,146.9583166160512,73.4791583080256,24.49305276934187,-48.98610553868374,4.898610553868374,195.94442215473495,-24.49305276934187,122.46526384670935,36.7395791540128,61.232631923354674,-97.97221107736748,12.246526384670934,48.98610553868374
172.70000000000002,97.97963060648252,146.9694459097238,73.4847229548619,24.49490765162063,-48.98981530324126,4.898981530324126,195.95926121296503,-24.49490765162063,122.47453825810314,36.74236147743095,61.23726912905157,-97.97963060648252,12.247453825810314,48.98981530324126
172.8,97.98893114571467,146.983396718572,73.491698359286,24.49723278642867,-48.99446557285734,4.899446557285734,195.97786229142935,-24.49723278642867,122.48616393214334,36.745849179643,61.24308196607167,-97.98893114571467,12.248616393214334,48.99446557285734
172.9,98.00006569604204,147.00009854406306,73.50004927203153,24.50001642401051,-49.00003284802102,4.900003284802103,196.00013139208409,-24.50001642401051,122.50008212005255,36.750024636015766,61.25004106002628,-98.00006569604204,12.250008212005255,49.00003284802102
173.0,98.01301746138242,147.0195261920736,73.5097630960368,24.503254365345605,-49.00650873069121,4.900650873069122,196.02603492276484,-24.503254365345605,122.51627182672803,36.7548815480184,61.258135913364015,-98.01301746138242,12.251627182672802,49.00650873069121
173.10000000000002,98.02781672761951,147.04172509142927,73.52086254571464,24.506954181904877,-49.013908363809755,4.901390836380976,196.05563345523902,-24.506954181904877,122.53477090952438,36.76043127285732,61.26738545476219,-98.02781672761951,12.253477090952439,49.013908363809755
173.20000000000002,98.04453550153616,147.06680325230423,73.53340162615211,24.51113387538404,-49.02226775076808,4.902226775076809,196.08907100307232,-24.51113387538404,122.5556693769202,36.766700813076056,61.2778346884601,-98.04453550153616,12.25556693769202,49.02226775076808
173.3,98.06322260491723,147.09483390737586,73.54741695368793,24.515805651229307,-49.031611302458614,4.903161130245862,196.12644520983446,-24.515805651229307,122.57902825614653,36.773708476843964,61.289514128073264,-98.06322260491723,12.257902825614654,49.031611302458614
173.4,98.08395219691161,147.12592829536743,73.56296414768372,24.520988049227903,-49.041976098455805,4.904197609845581,196.16790439382322,-24.520988049227903,122.6049402461395,36.78148207384186,61.30247012306975,-98.08395219691161,12.260494024613951,49.041976098455805
173.5,98.10677387595504,147.16016081393258,73.58008040696629,24.52669346898876,-49.05338693797752,4.905338693797752,196.21354775191008,-24.52669346898876,122.6334673449438,36.790040203483144,61.3167336724719,-98.10677387595504,12.26334673449438,49.05338693797752
173.60000000000002,98.13172015472323,147.19758023208485,73.59879011604242,24.532930038680806,-49.06586007736161,4.906586007736162,196.26344030944645,-24.532930038680806,122.66465019340403,36.79939505802121,61.332325096702014,-98.13172015472323,12.266465019340403,49.06586007736161
173.70000000000002,98.1587904370392,147.2381856555588,73.6190928277794,24.5396976092598,-49.0793952185196,4.907939521851961,196.3175808740784,-24.5396976092598,122.698488046299,36.8095464138897,61.3492440231495,-98.1587904370392,12.2698488046299,49.0793952185196
173.8,98.18795414215681,147.28193121323523,73.64096560661761,24.546988535539203,-49.093977071078406,4.909397707107841,196.37590828431362,-24.546988535539203,122.73494267769601,36.820482803308806,61.367471338848006,-98.18795414215681,12.273494267769602,49.093977071078406
173.9,98.21918482291527,147.3287772343729,73.66438861718645,24.554796205728817,-49.10959241145763,4.910959241145764,196.43836964583053,-24.554796205728817,122.77398102864409,36.83219430859322,61.386990514322044,-98.21918482291527,12.277398102864408,49.10959241145763
174.0,98.2524247911011,147.37863718665164,73.68931859332582,24.563106197775276,-49.12621239555055,4.9126212395550555,196.5048495822022,-24.563106197775276,122.81553098887639,36.84465929666291,61.407765494438195,-98.2524247911011,12.281553098887638,49.12621239555055
174.10000000000002,98.28761920975558,147.43142881463336,73.71571440731668,24.571904802438894,-49.14380960487779,4.9143809604877795,196.57523841951115,-24.571904802438894,122.85952401219447,36.85785720365834,61.429762006097235,-98.28761920975558,12.285952401219447,49.14380960487779
174.20000000000002,98.32473520512112,147.48710280768168,73.74355140384084,24.58118380128028,-49.16236760256056,4.916236760256056,196.64947041024223,-24.58118380128028,122.90591900640139,36.87177570192042,61.452959503200695,-98.32473520512112,12.29059190064014,49.16236760256056
174.3,98.36371400592905,147.54557100889357,73.77278550444679,24.590928501482264,-49.18185700296453,4.918185700296453,196.7274280118581,-24.590928501482264,122.95464250741132,36.886392752223394,61.47732125370566,-98.36371400592905,12.295464250741132,49.18185700296453
174.4,98.40453582616999,147.60680373925499,73.80340186962749,24.601133956542498,-49.202267913084995,4.9202267913085,196.80907165233998,-24.601133956542498,123.00566978271249,36.901700934813746,61.502834891356244,-98.40453582616999,12.300566978271249,49.202267913084995
174.5,98.44717485022694,147.67076227534042,73.83538113767021,24.611793712556736,-49.22358742511347,4.9223587425113475,196.8943497004539,-24.611793712556736,123.05896856278368,36.917690568835106,61.52948428139184,-98.44717485022694,12.305896856278368,49.22358742511347
174.60000000000002,98.49162339318494,147.73743508977742,73.86871754488871,24.622905848296234,-49.24581169659247,4.924581169659247,196.98324678636988,-24.622905848296234,123.11452924148116,36.934358772444355,61.55726462074058,-98.49162339318494,12.311452924148117,49.24581169659247
174.70000000000002,98.53778145302006,147.8066721795301,73.90333608976505,24.634445363255015,-49.26889072651003,4.9268890726510035,197.07556290604012,-24.634445363255015,123.17222681627507,36.951668044882524,61.586113408137535,-98.53778145302006,12.317222681627507,49.26889072651003
174.8,98.58541066961374,147.8781160044206,73.9390580022103,24.646352667403434,-49.29270533480687,4.929270533480687,197.17082133922747,-24.646352667403434,123.23176333701717,36.96952900110515,61.615881668508585,-98.58541066961374,12.323176333701717,49.29270533480687
174.9,98.63415829110524,147.95123743665786,73.97561871832893,24.65853957277631,-49.31707914555262,4.931707914555262,197.26831658221047,-24.65853957277631,123.29269786388154,36.987809359164466,61.64634893194077,-98.63415829110524,12.329269786388155,49.31707914555262
175.0,98.68365904376847,148.02548856565272,74.01274428282636,24.670914760942118,-49.341829521884236,4.934182952188424,197.36731808753694,-24.670914760942118,123.35457380471058,37.00637214141318,61.67728690235529,-98.68365904376847,12.335457380471059,49.341829521884236
175.10000000000002,98.73361385894925,148.1004207884239,74.05021039421194,24.683403464737314,-49.36680692947463,4.936680692947463,197.4672277178985,-24.683403464737314,123.41701732368657,37.02510519710597,61.70850866184328,-98.73361385894925,12.341701732368657,49.36680692947463
175.20000000000002,98.78377811406251,148.17566717109378,74.08783358554689,24.69594452851563,-49.39188905703126,4.939188905703126,197.56755622812503,-24.69594452851563,123.47972264257814,37.043916792773445,61.73986132128907,-98.78377811406251,12.347972264257814,49.39188905703126
175.3,98.83396527647254,148.2509479147088,74.1254739573544,24.708491319118135,-49.41698263823627,4.9416982638236275,197.66793055294508,-24.708491319118135,123.54245659559068,37.0627369786772,61.77122829779534,-98.83396527647254,12.354245659559068,49.41698263823627
175.4,98.88398826007335,148.32598239011003,74.16299119505501,24.720997065018338,-49.441994130036676,4.944199413003668,197.7679765201467,-24.720997065018338,123.60498532509169,37.08149559752751,61.802492662545845,-98.88398826007335,12.360498532509169,49.441994130036676
175.5,98.93365967142456,148.40048950713685,74.20024475356843,24.73341491785614,-49.46682983571228,4.946682983571229,197.86731934284913,-24.73341491785614,123.6670745892807,37.10012237678421,61.83353729464035,-98.93365967142456,12.36670745892807,49.46682983571228
175.60000000000002,98.98272799118108,148.4740919867716,74.2370459933858,24.74568199779527,-49.49136399559054,4.9491363995590545,197.96545598236216,-24.74568199779527,123.72840998897635,37.1185229966929,61.864204994488176,-98.98272799118108,12.372840998897635,49.49136399559054
175.70000000000002,99.0309550585065,148.54643258775977,74.27321629387988,24.757738764626627,-49.51547752925325,4.951547752925325,198.061910117013,-24.757738764626627,123.78869382313313,37.13660814693994,61.894346911566565,-99.0309550585065,12.378869382313313,49.51547752925325
175.8,99.07813666219405,148.61720499329107,74.30860249664553,24.769534165548514,-49.53906833109703,4.953906833109703,198.1562733243881,-24.769534165548514,123.84767082774258,37.15430124832277,61.92383541387129,-99.07813666219405,12.384767082774257,49.53906833109703
175.9,99.12404543654438,148.68606815481655,74.34303407740828,24.781011359136095,-49.56202271827219,4.95620227182722,198.24809087308876,-24.781011359136095,123.90505679568048,37.17151703870414,61.95252839784024,-99.12404543654438,12.390505679568047,49.56202271827219
176.0,99.16846056403489,148.75269084605233,74.37634542302617,24.792115141008722,-49.584230282017444,4.958423028201745,198.33692112806978,-24.792115141008722,123.96057570504361,37.18817271151308,61.980287852521805,-99.16846056403489,12.396057570504361,49.584230282017444
176.10000000000002,99.21113628374763,148.81670442562145,74.40835221281073,24.80278407093691,-49.60556814187382,4.960556814187382,198.42227256749527,-24.80278407093691,124.01392035468454,37.20417610640536,62.00696017734227,-99.21113628374763,12.401392035468454,49.60556814187382
176.20000000000002,99.25178628795949,148.87767943193924,74.43883971596962,24.812946571989873,-49.625893143979745,4.962589314397975,198.50357257591898,-24.812946571989873,124.06473285994936,37.21941985798481,62.03236642997468,-99.25178628795949,12.406473285994936,49.625893143979745
176.3,99.2901354586369,148.93520318795535,74.46760159397768,24.822533864659224,-49.64506772931845,4.964506772931845,198.5802709172738,-24.822533864659224,124.11266932329612,37.23380079698884,62.05633466164806,-99.2901354586369,12.411266932329612,49.64506772931845
176.4,99.32594740431529,148.98892110647293,74.49446055323646,24.83148685107882,-49.66297370215764,4.966297370215765,198.65189480863057,-24.83148685107882,124.15743425539411,37.24723027661823,62.078717127697054,-99.32594740431529,12.41574342553941,49.66297370215764
176.5,99.35902544967144,149.03853817450715,74.51926908725358,24.83975636241786,-49.67951272483572,4.967951272483572,198.71805089934287,-24.83975636241786,124.1987818120893,37.25963454362679,62.09939090604465,-99.35902544967144,12.41987818120893,49.67951272483572
176.60000000000002,99.38918603077586,149.08377904616378,74.54188952308189,24.847296507693965,-49.69459301538793,4.969459301538794,198.77837206155172,-24.847296507693965,124.23648253846983,37.270944761540946,62.118241269234915,-99.38918603077586,12.423648253846983,49.69459301538793
176.70000000000002,99.41628215793608,149.12442323690414,74.56221161845207,24.85407053948402,-49.70814107896804,4.970814107896804,198.83256431587216,-24.85407053948402,124.2703526974201,37.281105809226034,62.13517634871005,-99.41628215793608,12.42703526974201,49.70814107896804
176.8,99.44020500196058,149.16030750294087,74.58015375147043,24.860051250490145,-49.72010250098029,4.972010250098029,198.88041000392116,-24.860051250490145,124.30025625245072,37.29007687573522,62.15012812622536,-99.44020500196058,12.430025625245072,49.72010250098029
176.9,99.46090694984139,149.19136042476208,74.59568021238104,24.865226737460347,-49.730453474920694,4.97304534749207,198.92181389968277,-24.865226737460347,124.32613368730173,37.29784010619052,62.16306684365087,-99.46090694984139,12.432613368730173,49.730453474920694
177.0,99.4783794867408,149.21756923011122,74.60878461505561,24.8695948716852,-49.7391897433704,4.973918974337041,198.9567589734816,-24.8695948716852,124.347974358426,37.304392307527806,62.173987179213,-99.4783794867408,12.4347974358426,49.7391897433704
177.10000000000002,99.49263894276154,149.2389584141423,74.61947920707115,24.873159735690386,-49.74631947138077,4.974631947138078,198.9852778855231,-24.873159735690386,124.36579867845194,37.309739603535576,62.18289933922597,-99.49263894276154,12.436579867845193,49.74631947138077
177.20000000000002,99.50374272878909,149.25561409318362,74.62780704659181,24.875935682197273,-49.751871364394546,4.975187136439455,199.00748545757818,-24.875935682197273,124.37967841098637,37.313903523295906,62.189839205493186,-99.50374272878909,12.437967841098637,49.751871364394546
177.3,99.51173602285652,149.26760403428477,74.63380201714239,24.87793400571413,-49.75586801142826,4.975586801142827,199.02347204571305,-24.87793400571413,124.38967002857066,37.31690100857119,62.19483501428533,-99.51173602285652,12.438967002857066,49.75586801142826
177.4,99.51664225956753,149.27496338935129,74.63748169467564,24.879160564891883,-49.758321129783766,4.975832112978377,199.03328451913507,-24.879160564891883,124.39580282445942,37.31874084733782,62.19790141222971,-99.51664225956753,12.439580282445942,49.758321129783766
177.5,99.51852386415484,149.27778579623225,74.63889289811613,24.87963096603871,-49.75926193207742,4.9759261932077425,199.0370477283097,-24.87963096603871,124.39815483019356,37.31944644905806,62.19907741509678,-99.51852386415484,12.439815483019355,49.75926193207742
177.60000000000002,99.51745699603197,149.27618549404795,74.63809274702398,24.879364249007992,-49.758728498015984,4.975872849801599,199.03491399206393,-24.879364249007992,124.39682124503996,37.31904637351199,62.19841062251998,-99.51745699603197,12.439682124503996,49.758728498015984
177.70000000000002,99.51355794575669,149.27033691863502,74.63516845931751,24.878389486439172,-49.756778972878344,4.975677897287834,199.02711589151338,-24.878389486439172,124.39194743219586,37.317584229658756,62.19597371609793,-99.51355794575669,12.439194743219586,49.756778972878344
177.8,99.50689386752305,149.26034080128457,74.63017040064229,24.87672346688076,-49.75344693376152,4.975344693376153,199.0137877350461,-24.87672346688076,124.38361733440381,37.31508520032114,62.191808667201904,-99.50689386752305,12.43836173344038,49.75344693376152
177.9,99.49750097737233,149.24625146605848,74.62312573302924,24.87437524434308,-49.74875048868616,4.974875048868617,198.99500195474465,-24.87437524434308,124.37187622171541,37.31156286651462,62.185938110857705,-99.49750097737233,12.43718762217154,49.74875048868616
178.0,99.48539594822175,149.22809392233262,74.61404696116631,24.871348987055438,-49.742697974110875,4.974269797411088,198.9707918964435,-24.871348987055438,124.35674493527719,37.307023480583155,62.178372467638596,-99.48539594822175,12.435674493527719,49.742697974110875
178.10000000000002,99.47055216615874,149.2058282492381,74.60291412461905,24.867638041539685,-49.73527608307937,4.973527608307937,198.94110433231748,-24.867638041539685,124.33819020769843,37.301457062309524,62.169095103849216,-99.47055216615874,12.433819020769842,49.73527608307937
178.20000000000002,99.45294170472,149.17941255708,74.58970627854,24.86323542618,-49.72647085236,4.972647085236001,198.90588340944,-24.86323542618,124.3161771309,37.29485313927,62.15808856545,-99.45294170472,12.43161771309,49.72647085236
178.3,99.43254137955641,149.1488120693346,74.5744060346673,24.858135344889103,-49.716270689778206,4.971627068977821,198.86508275911282,-24.858135344889103,124.29067672444552,37.28720301733365,62.14533836222276,-99.43254137955641,12.429067672444551,49.716270689778206
178.4,99.4093242603616,149.1139863905424,74.5569931952712,24.8523310650904,-49.7046621301808,4.970466213018081,198.8186485207232,-24.8523310650904,124.261655325452,37.2784965976356,62.130827662726,-99.4093242603616,12.4261655325452,49.7046621301808
178.5,99.38322775166539,149.07484162749807,74.53742081374904,24.845806937916347,-49.691613875832694,4.96916138758327,198.76645550333077,-24.845806937916347,124.22903468958174,37.26871040687452,62.11451734479087,-99.38322775166539,12.422903468958173,49.691613875832694
178.60000000000002,99.35412430034825,149.03118645052237,74.51559322526118,24.83853107508706,-49.67706215017412,4.9677062150174125,198.7082486006965,-24.83853107508706,124.19265537543531,37.25779661263059,62.096327687717654,-99.35412430034825,12.41926553754353,49.67706215017412
178.70000000000002,99.32190381414468,148.98285572121702,74.49142786060851,24.83047595353617,-49.66095190707234,4.966095190707234,198.64380762828935,-24.83047595353617,124.15237976768084,37.245713930304255,62.07618988384042,-99.32190381414468,12.415237976768084,49.66095190707234
178.8,99.28650698196508,148.9297604729476,74.4648802364738,24.82162674549127,-49.64325349098254,4.964325349098254,198.57301396393015,-24.82162674549127,124.10813372745635,37.2324401182369,62.054066863728174,-99.28650698196508,12.410813372745634,49.64325349098254
178.9,99.24788410219645,148.87182615329468,74.43591307664734,24.811971025549113,-49.623942051098226,4.962394205109823,198.4957682043929,-24.811971025549113,124.05985512774556,37.21795653832367,62.02992756387278,-99.24788410219645,12.405985512774556,49.623942051098226
179.0,99.20592624091744,148.80888936137615,74.40444468068807,24.80148156022936,-49.60296312045872,4.960296312045872,198.41185248183487,-24.80148156022936,124.0074078011468,37.202222340344036,62.0037039005734,-99.20592624091744,12.40074078011468,49.60296312045872
179.10000000000002,99.16050336299664,148.74075504449496,74.37037752224748,24.79012584074916,-49.58025168149832,4.958025168149832,198.32100672599327,-24.79012584074916,123.95062920374579,37.18518876112374,61.975314601872896,-99.16050336299664,12.39506292037458,49.58025168149832
179.20000000000002,99.11145473386848,148.66718210080273,74.33359105040137,24.77786368346712,-49.55572736693424,4.955572736693425,198.22290946773697,-24.77786368346712,123.8893184173356,37.16679552520068,61.9446592086678,-99.11145473386848,12.38893184173356,49.55572736693424
179.3,99.0586331544171,148.58794973162566,74.29397486581283,24.764658288604274,-49.52931657720855,4.952931657720855,198.1172663088342,-24.764658288604274,123.82329144302136,37.146987432906414,61.91164572151068,-99.0586331544171,12.382329144302137,49.52931657720855
179.4,99.00191883208521,148.50287824812781,74.25143912406391,24.750479708021302,-49.500959416042605,4.9500959416042605,198.00383766417042,-24.750479708021302,123.75239854010651,37.125719562031954,61.876199270053256,-99.00191883208521,12.375239854010651,49.500959416042605
179.5,98.94123788838826,148.41185683258237,74.20592841629119,24.735309472097065,-49.47061894419413,4.947061894419413,197.88247577677652,-24.735309472097065,123.67654736048533,37.10296420814559,61.838273680242665,-98.94123788838826,12.367654736048532,49.47061894419413
179.60000000000002,98.87659401840655,148.31489102760983,74.15744551380492,24.719148504601637,-49.438297009203275,4.943829700920328,197.7531880368131,-24.719148504601637,123.59574252300818,37.07872275690246,61.79787126150409,-98.87659401840655,12.359574252300819,49.438297009203275
179.70000000000002,98.80794930495995,148.21192395743992,74.10596197871996,24.701987326239987,-49.403974652479974,4.940397465247997,197.6158986099199,-24.701987326239987,123.50993663119993,37.05298098935998,61.75496831559997,-98.80794930495995,12.350993663119993,49.403974652479974
179.8,98.73524152471002,148.10286228706502,74.05143114353251,24.683810381177505,-49.36762076235501,4.936762076235501,197.47048304942004,-24.683810381177505,123.41905190588753,37.025715571766256,61.709525952943764,-98.73524152471002,12.341905190588752,49.36762076235501
179.9,98.65841892585658,147.98762838878486,73.99381419439243,24.664604731464145,-49.32920946292829,4.932920946292829,197.31683785171316,-24.664604731464145,123.32302365732073,36.996907097196214,61.661511828660366,-98.65841892585658,12.332302365732073,49.32920946292829
180.0,98.5774554861689,147.86618322925335,73.93309161462668,24.644363871542225,-49.28872774308445,4.928872774308445,197.1549109723378,-24.644363871542225,123.22181935771113,36.96654580731334,61.61090967885556,-98.5774554861689,12.322181935771113,49.28872774308445
180.10000000000002,98.49236036023972,147.73854054035957,73.86927027017978,24.62309009005993,-49.24618018011986,4.924618018011986,196.98472072047943,-24.62309009005993,123.11545045029965,36.93463513508989,61.557725225149824,-98.49236036023972,12.311545045029964,49.24618018011986
180.20000000000002,98.40318981475434,147.6047847221315,73.80239236106576,24.600797453688585,-49.20159490737717,4.920159490737717,196.80637962950868,-24.600797453688585,123.00398726844293,36.90119618053288,61.50199363422146,-98.40318981475434,12.300398726844293,49.20159490737717
180.3,98.31000491839046,147.4650073775857,73.73250368879285,24.577501229597615,-49.15500245919523,4.915500245919524,196.62000983678092,-24.577501229597615,122.88750614798808,36.86625184439642,61.44375307399404,-98.31000491839046,12.288750614798808,49.15500245919523
180.4,98.21288586895483,147.31932880343226,73.65966440171613,24.553221467238707,-49.106442934477414,4.910644293447742,196.42577173790966,-24.553221467238707,122.76610733619353,36.829832200858064,61.383053668096764,-98.21288586895483,12.276610733619354,49.106442934477414
180.5,98.11197149407616,147.16795724111424,73.58397862055712,24.52799287351904,-49.05598574703808,4.9055985747038084,196.22394298815232,-24.52799287351904,122.6399643675952,36.79198931027856,61.3199821837976,-98.11197149407616,12.26399643675952,49.05598574703808
180.60000000000002,98.00742148128205,147.01113222192308,73.50556611096154,24.501855370320513,-49.003710740641026,4.900371074064103,196.0148429625641,-24.501855370320513,122.50927685160256,36.75278305548077,61.25463842580128,-98.00742148128205,12.250927685160256,49.003710740641026
180.70000000000002,97.8993039736489,146.84895596047335,73.42447798023667,24.474825993412225,-48.94965198682445,4.894965198682446,195.7986079472978,-24.474825993412225,122.37412996706112,36.71223899011834,61.18706498353056,-97.8993039736489,12.237412996706112,48.94965198682445
180.8,97.78769985503139,146.68154978254708,73.34077489127354,24.446924963757848,-48.893849927515696,4.88938499275157,195.57539971006278,-24.446924963757848,122.23462481878924,36.67038744563677,61.11731240939462,-97.78769985503139,12.223462481878924,48.893849927515696
180.9,97.672757875683,146.5091368135245,73.25456840676225,24.41818946892075,-48.8363789378415,4.883637893784151,195.345515751366,-24.41818946892075,122.09094734460376,36.62728420338112,61.04547367230188,-97.672757875683,12.209094734460376,48.8363789378415
181.0,97.5546231115835,146.33193466737524,73.16596733368762,24.388655777895874,-48.77731155579175,4.877731155579175,195.109246223167,-24.388655777895874,121.94327888947937,36.58298366684381,60.97163944473969,-97.5546231115835,12.194327888947937,48.77731155579175
181.10000000000002,97.43341783658813,146.1501267548822,73.0750633774411,24.358354459147034,-48.71670891829407,4.871670891829407,194.86683567317627,-24.358354459147034,121.79177229573517,36.53753168872055,60.895886147867586,-97.43341783658813,12.179177229573517,48.71670891829407
181.20000000000002,97.30928210811011,145.96392316216517,72.98196158108259,24.327320527027528,-48.654641054055055,4.865464105405506,194.61856421622022,-24.327320527027528,121.63660263513763,36.49098079054129,60.81830131756882,-97.30928210811011,12.163660263513764,48.654641054055055
181.3,97.18240687633117,145.77361031449675,72.88680515724838,24.295601719082793,-48.591203438165586,4.859120343816559,194.36481375266234,-24.295601719082793,121.47800859541397,36.44340257862419,60.739004297706984,-97.18240687633117,12.147800859541396,48.591203438165586
181.4,97.05300681422193,145.5795102213329,72.78975511066645,24.263251703555483,-48.526503407110965,4.852650340711097,194.10601362844386,-24.263251703555483,121.31625851777741,36.394877555333224,60.65812925888871,-97.05300681422193,12.131625851777741,48.526503407110965
181.5,96.92133837357949,145.38200756036923,72.69100378018462,24.230334593394872,-48.460669186789744,4.846066918678975,193.84267674715898,-24.230334593394872,121.15167296697436,36.34550189009231,60.57583648348718,-96.92133837357949,12.115167296697436,48.460669186789744
181.60000000000002,96.78767180104815,145.18150770157223,72.59075385078611,24.196917950262037,-48.393835900524074,4.839383590052408,193.5753436020963,-24.196917950262037,120.98458975131018,36.29537692539306,60.49229487565509,-96.78767180104815,12.098458975131019,48.393835900524074
181.70000000000002,96.65224568708167,144.9783685306225,72.48918426531125,24.16306142177042,-48.32612284354084,4.832612284354084,193.30449137416335,-24.16306142177042,120.8153071088521,36.244592132655626,60.40765355442605,-96.65224568708167,12.08153071088521,48.32612284354084
181.8,96.51534696676836,144.77302045015256,72.38651022507628,24.12883674169209,-48.25767348338418,4.8257673483384185,193.03069393353672,-24.12883674169209,120.64418370846045,36.19325511253814,60.32209185423022,-96.51534696676836,12.064418370846045,48.25767348338418
181.9,96.3771668277958,144.5657502416937,72.28287512084685,24.09429170694895,-48.1885834138979,4.818858341389791,192.7543336555916,-24.09429170694895,120.47145853474476,36.14143756042343,60.23572926737238,-96.3771668277958,12.047145853474476,48.1885834138979
182.0,96.23786282632472,144.35679423948707,72.17839711974354,24.05946570658118,-48.11893141316236,4.8118931413162365,192.47572565264943,-24.05946570658118,120.2973285329059,36.08919855987177,60.14866426645295,-96.23786282632472,12.02973285329059,48.11893141316236
182.10000000000002,96.09756256734073,144.1463438510111,72.07317192550555,24.024390641835183,-48.048781283670365,4.8048781283670365,192.19512513468146,-24.024390641835183,120.12195320917591,36.036585962752774,60.06097660458796,-96.09756256734073,12.012195320917591,48.048781283670365
182.20000000000002,95.95636278604294,143.9345441790644,71.9672720895322,23.989090696510736,-47.97818139302147,4.797818139302147,191.9127255720859,-23.989090696510736,119.94545348255369,35.9836360447661,59.972726741276844,-95.95636278604294,11.994545348255368,47.97818139302147
182.3,95.8143517856008,143.7215276784012,71.8607638392006,23.9535879464002,-47.9071758928004,4.790717589280041,191.6287035712016,-23.9535879464002,119.76793973200101,35.9303819196003,59.883969866000506,-95.8143517856008,11.9767939732001,47.9071758928004
182.4,95.67165652330557,143.50748478495836,71.75374239247918,23.917914130826393,-47.835828261652786,4.783582826165278,191.34331304661114,-23.917914130826393,119.58957065413196,35.87687119623959,59.79478532706598,-95.67165652330557,11.958957065413196,47.835828261652786
182.5,95.52836036728301,143.2925405509245,71.64627027546226,23.882090091820753,-47.76418018364151,4.776418018364151,191.05672073456603,-23.882090091820753,119.41045045910377,35.82313513773113,59.705225229551885,-95.52836036728301,11.941045045910377,47.76418018364151
182.60000000000002,95.38452220478418,143.07678330717627,71.53839165358814,23.846130551196044,-47.69226110239209,4.769226110239209,190.76904440956835,-23.846130551196044,119.23065275598022,35.76919582679407,59.61532637799011,-95.38452220478418,11.923065275598022,47.69226110239209
182.70000000000002,95.24024693163283,142.86037039744923,71.43018519872462,23.810061732908206,-47.62012346581641,4.762012346581641,190.48049386326565,-23.810061732908206,119.05030866454103,35.71509259936231,59.52515433227052,-95.24024693163283,11.905030866454103,47.62012346581641
182.8,95.09567914094097,142.64351871141145,71.32175935570572,23.773919785235243,-47.54783957047049,4.7547839570470485,190.19135828188195,-23.773919785235243,118.86959892617622,35.66087967785286,59.43479946308811,-95.09567914094097,11.886959892617622,47.54783957047049
182.9,94.9509484195473,142.42642262932094,71.21321131466047,23.737737104886826,-47.47547420977365,4.747547420977365,189.9018968390946,-23.737737104886826,118.68868552443413,35.606605657330235,59.34434276221707,-94.9509484195473,11.868868552443413,47.47547420977365
183.0,94.80617745740648,142.20926618610972,71.10463309305486,23.70154436435162,-47.40308872870324,4.740308872870324,189.61235491481295,-23.70154436435162,118.5077218217581,35.55231654652743,59.25386091087905,-94.80617745740648,11.85077218217581,47.40308872870324
183.10000000000002,94.66149939024021,141.9922490853603,70.99612454268015,23.665374847560052,-47.330749695120105,4.7330749695120105,189.32299878048042,-23.665374847560052,118.32687423780027,35.498062271340075,59.163437118900134,-94.66149939024021,11.832687423780026,47.330749695120105
183.20000000000002,94.5170256688553,141.77553850328295,70.88776925164147,23.629256417213824,-47.25851283442765,4.725851283442765,189.0340513377106,-23.629256417213824,118.14628208606912,35.443884625820736,59.07314104303456,-94.5170256688553,11.814628208606912,47.25851283442765
183.3,94.37289308691743,141.55933963037614,70.77966981518807,23.593223271729357,-47.186446543458715,4.718644654345872,188.74578617383486,-23.593223271729357,117.96611635864679,35.389834907594036,58.98305817932339,-94.37289308691743,11.796611635864679,47.186446543458715
183.4,94.22924320399974,141.3438648059996,70.6719324029998,23.557310800999936,-47.11462160199987,4.7114621601999875,188.4584864079995,-23.557310800999936,117.78655400499969,35.3359662014999,58.89327700249984,-94.22924320399974,11.778655400499968,47.11462160199987
183.5,94.08625452062859,141.12938178094288,70.56469089047144,23.521563630157146,-47.04312726031429,4.7043127260314295,188.17250904125717,-23.521563630157146,117.60781815078573,35.28234544523572,58.803909075392866,-94.08625452062859,11.760781815078573,47.04312726031429
183.60000000000002,93.94418360447787,140.9162754067168,70.4581377033584,23.486045901119468,-46.972091802238936,4.6972091802238936,187.88836720895574,-23.486045901119468,117.43022950559734,35.2290688516792,58.71511475279867,-93.94418360447787,11.743022950559734,46.972091802238936
183.70000000000002,93.80329931808389,140.70494897712584,70.35247448856292,23.450824829520972,-46.901649659041944,4.690164965904194,187.60659863616777,-23.450824829520972,117.25412414760486,35.17623724428146,58.62706207380243,-93.80329931808389,11.725412414760486,46.901649659041944
183.8,93.6638788889013,140.49581833335193,70.24790916667597,23.415969722225324,-46.83193944445065,4.6831939444450645,187.3277577778026,-23.415969722225324,117.07984861112662,35.123954583337984,58.53992430556331,-93.6638788889013,11.707984861112662,46.83193944445065
183.9,93.52619826454934,140.289297396824,70.144648698412,23.381549566137334,-46.76309913227467,4.676309913227467,187.05239652909867,-23.381549566137334,116.90774783068667,35.072324349206,58.45387391534334,-93.52619826454934,11.690774783068667,46.76309913227467
184.0,93.39048407694905,140.08572611542357,70.04286305771178,23.347621019237263,-46.695242038474525,4.669524203847453,186.7809681538981,-23.347621019237263,116.73810509618632,35.02143152885589,58.36905254809316,-93.39048407694905,11.673810509618631,46.695242038474525
184.10000000000002,93.25695180520154,139.8854277078023,69.94271385390115,23.314237951300385,-46.62847590260077,4.6628475902600774,186.51390361040308,-23.314237951300385,116.57118975650192,34.97135692695058,58.28559487825096,-93.25695180520154,11.657118975650192,46.62847590260077
184.20000000000002,93.12578677935342,139.68868016903014,69.84434008451507,23.281446694838355,-46.56289338967671,4.656289338967671,186.25157355870684,-23.281446694838355,116.40723347419177,34.922170042257534,58.203616737095885,-93.12578677935342,11.640723347419177,46.56289338967671
184.3,92.99717369934585,139.49576054901877,69.74788027450938,23.249293424836463,-46.498586849672925,4.649858684967293,185.9943473986917,-23.249293424836463,116.24646712418232,34.87394013725469,58.12323356209116,-92.99717369934585,11.624646712418231,46.498586849672925
184.4,92.8713134242608,139.30697013639121,69.65348506819561,23.2178283560652,-46.4356567121304,4.64356567121304,185.7426268485216,-23.2178283560652,116.089141780326,34.826742534097804,58.044570890163,-92.8713134242608,11.6089141780326,46.4356567121304
184.5,92.74842954157637,139.12264431236457,69.56132215618229,23.187107385394093,-46.374214770788186,4.637421477078819,185.49685908315274,-23.187107385394093,115.93553692697046,34.78066107809114,57.96776846348523,-92.74842954157637,11.593553692697046,46.374214770788186
184.60000000000002,92.62869166506933,138.943037497604,69.471518748802,23.15717291626733,-46.31434583253466,4.6314345832534665,185.25738333013865,-23.15717291626733,115.78586458133665,34.735759374401,57.89293229066833,-92.62869166506933,11.578586458133666,46.31434583253466
184.70000000000002,92.51225096877701,138.7683764531655,69.38418822658275,23.128062742194253,-46.256125484388505,4.625612548438851,185.02450193755402,-23.128062742194253,115.64031371097127,34.692094113291375,57.820156855485635,-92.51225096877701,11.564031371097126,46.256125484388505
184.8,92.39926426462185,138.5988963969328,69.2994481984664,23.099816066155462,-46.199632132310924,4.619963213231093,184.7985285292437,-23.099816066155462,115.4990803307773,34.6497240992332,57.74954016538865,-92.39926426462185,11.549908033077731,46.199632132310924
184.9,92.28988000376474,138.4348200056471,69.21741000282356,23.072470000941184,-46.14494000188237,4.614494000188237,184.57976000752947,-23.072470000941184,115.36235000470592,34.60870500141178,57.68117500235296,-92.28988000376474,11.536235000470592,46.14494000188237
185.0,92.18426525909082,138.27639788863624,69.13819894431812,23.046066314772705,-46.09213262954541,4.609213262954541,184.36853051818164,-23.046066314772705,115.23033157386352,34.56909947215906,57.61516578693176,-92.18426525909082,11.523033157386353,46.09213262954541
185.10000000000002,92.08261706604858,138.1239255990729,69.06196279953645,23.020654266512146,-46.04130853302429,4.604130853302429,184.16523413209717,-23.020654266512146,115.10327133256072,34.53098139976822,57.55163566628036,-92.08261706604858,11.510327133256073,46.04130853302429
185.20000000000002,91.98505738059644,137.97758607089466,68.98879303544733,22.99626434514911,-45.99252869029822,4.599252869029822,183.9701147611929,-22.99626434514911,114.98132172574556,34.494396517723665,57.49066086287278,-91.98505738059644,11.498132172574556,45.99252869029822
185.3,91.89170739754837,137.83756109632256,68.91878054816128,22.972926849387093,-45.94585369877419,4.594585369877419,183.78341479509675,-22.972926849387093,114.86463424693547,34.45939027408064,57.43231712346773,-91.89170739754837,11.486463424693547,45.94585369877419
185.4,91.80263339108065,137.70395008662098,68.85197504331049,22.950658347770162,-45.901316695540324,4.590131669554032,183.6052667821613,-22.950658347770162,114.7532917388508,34.425987521655244,57.3766458694254,-91.80263339108065,11.475329173885081,45.901316695540324
185.5,91.71786272284415,137.57679408426623,68.78839704213311,22.929465680711036,-45.85893136142207,4.585893136142207,183.4357254456883,-22.929465680711036,114.64732840355518,34.394198521066556,57.32366420177759,-91.71786272284415,11.464732840355518,45.85893136142207
185.60000000000002,91.63741056678394,137.4561158501759,68.72805792508795,22.909352641695985,-45.81870528339197,4.581870528339198,183.27482113356788,-22.909352641695985,114.54676320847993,34.364028962543976,57.273381604239965,-91.63741056678394,11.454676320847993,45.81870528339197
185.70000000000002,91.56129344675136,137.34194017012703,68.67097008506352,22.89032336168784,-45.78064672337568,4.578064672337568,183.12258689350273,-22.89032336168784,114.45161680843921,34.33548504253176,57.225808404219606,-91.56129344675136,11.44516168084392,45.78064672337568
185.8,91.48950094280558,137.23425141420836,68.61712570710418,22.872375235701394,-45.74475047140279,4.574475047140279,182.97900188561115,-22.872375235701394,114.36187617850698,34.30856285355209,57.18093808925349,-91.48950094280558,11.436187617850697,45.74475047140279
185.9,91.42199306038154,137.13298959057232,68.56649479528616,22.855498265095385,-45.71099653019077,4.571099653019077,182.84398612076308,-22.855498265095385,114.27749132547692,34.28324739764308,57.13874566273846,-91.42199306038154,11.427749132547692,45.71099653019077
186.0,91.35875062586938,137.03812593880406,68.51906296940203,22.839687656467344,-45.67937531293469,4.567937531293469,182.71750125173875,-22.839687656467344,114.19843828233672,34.259531484701014,57.09921914116836,-91.35875062586938,11.419843828233672,45.67937531293469
186.10000000000002,91.29979778132838,136.94969667199257,68.47484833599628,22.824949445332095,-45.64989889066419,4.564989889066419,182.59959556265676,-22.824949445332095,114.12474722666047,34.23742416799814,57.06237361333024,-91.29979778132838,11.412474722666047,45.64989889066419
186.20000000000002,91.24510379190221,136.8676556878533,68.43382784392665,22.811275947975552,-45.622551895951105,4.562255189595111,182.49020758380442,-22.811275947975552,114.05637973987777,34.216913921963325,57.028189869938885,-91.24510379190221,11.405637973987776,45.622551895951105
186.3,91.19461132724636,136.79191699086954,68.39595849543477,22.79865283181159,-45.59730566362318,4.559730566362318,182.38922265449273,-22.79865283181159,113.99326415905796,34.197979247717385,56.99663207952898,-91.19461132724636,11.399326415905795,45.59730566362318
186.4,91.14823847276912,136.7223577091537,68.36117885457685,22.78705961819228,-45.57411923638456,4.5574119236384565,182.29647694553825,-22.78705961819228,113.9352980909614,34.180589427288425,56.9676490454807,-91.14823847276912,11.39352980909614,45.57411923638456
186.5,91.10590236039623,136.65885354059435,68.32942677029718,22.776475590099057,-45.552951180198114,4.555295118019812,182.21180472079246,-22.776475590099057,113.88237795049528,34.16471338514859,56.94118897524764,-91.10590236039623,11.388237795049529,45.552951180198114
186.60000000000002,91.06753094305941,136.60129641458911,68.30064820729456,22.766882735764852,-45.533765471529705,4.553376547152971,182.13506188611882,-22.766882735764852,113.83441367882426,34.15032410364728,56.91720683941213,-91.06753094305941,11.383441367882426,45.533765471529705
186.70000000000002,91.03307564710578,136.54961347065867,68.27480673532934,22.758268911776444,-45.51653782355289,4.551653782355289,182.06615129421155,-22.758268911776444,113.79134455888222,34.13740336766467,56.89567227944111,-91.03307564710578,11.379134455888222,45.51653782355289
186.8,91.00247405653366,136.5037110848005,68.25185554240025,22.750618514133414,-45.50123702826683,4.550123702826683,182.00494811306731,-22.750618514133414,113.75309257066706,34.125927771200125,56.87654628533353,-91.00247405653366,11.375309257066707,45.50123702826683
186.9,90.97566901838081,136.46350352757122,68.23175176378561,22.743917254595203,-45.48783450919041,4.548783450919041,181.95133803676163,-22.743917254595203,113.71958627297602,34.115875881892805,56.85979313648801,-90.97566901838081,11.371958627297602,45.48783450919041
187.0,90.95255948407149,136.42883922610724,68.21441961305362,22.73813987101787,-45.47627974203574,4.547627974203574,181.90511896814297,-22.73813987101787,113.69069935508935,34.10720980652681,56.845349677544675,-90.95255948407149,11.369069935508936,45.47627974203574
187.10000000000002,90.93300509773192,136.3995076465979,68.19975382329895,22.73325127443298,-45.46650254886596,4.546650254886596,181.86601019546384,-22.73325127443298,113.6662563721649,34.099876911649474,56.83312818608245,-90.93300509773192,11.36662563721649,45.46650254886596
187.20000000000002,90.91683978342513,136.3752596751377,68.18762983756885,22.729209945856283,-45.458419891712566,4.545841989171257,181.83367956685026,-22.729209945856283,113.64604972928142,34.093814918784425,56.82302486464071,-90.91683978342513,11.364604972928142,45.458419891712566
187.3,90.90389477317524,136.35584215976286,68.17792107988143,22.72597369329381,-45.45194738658762,4.545194738658762,181.80778954635048,-22.72597369329381,113.62986846646905,34.088960539940715,56.814934233234524,-90.90389477317524,11.362986846646905,45.45194738658762
187.4,90.89399034677176,136.34098552015763,68.17049276007882,22.72349758669294,-45.44699517338588,4.5446995173385885,181.78798069354352,-22.72349758669294,113.6174879334647,34.08524638003941,56.80874396673235,-90.89399034677176,11.36174879334647,45.44699517338588
187.5,90.88691270425554,136.3303690563833,68.16518452819165,22.721728176063884,-45.44345635212777,4.544345635212777,181.77382540851107,-22.721728176063884,113.60864088031943,34.08259226409582,56.804320440159714,-90.88691270425554,11.360864088031942,45.44345635212777
187.60000000000002,90.88244737653474,136.3236710648021,68.16183553240106,22.720611844133686,-45.44122368826737,4.544122368826737,181.76489475306948,-22.720611844133686,113.60305922066843,34.08091776620053,56.801529610334214,-90.88244737653474,11.360305922066843,45.44122368826737
187.70000000000002,90.88044798355061,136.32067197532592,68.16033598766296,22.720111995887653,-45.440223991775305,4.544022399177531,181.76089596710122,-22.720111995887653,113.60055997943826,34.08016799383148,56.80027998971913,-90.88044798355061,11.360055997943826,45.440223991775305
187.8,90.88076336595289,136.32114504892934,68.16057252446467,22.720190841488222,-45.440381682976444,4.544038168297645,181.76152673190578,-22.720190841488222,113.6009542074411,34.080286262232335,56.80047710372055,-90.88076336595289,11.360095420744111,45.440381682976444
187.9,90.88327684356913,136.3249152653537,68.16245763267685,22.720819210892284,-45.44163842178457,4.544163842178457,181.76655368713827,-22.720819210892284,113.60409605446142,34.081228816338424,56.80204802723071,-90.88327684356913,11.360409605446142,45.44163842178457
188.0,90.8879091392654,136.3318637088981,68.16593185444906,22.72197728481635,-45.4439545696327,4.5443954569632705,181.7758182785308,-22.72197728481635,113.60988642408175,34.08296592722453,56.804943212040875,-90.8879091392654,11.360988642408175,45.4439545696327
188.10000000000002,90.89453128853312,136.34179693279967,68.17089846639983,22.72363282213328,-45.44726564426656,4.544726564426656,181.78906257706623,-22.72363282213328,113.6181641106664,34.08544923319992,56.8090820553332,-90.89453128853312,11.36181641106664,45.44726564426656
188.20000000000002,90.90303758685012,136.35455638027517,68.17727819013759,22.72575939671253,-45.45151879342506,4.545151879342506,181.80607517370024,-22.72575939671253,113.62879698356265,34.08863909506879,56.814398491781326,-90.90303758685012,11.362879698356265,45.45151879342506
188.3,90.9133072799039,136.36996091985586,68.18498045992793,22.728326819975976,-45.45665363995195,4.545665363995195,181.8266145598078,-22.728326819975976,113.64163409987988,34.092490229963964,56.82081704993994,-90.9133072799039,11.364163409987988,45.45665363995195
188.4,90.9251950307828,136.3877925461742,68.1938962730871,22.7312987576957,-45.4625975153914,4.54625975153914,181.8503900615656,-22.7312987576957,113.6564937884785,34.09694813654355,56.82824689423925,-90.9251950307828,11.36564937884785,45.4625975153914
188.5,90.9385336604715,136.40780049070725,68.20390024535362,22.734633415117877,-45.46926683023575,4.5469266830235755,181.877067320943,-22.734633415117877,113.67316707558939,34.10195012267681,56.836583537794695,-90.9385336604715,11.367316707558938,45.46926683023575
188.60000000000002,90.95317202070464,136.42975803105696,68.21487901552848,22.73829300517616,-45.47658601035232,4.5476586010352325,181.90634404140928,-22.73829300517616,113.6914650258808,34.10743950776424,56.8457325129404,-90.95317202070464,11.36914650258808,45.47658601035232
188.70000000000002,90.96890509434752,136.45335764152128,68.22667882076064,22.74222627358688,-45.48445254717376,4.548445254717376,181.93781018869504,-22.74222627358688,113.7111313679344,34.11333941038032,56.8555656839672,-90.96890509434752,11.37111313679344,45.48445254717376
188.8,90.985411304734,136.478116957101,68.2390584785505,22.7463528261835,-45.492705652367,4.5492705652367,181.970822609468,-22.7463528261835,113.7317641309175,34.11952923927525,56.86588206545875,-90.985411304734,11.37317641309175,45.492705652367
188.9,91.00231720658631,136.50347580987946,68.25173790493973,22.750579301646578,-45.501158603293156,4.550115860329316,182.00463441317262,-22.750579301646578,113.7528965082329,34.125868952469865,56.87644825411645,-91.00231720658631,11.375289650823289,45.501158603293156
189.0,91.01923449447831,136.52885174171746,68.26442587085873,22.754808623619578,-45.509617247239156,4.550961724723916,182.03846898895662,-22.754808623619578,113.7740431180979,34.132212935429365,56.88702155904895,-91.01923449447831,11.377404311809789,45.509617247239156
189.10000000000002,91.03579534958605,136.55369302437907,68.27684651218954,22.758948837396513,-45.517897674793026,4.551789767479303,182.0715906991721,-22.758948837396513,113.79474418698257,34.13842325609477,56.897372093491285,-91.03579534958605,11.379474418698257,45.517897674793026
189.20000000000002,91.05169736099543,136.57754604149315,68.28877302074658,22.76292434024886,-45.52584868049772,4.552584868049772,182.10339472199087,-22.76292434024886,113.81462170124429,34.14438651037329,56.907310850622146,-91.05169736099543,11.38146217012443,45.52584868049772
189.3,91.06667945762736,136.60001918644105,68.30000959322052,22.76666986440684,-45.53333972881368,4.553333972881368,182.13335891525472,-22.76666986440684,113.8333493220342,34.15000479661026,56.9166746610171,-91.06667945762736,11.38333493220342,45.53333972881368
189.4,91.08050789237465,136.62076183856198,68.31038091928099,22.770126973093664,-45.54025394618733,4.554025394618733,182.1610157847493,-22.770126973093664,113.85063486546832,34.155190459640494,56.92531743273416,-91.08050789237465,11.385063486546832,45.54025394618733
189.5,91.09297350613416,136.63946025920123,68.31973012960061,22.77324337653354,-45.54648675306708,4.554648675306708,182.18594701226831,-22.77324337653354,113.8662168826677,34.15986506480031,56.93310844133385,-91.09297350613416,11.38662168826677,45.54648675306708
189.60000000000002,91.10391465942139,136.6558719891321,68.32793599456605,22.775978664855348,-45.551957329710696,4.55519573297107,182.20782931884278,-22.775978664855348,113.87989332427674,34.163967997283024,56.93994666213837,-91.10391465942139,11.387989332427674,45.551957329710696
189.70000000000002,91.11321668567004,136.66982502850504,68.33491251425252,22.77830417141751,-45.55660834283502,4.555660834283502,182.22643337134008,-22.77830417141751,113.89152085708756,34.16745625712626,56.94576042854378,-91.11321668567004,11.389152085708755,45.55660834283502
189.8,91.12076431919347,136.6811464787902,68.3405732393951,22.780191079798367,-45.560382159596735,4.556038215959673,182.24152863838694,-22.780191079798367,113.90095539899184,34.17028661969755,56.95047769949592,-91.12076431919347,11.390095539899184,45.560382159596735
189.9,91.12648031850102,136.68972047775154,68.34486023887577,22.781620079625256,-45.56324015925051,4.5563240159250515,182.25296063700205,-22.781620079625256,113.90810039812628,34.172430119437884,56.95405019906314,-91.12648031850102,11.390810039812628,45.56324015925051
190.0,91.130296095608,136.695444143412,68.347722071706,22.782574023902,-45.565148047804,4.5565148047804005,182.260592191216,-22.782574023902,113.91287011951,34.173861035853,56.956435059755,-91.130296095608,11.391287011951,45.565148047804
190.10000000000002,91.13211999347998,136.69817999021996,68.34908999510998,22.783029998369994,-45.56605999673999,4.556605999673999,182.26423998695995,-22.783029998369994,113.91514999184997,34.17454499755499,56.957574995924986,-91.13211999347998,11.391514999184997,45.56605999673999
190.20000000000002,91.13181514112574,136.6977227116886,68.3488613558443,22.782953785281435,-45.56590757056287,4.556590757056287,182.26363028225148,-22.782953785281435,113.91476892640718,34.17443067792215,56.95738446320359,-91.13181514112574,11.391476892640718,45.56590757056287
190.3,91.12920164894369,136.69380247341553,68.34690123670777,22.782300412235923,-45.564600824471846,4.556460082447185,182.25840329788738,-22.782300412235923,113.91150206117962,34.17345061835388,56.95575103058981,-91.12920164894369,11.391150206117961,45.564600824471846
190.4,91.12405505115719,136.68608257673577,68.34304128836789,22.781013762789296,-45.56202752557859,4.5562027525578594,182.24811010231437,-22.781013762789296,113.90506881394649,34.17152064418394,56.95253440697324,-91.12405505115719,11.390506881394648,45.56202752557859
190.5,91.11616106459412,136.6742415968912,68.3371207984456,22.77904026614853,-45.55808053229706,4.555808053229707,182.23232212918825,-22.77904026614853,113.89520133074265,34.1685603992228,56.947600665371326,-91.11616106459412,11.389520133074265,45.55808053229706
190.60000000000002,91.10539601646724,136.65809402470086,68.32904701235043,22.77634900411681,-45.55269800823362,4.555269800823362,182.21079203293448,-22.77634900411681,113.88174502058405,34.164523506175215,56.940872510292024,-91.10539601646724,11.388174502058405,45.55269800823362
190.70000000000002,91.0916770540589,136.63751558108837,68.31875779054418,22.772919263514726,-45.54583852702945,4.554583852702946,182.1833541081178,-22.772919263514726,113.86459631757363,34.15937889527209,56.932298158786814,-91.0916770540589,11.386459631757363,45.54583852702945
190.8,91.0749679377332,136.6124519065998,68.3062259532999,22.7687419844333,-45.5374839688666,4.55374839688666,182.1499358754664,-22.7687419844333,113.84370992216651,34.15311297664995,56.921854961083255,-91.0749679377332,11.38437099221665,45.5374839688666
190.9,91.05526471763923,136.58289707645883,68.29144853822942,22.763816179409808,-45.527632358819616,4.552763235881962,182.11052943527847,-22.763816179409808,113.81908089704905,34.14572426911471,56.909540448524524,-91.05526471763923,11.381908089704904,45.527632358819616
191.0,91.03255497968914,136.5488324695337,68.27441623476685,22.758138744922285,-45.51627748984457,4.551627748984457,182.06510995937828,-22.758138744922285,113.79069372461143,34.13720811738342,56.895346862305715,-91.03255497968914,11.379069372461142,45.51627748984457
191.10000000000002,91.00686985676327,136.5103047851449,68.25515239257246,22.75171746419082,-45.50343492838164,4.550343492838164,182.01373971352655,-22.75171746419082,113.75858732095409,34.12757619628623,56.879293660477046,-91.00686985676327,11.37585873209541,45.50343492838164
191.20000000000002,90.97824917598786,136.46737376398178,68.23368688199089,22.744562293996964,-45.48912458799393,4.548912458799393,181.9564983519757,-22.744562293996964,113.72281146998482,34.116843440995446,56.86140573499241,-90.97824917598786,11.372281146998482,45.48912458799393
191.3,90.94668075719507,136.4200211357926,68.2100105678963,22.736670189298767,-45.473340378597534,4.547334037859754,181.89336151439014,-22.736670189298767,113.68335094649383,34.10500528394815,56.841675473246916,-90.94668075719507,11.368335094649384,45.473340378597534
191.4,90.91208862277685,136.36813293416526,68.18406646708263,22.728022155694212,-45.456044311388425,4.545604431138843,181.8241772455537,-22.728022155694212,113.64011077847107,34.092033233541315,56.820055389235534,-90.91208862277685,11.364011077847106,45.456044311388425
191.5,90.87439791881212,136.31159687821818,68.15579843910909,22.71859947970303,-45.43719895940606,4.543719895940606,181.74879583762424,-22.71859947970303,113.59299739851515,34.077899219554546,56.796498699257576,-90.87439791881212,11.359299739851515,45.43719895940606
191.60000000000002,90.83350218305745,136.25025327458616,68.12512663729308,22.708375545764362,-45.416751091528724,4.541675109152872,181.6670043661149,-22.708375545764362,113.54187772882182,34.06256331864654,56.77093886441091,-90.83350218305745,11.354187772882181,45.416751091528724
191.70000000000002,90.7893164427563,136.18397466413444,68.09198733206722,22.697329110689076,-45.39465822137815,4.5394658221378155,181.5786328855126,-22.697329110689076,113.48664555344538,34.04599366603361,56.74332277672269,-90.7893164427563,11.348664555344538,45.39465822137815
191.8,90.74183054127182,136.11274581190773,68.05637290595386,22.685457635317956,-45.37091527063591,4.537091527063591,181.48366108254365,-22.685457635317956,113.42728817658978,34.02818645297693,56.71364408829489,-90.74183054127182,11.342728817658978,45.37091527063591
191.9,90.6910666491072,136.0365999736608,68.0182999868304,22.6727666622768,-45.3455333245536,4.53455333245536,181.3821332982144,-22.6727666622768,113.363833311384,34.0091499934152,56.681916655692,-90.6910666491072,11.3363833311384,45.3455333245536
192.0,90.63708714023912,135.95563071035866,67.97781535517933,22.65927178505978,-45.31854357011956,4.531854357011956,181.27417428047823,-22.65927178505978,113.2963589252989,33.988907677589665,56.64817946264945,-90.63708714023912,11.32963589252989,45.31854357011956
192.10000000000002,90.57997695376322,135.86996543064484,67.93498271532242,22.644994238440805,-45.28998847688161,4.528998847688161,181.15995390752644,-22.644994238440805,113.22497119220402,33.96749135766121,56.61248559610201,-90.57997695376322,11.322497119220403,45.28998847688161
192.20000000000002,90.51982963827511,135.77974445741268,67.88987222870634,22.629957409568778,-45.259914819137556,4.525991481913755,181.03965927655022,-22.629957409568778,113.14978704784389,33.94493611435317,56.57489352392194,-90.51982963827511,11.314978704784389,45.259914819137556
192.3,90.45681543981992,135.68522315972987,67.84261157986494,22.61420385995498,-45.22840771990996,4.522840771990996,180.91363087963984,-22.61420385995498,113.0710192997749,33.92130578993247,56.53550964988745,-90.45681543981992,11.30710192997749,45.22840771990996
192.4,90.3911597774039,135.58673966610584,67.79336983305292,22.597789944350975,-45.19557988870195,4.519557988870195,180.7823195548078,-22.597789944350975,112.98894972175488,33.89668491652646,56.49447486087744,-90.3911597774039,11.298894972175487,45.19557988870195
192.5,90.32308222506443,135.48462333759664,67.74231166879832,22.580770556266106,-45.16154111253221,4.516154111253221,180.64616445012885,-22.580770556266106,112.90385278133053,33.87115583439916,56.451926390665264,-90.32308222506443,11.290385278133053,45.16154111253221
192.60000000000002,90.25282410752588,135.37923616128882,67.68961808064441,22.56320602688147,-45.12641205376294,4.512641205376294,180.50564821505176,-22.56320602688147,112.81603013440736,33.844809040322204,56.40801506720368,-90.25282410752588,11.281603013440735,45.12641205376294
192.70000000000002,90.18065895444302,135.27098843166453,67.63549421583227,22.545164738610755,-45.09032947722151,4.509032947722151,180.36131790888604,-22.545164738610755,112.72582369305377,33.817747107916134,56.362911846526885,-90.18065895444302,11.272582369305377,45.09032947722151
192.8,90.10679745738145,135.16019618607217,67.58009809303609,22.52669936434536,-45.05339872869072,4.505339872869072,180.2135949147629,-22.52669936434536,112.63349682172681,33.79004904651804,56.316748410863404,-90.10679745738145,11.26334968217268,45.05339872869072
192.9,90.031425110691,135.04713766603652,67.52356883301826,22.50785627767275,-45.0157125553455,4.50157125553455,180.062850221382,-22.50785627767275,112.53928138836375,33.76178441650913,56.269640694181874,-90.031425110691,11.253928138836375,45.0157125553455
193.0,89.95467564244197,134.93201346366294,67.46600673183147,22.488668910610492,-44.977337821220985,4.497733782122099,179.90935128488394,-22.488668910610492,112.44334455305247,33.733003365915735,56.221672276526235,-89.95467564244197,11.244334455305246,44.977337821220985
193.10000000000002,89.8766411167969,134.81496167519535,67.40748083759767,22.469160279199226,-44.93832055839845,4.493832055839845,179.7532822335938,-22.469160279199226,112.34580139599613,33.70374041879884,56.17290069799807,-89.8766411167969,11.234580139599613,44.93832055839845
193.20000000000002,89.79738871362018,134.69608307043026,67.34804153521513,22.449347178405045,-44.89869435681009,4.489869435681009,179.59477742724036,-22.449347178405045,112.24673589202523,33.674020767607566,56.123367946012614,-89.79738871362018,11.224673589202522,44.89869435681009
193.3,89.71695437021411,134.57543155532116,67.28771577766058,22.429238592553528,-44.858477185107056,4.485847718510706,179.43390874042822,-22.429238592553528,112.14619296276764,33.64385788883029,56.07309648138382,-89.71695437021411,11.214619296276764,44.858477185107056
193.4,89.63538947384762,134.45308421077144,67.22654210538572,22.408847368461906,-44.81769473692381,4.481769473692381,179.27077894769525,-22.408847368461906,112.04423684230953,33.61327105269286,56.022118421154765,-89.63538947384762,11.204423684230953,44.81769473692381
193.5,89.55281898681854,134.3292284802278,67.1646142401139,22.388204746704634,-44.77640949340927,4.477640949340927,179.10563797363707,-22.388204746704634,111.94102373352317,33.58230712005695,55.97051186676158,-89.55281898681854,11.194102373352317,44.77640949340927
193.60000000000002,89.46942986701056,134.20414480051585,67.10207240025792,22.36735746675264,-44.73471493350528,4.473471493350528,178.93885973402112,-22.36735746675264,111.8367873337632,33.55103620012896,55.9183936668816,-89.46942986701056,11.18367873337632,44.73471493350528
193.70000000000002,89.38539276560148,134.07808914840223,67.03904457420111,22.34634819140037,-44.69269638280074,4.469269638280074,178.77078553120296,-22.34634819140037,111.73174095700185,33.51952228710056,55.86587047850092,-89.38539276560148,11.173174095700185,44.69269638280074
193.8,89.30084864270634,133.9512729640595,66.97563648202976,22.325212160676585,-44.65042432135317,4.465042432135317,178.60169728541268,-22.325212160676585,111.62606080338293,33.48781824101488,55.813030401691464,-89.30084864270634,11.162606080338293,44.65042432135317
193.9,89.21593954074042,133.82390931111064,66.91195465555532,22.303984885185105,-44.60796977037021,4.460796977037021,178.43187908148084,-22.303984885185105,111.51992442592552,33.45597732777766,55.75996221296276,-89.21593954074042,11.151992442592553,44.60796977037021
194.0,89.13082758117726,133.6962413717659,66.84812068588295,22.282706895294314,-44.56541379058863,4.456541379058863,178.26165516235451,-22.282706895294314,111.41353447647157,33.42406034294147,55.706767238235784,-89.13082758117726,11.141353447647157,44.56541379058863
194.10000000000002,89.0455987094814,133.5683980642221,66.78419903211105,22.26139967737035,-44.5227993547407,4.45227993547407,178.0911974189628,-22.26139967737035,111.30699838685175,33.392099516055524,55.65349919342587,-89.0455987094814,11.130699838685175,44.5227993547407
194.20000000000002,88.96026466336149,133.44039699504222,66.72019849752111,22.24006616584037,-44.48013233168074,4.448013233168075,177.92052932672297,-22.24006616584037,111.20033082920186,33.360099248760555,55.60016541460093,-88.96026466336149,11.120033082920186,44.48013233168074
194.3,88.87477648667688,133.31216473001533,66.65608236500766,22.21869412166922,-44.43738824333844,4.4437388243338445,177.74955297335376,-22.21869412166922,111.0934706083461,33.32804118250383,55.54673530417305,-88.87477648667688,11.10934706083461,44.43738824333844
194.4,88.78909262163187,133.1836389324478,66.5918194662239,22.197273155407967,-44.39454631081593,4.439454631081594,177.57818524326373,-22.197273155407967,110.98636577703984,33.29590973311195,55.49318288851992,-88.78909262163187,11.098636577703983,44.39454631081593
194.5,88.70319361402805,133.05479042104207,66.52739521052104,22.175798403507013,-44.351596807014026,4.435159680701402,177.4063872280561,-22.175798403507013,110.87899201753507,33.26369760526052,55.439496008767534,-88.70319361402805,11.087899201753507,44.351596807014026
194.60000000000002,88.61708892279984,132.92563338419976,66.46281669209988,22.15427223069996,-44.30854446139992,4.430854446139992,177.23417784559967,-22.15427223069996,110.7713611534998,33.23140834604994,55.3856805767499,-88.61708892279984,11.07713611534998,44.30854446139992
194.70000000000002,88.53082636111077,132.79623954166615,66.39811977083308,22.132706590277692,-44.265413180555385,4.426541318055539,177.06165272222154,-22.132706590277692,110.66353295138846,33.19905988541654,55.33176647569423,-88.53082636111077,11.066353295138846,44.265413180555385
194.8,88.444391427691,132.6665871415365,66.33329357076825,22.11109785692275,-44.2221957138455,4.4222195713845505,176.888782855382,-22.11109785692275,110.55548928461376,33.166646785384124,55.27774464230688,-88.444391427691,11.055548928461375,44.2221957138455
194.9,88.35770895584896,132.53656343377344,66.26828171688672,22.08942723896224,-44.17885447792448,4.4178854477924485,176.71541791169793,-22.08942723896224,110.44713619481121,33.13414085844336,55.223568097405604,-88.35770895584896,11.04471361948112,44.17885447792448
195.0,88.27071963224118,132.40607944836177,66.20303972418088,22.067679908060295,-44.13535981612059,4.41353598161206,176.54143926448236,-22.067679908060295,110.33839954030148,33.10151986209044,55.16919977015074,-88.27071963224118,11.033839954030148,44.13535981612059
195.10000000000002,88.18335249222301,132.27502873833453,66.13751436916726,22.045838123055752,-44.091676246111504,4.40916762461115,176.36670498444602,-22.045838123055752,110.22919061527875,33.06875718458363,55.11459530763938,-88.18335249222301,11.022919061527876,44.091676246111504
195.20000000000002,88.09552523537673,132.1432878530651,66.07164392653254,22.02388130884418,-44.04776261768836,4.404776261768837,176.19105047075345,-22.02388130884418,110.11940654422091,33.03582196326627,55.059703272110454,-88.09552523537673,11.01194065442209,44.04776261768836
195.3,88.00720522678057,132.01080784017086,66.00540392008543,22.001801306695143,-44.003602613390285,4.400360261339029,176.01441045356114,-22.001801306695143,110.00900653347571,33.002701960042714,55.004503266737856,-88.00720522678057,11.000900653347571,44.003602613390285
195.4,87.91831409386933,131.877471140804,65.938735570402,21.97957852346733,-43.95915704693466,4.395915704693467,175.83662818773865,-21.97957852346733,109.89789261733665,32.969367785201,54.948946308668326,-87.91831409386933,10.989789261733666,43.95915704693466
195.5,87.82878883975086,131.74318325962628,65.87159162981314,21.957197209937714,-43.91439441987543,4.391439441987543,175.6575776795017,-21.957197209937714,109.78598604968857,32.93579581490657,54.89299302484429,-87.82878883975086,10.978598604968857,43.91439441987543
195.60000000000002,87.73864247503265,131.60796371254898,65.80398185627449,21.934660618758162,-43.869321237516324,4.386932123751633,175.4772849500653,-21.934660618758162,109.6733030937908,32.901990928137245,54.8366515468954,-87.73864247503265,10.967330309379081,43.869321237516324
195.70000000000002,87.64795890695807,131.4719383604371,65.73596918021855,21.911989726739517,-43.82397945347903,4.382397945347903,175.29591781391613,-21.911989726739517,109.55994863369759,32.86798459010927,54.779974316848794,-87.64795890695807,10.955994863369758,43.82397945347903
195.8,87.55682600845492,131.3352390126824,65.6676195063412,21.88920650211373,-43.77841300422746,4.377841300422746,175.11365201690984,-21.88920650211373,109.44603251056864,32.8338097531706,54.72301625528432,-87.55682600845492,10.944603251056865,43.77841300422746
195.9,87.46531002276079,131.1979650341412,65.5989825170706,21.866327505690197,-43.732655011380395,4.3732655011380395,174.93062004552158,-21.866327505690197,109.33163752845098,32.7994912585353,54.66581876422549,-87.46531002276079,10.933163752845099,43.732655011380395
196.0,87.37347231024128,131.06020846536194,65.53010423268097,21.84336807756032,-43.68673615512064,4.368673615512065,174.74694462048257,-21.84336807756032,109.2168403878016,32.765052116340485,54.6084201939008,-87.37347231024128,10.92168403878016,43.68673615512064
196.10000000000002,87.2813430584141,130.92201458762113,65.46100729381057,21.820335764603524,-43.64067152920705,4.364067152920705,174.5626861168282,-21.820335764603524,109.10167882301762,32.730503646905284,54.55083941150881,-87.2813430584141,10.910167882301762,43.64067152920705
196.20000000000002,87.18897847114421,130.78346770671632,65.39173385335816,21.797244617786053,-43.594489235572105,4.359448923557211,174.37795694228842,-21.797244617786053,108.98622308893026,32.69586692667908,54.49311154446513,-87.18897847114421,10.898622308893026,43.594489235572105
196.3,87.09640628413332,130.6446094262,65.3223047131,21.77410157103333,-43.54820314206666,4.354820314206666,174.19281256826665,-21.77410157103333,108.87050785516665,32.66115235655,54.435253927583325,-87.09640628413332,10.887050785516665,43.54820314206666
196.4,87.003654515231,130.5054817728465,65.25274088642325,21.75091362880775,-43.5018272576155,4.350182725761551,174.007309030462,-21.75091362880775,108.75456814403876,32.62637044321163,54.37728407201938,-87.003654515231,10.875456814403876,43.5018272576155
196.5,86.91071394254647,130.3660709138197,65.18303545690985,21.727678485636616,-43.45535697127323,4.345535697127324,173.82142788509293,-21.727678485636616,108.63839242818308,32.591517728454924,54.31919621409154,-86.91071394254647,10.863839242818308,43.45535697127323
196.60000000000002,86.81752662912942,130.22628994369413,65.11314497184706,21.704381657282354,-43.40876331456471,4.340876331456471,173.63505325825884,-21.704381657282354,108.52190828641177,32.55657248592353,54.260954143205886,-86.81752662912942,10.852190828641177,43.40876331456471
196.70000000000002,86.72407178310158,130.08610767465237,65.04305383732618,21.681017945775395,-43.36203589155079,4.336203589155079,173.44814356620316,-21.681017945775395,108.40508972887697,32.52152691866309,54.20254486443849,-86.72407178310158,10.840508972887697,43.36203589155079
196.8,86.63034006392357,129.94551009588537,64.97275504794268,21.657585015980892,-43.315170031961785,4.331517003196178,173.26068012784714,-21.657585015980892,108.28792507990445,32.48637752397134,54.14396253995223,-86.63034006392357,10.828792507990446,43.315170031961785
196.9,86.53630420616294,129.80445630924442,64.90222815462221,21.634076051540735,-43.26815210308147,4.326815210308147,173.07260841232588,-21.634076051540735,108.17038025770367,32.451114077311104,54.085190128851835,-86.53630420616294,10.817038025770367,43.26815210308147
197.0,86.4418868164784,129.6628302247176,64.8314151123588,21.6104717041196,-43.2209434082392,4.32209434082392,172.8837736329568,-21.6104717041196,108.052358520598,32.4157075561794,54.026179260299,-86.4418868164784,10.8052358520598,43.2209434082392
197.10000000000002,86.34705293584082,129.52057940376125,64.76028970188062,21.586763233960205,-43.17352646792041,4.317352646792041,172.69410587168164,-21.586763233960205,107.93381616980102,32.38014485094031,53.96690808490051,-86.34705293584082,10.793381616980103,43.17352646792041
197.20000000000002,86.25181471611097,129.37772207416646,64.68886103708323,21.562953679027743,-43.125907358055485,4.312590735805549,172.50362943222194,-21.562953679027743,107.81476839513871,32.344430518541614,53.90738419756936,-86.25181471611097,10.781476839513871,43.125907358055485
197.3,86.1562070225242,129.2343105337863,64.61715526689315,21.53905175563105,-43.0781035112621,4.30781035112621,172.3124140450484,-21.53905175563105,107.69525877815525,32.308577633446575,53.847629389077625,-86.1562070225242,10.769525877815525,43.0781035112621
197.4,86.06029647993805,129.09044471990705,64.54522235995353,21.51507411998451,-43.03014823996902,4.303014823996903,172.1205929598761,-21.51507411998451,107.57537059992256,32.272611179976764,53.78768529996128,-86.06029647993805,10.757537059992256,43.03014823996902
197.5,85.96411800814954,128.94617701222433,64.47308850611216,21.491029502037385,-42.98205900407477,4.298205900407477,171.92823601629908,-21.491029502037385,107.45514751018692,32.23654425305608,53.72757375509346,-85.96411800814954,10.745514751018693,42.98205900407477
197.60000000000002,85.86763461868476,128.80145192802715,64.40072596401357,21.46690865467119,-42.93381730934238,4.293381730934239,171.73526923736952,-21.46690865467119,107.33454327335595,32.20036298200679,53.667271636677974,-85.86763461868476,10.733454327335595,42.93381730934238
197.70000000000002,85.7707730261494,128.6561595392241,64.32807976961205,21.44269325653735,-42.8853865130747,4.28853865130747,171.5415460522988,-21.44269325653735,107.21346628268675,32.16403988480602,53.606733141343376,-85.7707730261494,10.721346628268675,42.8853865130747
197.8,85.67348206396164,128.51022309594248,64.25511154797124,21.41837051599041,-42.83674103198082,4.2836741031980825,171.3469641279233,-21.41837051599041,107.09185257995205,32.12755577398562,53.54592628997602,-85.67348206396164,10.709185257995205,42.83674103198082
197.9,85.57575560589795,128.36363340884694,64.18181670442347,21.39393890147449,-42.78787780294898,4.2787877802948975,171.1515112117959,-21.39393890147449,106.96969450737244,32.090908352211734,53.48484725368622,-85.57575560589795,10.696969450737244,42.78787780294898
198.0,85.47763945976428,128.2164591896464,64.1082295948232,21.36940986494107,-42.73881972988214,4.273881972988214,170.95527891952855,-21.36940986494107,106.84704932470535,32.0541147974116,53.423524662352676,-85.47763945976428,10.684704932470535,42.73881972988214
198.10000000000002,85.37920585537235,128.06880878305853,64.03440439152926,21.344801463843087,-42.689602927686174,4.268960292768617,170.7584117107447,-21.344801463843087,106.72400731921543,32.01720219576463,53.362003659607716,-85.37920585537235,10.672400731921543,42.689602927686174
198.20000000000002,85.28052444305685,127.92078666458528,63.96039333229264,21.320131110764212,-42.640262221528424,4.264026222152842,170.5610488861137,-21.320131110764212,106.60065555382106,31.98019666614632,53.30032777691053,-85.28052444305685,10.660065555382106,42.640262221528424
198.3,85.18176043216602,127.77264064824902,63.88632032412451,21.295440108041504,-42.59088021608301,4.259088021608301,170.36352086433203,-21.295440108041504,106.47720054020752,31.943160162062256,53.23860027010376,-85.18176043216602,10.647720054020752,42.59088021608301
198.4,85.0830892799867,127.62463391998004,63.81231695999002,21.270772319996674,-42.54154463999335,4.254154463999335,170.1661785599734,-21.270772319996674,106.35386159998336,31.90615847999501,53.17693079999168,-85.0830892799867,10.635386159998337,42.54154463999335
198.5,84.98466421408133,127.476996321122,63.738498160561,21.246166053520334,-42.49233210704067,4.249233210704067,169.96932842816267,-21.246166053520334,106.23083026760168,31.8692490802805,53.11541513380084,-84.98466421408133,10.623083026760167,42.49233210704067
198.60000000000002,84.88660753977737,127.32991130966606,63.66495565483303,21.221651884944343,-42.443303769888686,4.244330376988869,169.77321507955475,-21.221651884944343,106.10825942472172,31.832477827416515,53.05412971236086,-84.88660753977737,10.610825942472172,42.443303769888686
198.70000000000002,84.788965299893,127.18344794983949,63.591723974919745,21.19724132497325,-42.3944826499465,4.23944826499465,169.577930599786,-21.19724132497325,105.98620662486624,31.795861987459872,52.99310331243312,-84.788965299893,10.598620662486624,42.3944826499465
198.8,84.69180576658351,127.03770864987527,63.518854324937635,21.17295144164588,-42.34590288329176,4.2345902883291755,169.38361153316703,-21.17295144164588,105.86475720822939,31.759427162468818,52.932378604114696,-84.69180576658351,10.58647572082294,42.34590288329176
198.9,84.59525460355127,126.8928819053269,63.44644095266345,21.148813650887817,-42.297627301775634,4.229762730177564,169.19050920710254,-21.148813650887817,105.74406825443909,31.723220476331726,52.87203412721954,-84.59525460355127,10.574406825443909,42.297627301775634
199.0,84.49946789029603,126.74920183544404,63.37460091772202,21.124866972574008,-42.249733945148016,4.224973394514802,168.99893578059206,-21.124866972574008,105.62433486287004,31.68730045886101,52.81216743143502,-84.49946789029603,10.562433486287004,42.249733945148016
199.10000000000002,84.40466982111144,126.60700473166716,63.30350236583358,21.10116745527786,-42.20233491055572,4.2202334910555726,168.80933964222288,-21.10116745527786,105.5058372763893,31.65175118291679,52.75291863819465,-84.40466982111144,10.55058372763893,42.20233491055572
199.20000000000002,84.31110421939529,126.46665632909293,63.233328164546464,21.077776054848822,-42.155552109697645,4.2155552109697645,168.62220843879058,-21.077776054848822,105.38888027424412,31.616664082273232,52.69444013712206,-84.31110421939529,10.538888027424411,42.155552109697645
199.3,84.21896530158936,126.32844795238404,63.16422397619202,21.05474132539734,-42.10948265079468,4.210948265079469,168.43793060317873,-21.05474132539734,105.27370662698671,31.58211198809601,52.636853313493354,-84.21896530158936,10.52737066269867,42.10948265079468
199.4,84.12840946108037,126.19261419162055,63.096307095810275,21.03210236527009,-42.06420473054018,4.206420473054019,168.25681892216073,-21.03210236527009,105.16051182635046,31.548153547905137,52.58025591317523,-84.12840946108037,10.516051182635046,42.06420473054018
199.5,84.03951456321064,126.05927184481597,63.029635922407984,21.00987864080266,-42.01975728160532,4.201975728160533,168.0790291264213,-21.00987864080266,105.04939320401331,31.514817961203992,52.52469660200666,-84.03951456321064,10.50493932040133,42.01975728160532
199.60000000000002,83.95229990454439,125.92844985681658,62.96422492840829,20.988074976136097,-41.976149952272195,4.1976149952272195,167.90459980908878,-20.988074976136097,104.94037488068048,31.482112464204146,52.47018744034024,-83.95229990454439,10.494037488068049,41.976149952272195
199.70000000000002,83.86679924361752,125.80019886542628,62.90009943271314,20.96669981090438,-41.93339962180876,4.193339962180876,167.73359848723504,-20.96669981090438,104.8334990545219,31.45004971635657,52.41674952726095,-83.86679924361752,10.48334990545219,41.93339962180876
199.8,83.7829865986257,125.67447989793854,62.83723994896927,20.945746649656424,-41.89149329931285,4.189149329931285,167.5659731972514,-20.945746649656424,104.72873324828213,31.418619974484635,52.36436662414106,-83.7829865986257,10.472873324828212,41.89149329931285
199.9,83.7008135173701,125.55122027605515,62.775610138027574,20.925203379342523,-41.85040675868505,4.185040675868505,167.4016270347402,-20.925203379342523,104.62601689671261,31.387805069013787,52.31300844835631,-83.7008135173701,10.462601689671262,41.85040675868505
200.0,83.62016977392113,125.4302546608817,62.71512733044085,20.905042443480284,-41.81008488696057,4.181008488696057,167.24033954784227,-20.905042443480284,104.52521221740142,31.357563665220425,52.26260610870071,-83.62016977392113,10.452521221740142,41.81008488696057
