t,drumAngleDeg,drumVelDeg_s,drumAccDeg_s2,TN2,dTN2,Tm,dTm,Thp,dThp,Tf,dTf,c[1],c[2],c[3],c[4],c[5],c[6],dc[1],dc[2],dc[3],dc[4],dc[5],dc[6],P_MW,n,dn,rho,rho_dollars,m_dot_steam,Q_to_steam
0.0,45.0,0.0,0.0,878.1500244140625,0.0,1150.1500244140625,0.48124977946281433,1073.1500244140625,0.0,1173.1500244140625,-0.18400000035762787,1.0,1.0,1.0,1.0,1.0,1.0,0.0,0.0,0.0,0.0,0.0,0.0,6.0,1.0,-1.9387063738510613e-15,0.0,0.0,2.947143077850342,6000000.0
0.10000000149011612,44.98168182373047,-0.1831841617822647,-1.8318417072296143,878.1500244140625,0.0007530968869104981,1150.197265625,0.4654957056045532,1073.1519775390625,0.03769255802035332,1173.1319580078125,-0.17616289854049683,1.0000008344650269,1.000002145767212,1.0000078678131104,1.0000195503234863,1.0000537633895874,1.0001698732376099,2.1003448637202382e-05,5.150691504240967e-05,0.00018935490516014397,0.00047110288869589567,0.0012925354531034827,0.004009679425507784,6.009451866149902,1.0015753507614136,0.022601783275604248,1.4670776181446854e-05,0.0022097639739513397,2.947143316268921,6000000.5
0.20000000298023224,44.96327209472656,-0.18407952785491943,-0.008953574113547802,878.1502075195312,0.0028134393505752087,1150.2431640625,0.4509049355983734,1073.1573486328125,0.07005160301923752,1173.11474609375,-0.1672905683517456,1.000004529953003,1.0000110864639282,1.0000405311584473,1.0001003742218018,1.0002723932266235,1.0008145570755005,5.183406756259501e-05,0.00012700099614448845,0.00046503322664648294,0.0011475288774818182,0.0030732268933206797,0.008774415589869022,6.023340702056885,1.0038901567459106,0.023668067529797554,2.9403550797724165e-05,0.004428866785019636,2.9471445083618164,6000003.0
0.30000001192092896,44.94475555419922,-0.18517887592315674,-0.01099351979792118,878.150634765625,0.005915885791182518,1150.28759765625,0.43712499737739563,1073.165771484375,0.09776702523231506,1173.0985107421875,-0.15842263400554657,1.0000113248825073,1.0000276565551758,1.0001012086868286,1.0002495050430298,1.0006662607192993,1.001888632774353,8.40728243929334e-05,0.0002058016980299726,0.0007504547829739749,0.00183620466850698,0.004797422792762518,0.012624324299395084,6.037881374359131,1.0063135623931885,0.024753138422966003,4.4211432395968586e-05,0.0066592819057404995,2.947148084640503,6000010.0
0.4000000059604645,44.9261360168457,-0.18618735671043396,-0.010084858164191246,878.1514282226562,0.009830662980675697,1150.33056640625,0.42410561442375183,1073.1767578125,0.12144648283720016,1173.0831298828125,-0.14955876767635345,1.0000213384628296,1.0000523328781128,1.0001909732818604,1.0004680156707764,1.0012297630310059,1.0033119916915894,0.00011766953684855253,0.00028777975239790976,0.0010450670961290598,0.002535681240260601,0.006466749589890242,0.015777718275785446,6.05305290222168,1.0088422298431396,0.025775965303182602,5.90852287132293e-05,0.008899625390768051,2.9471542835235596,6000023.0
0.5,44.907470703125,-0.18667364120483398,-0.004862783942371607,878.1526489257812,0.014363612048327923,1150.3724365234375,0.4117986857891083,1073.18994140625,0.1416195183992386,1173.068603515625,-0.1407080888748169,1.0000349283218384,1.0000853538513184,1.0003105401992798,1.0007569789886475,1.0019572973251343,1.005022644996643,0.0001525012485217303,0.0003726277209352702,0.0013476681197062135,0.003242923878133297,0.008078260347247124,0.018385127186775208,6.068800449371338,1.0114667415618896,0.026694342494010925,7.398089655907825e-05,0.011143263429403305,2.9471638202667236,6000042.0
0.6000000238418579,44.888832092285156,-0.1863865703344345,0.002870723605155945,878.154296875,0.019351253286004066,1150.4129638671875,0.40015873312950134,1073.2049560546875,0.15874749422073364,1173.054931640625,-0.1318851262331009,1.0000518560409546,1.0001269578933716,1.0004607439041138,1.0011167526245117,1.002842903137207,1.0069714784622192,0.00018840350094251335,0.0004599370004143566,0.0016566957347095013,0.003954057581722736,0.00962670985609293,0.020551910623908043,6.085050582885742,1.0141750574111938,0.027481909841299057,8.883420377969742e-05,0.013380520977079868,2.947176933288574,6000069.5
0.699999988079071,44.87030792236328,-0.18524101376533508,0.011455497704446316,878.156494140625,0.024656493216753006,1150.452392578125,0.38914310932159424,1073.2215576171875,0.173232302069664,1173.042236328125,-0.12310705333948135,1.0000725984573364,1.0001773834228516,1.0006420612335205,1.0015478134155273,1.0038799047470093,1.0091184377670288,0.00022519264894071966,0.0005492528434842825,0.001970431301742792,0.004664889071136713,0.0111060980707407,0.022353651002049446,6.10172176361084,1.0169535875320435,0.028129803016781807,0.0001035742970998399,0.015600726008415222,2.9471943378448486,6000104.5
0.800000011920929,44.85197067260742,-0.18336209654808044,0.01878928951919079,878.1592407226562,0.030164912343025208,1150.4908447265625,0.3787126839160919,1073.239501953125,0.18542392551898956,1173.0303955078125,-0.11438996344804764,1.0000970363616943,1.0002368688583374,1.0008549690246582,1.0020495653152466,1.005061149597168,1.011430025100708,0.0002626957430038601,0.0006401474238373339,0.00228727119974792,0.005371584556996822,0.012511557899415493,0.02384915202856064,6.1187357902526855,1.0197893381118774,0.028654569759964943,0.00011814069875981659,0.017794769257307053,2.947216033935547,6000148.5
0.8999999761581421,44.8338737487793,-0.18096548318862915,0.023966053500771523,878.1625366210938,0.03578153997659683,1150.5281982421875,0.36883217096328735,1073.258544921875,0.19562724232673645,1173.019287109375,-0.10574619472026825,1.0001251697540283,1.000305414199829,1.0010995864868164,1.0026217699050903,1.0063791275024414,1.0138779878616333,0.00030077146948315203,0.0007322715246118605,0.002605914371088147,0.006071128416806459,0.013840545900166035,0.02508849836885929,6.136030197143555,1.0226716995239258,0.029083728790283203,0.00013249066250864416,0.019956210628151894,2.947242021560669,6000202.0
1.0,44.816062927246094,-0.1780962347984314,0.028692524880170822,878.1663818359375,0.041428081691265106,1150.5645751953125,0.35946938395500183,1073.278564453125,0.20410782098770142,1173.0091552734375,-0.09718620777130127,1.000157117843628,1.0003833770751953,1.0013761520385742,1.0032634735107422,1.0078262090682983,1.0164389610290527,0.00033929559867829084,0.0008253183332271874,0.002925226464867592,0.006760971155017614,0.015091746114194393,0.026112377643585205,6.153549671173096,1.0255916118621826,0.029421860352158546,0.00014658522559329867,0.022079184651374817,2.947272539138794,6000264.0
1.100000023841858,44.79856872558594,-0.1749587208032608,0.031375180929899216,878.1708374023438,0.04704048112034798,1150.60009765625,0.35059526562690735,1073.29931640625,0.2110970914363861,1172.9998779296875,-0.08871740847826004,1.0001929998397827,1.000470519065857,1.0016846656799316,1.0039734840393066,1.0093944072723389,1.0190931558609009,0.0003781697596423328,0.0009190451237373054,0.0032443194650113583,0.007439216133207083,0.01626553013920784,0.026956239715218544,6.1712493896484375,1.0285415649414062,0.029696354642510414,0.00016040219634305686,0.024160344153642654,2.947307586669922,6000335.0
1.2000000476837158,44.78139877319336,-0.17169007658958435,0.03268644958734512,878.17578125,0.052566882222890854,1150.634765625,0.34218376874923706,1073.3206787109375,0.21679671108722687,1172.991455078125,-0.08034387230873108,1.0002328157424927,1.0005671977996826,1.0020250082015991,1.0047507286071777,1.0110762119293213,1.0218242406845093,0.0004173241031821817,0.0010132796596735716,0.0035625712480396032,0.008104657754302025,0.01736397109925747,0.02765197679400444,6.189098834991455,1.031516432762146,0.029925324022769928,0.0001739305444061756,0.02619803324341774,2.9473469257354736,6000415.0
1.2999999523162842,44.764556884765625,-0.1684233844280243,0.03266679868102074,878.1813354492188,0.05796579644083977,1150.6685791015625,0.3342114984989166,1073.3426513671875,0.2213825136423111,1172.98388671875,-0.0720667839050293,1.0002764463424683,1.0006731748580933,1.002397060394287,1.0055938959121704,1.012864351272583,1.0246187448501587,0.0004567134892567992,0.0011079104151576757,0.0038795885629951954,0.008756675757467747,0.01839047484099865,0.028228137642145157,6.207077503204346,1.0345128774642944,0.030127516016364098,0.00018717013881541789,0.028192225843667984,2.947390556335449,6000504.0
1.399999976158142,44.748023986816406,-0.16532251238822937,0.03100871481001377,878.1873779296875,0.0632045641541481,1150.70166015625,0.326657772064209,1073.364990234375,0.22500787675380707,1172.97705078125,-0.06388389319181442,1.0003241300582886,1.0007888078689575,1.0028008222579956,1.00650155544281,1.014751672744751,1.027466058731079,0.0004963219398632646,0.0012028977507725358,0.004195245448499918,0.009395322762429714,0.019349955022335052,0.028711631894111633,6.225178241729736,1.037529706954956,0.030326668173074722,0.00020013409084640443,0.03014490194618702,2.9474384784698486,6000601.5
1.5,44.731781005859375,-0.16244547069072723,0.0287704449146986,878.1939697265625,0.06825802475214005,1150.73388671875,0.3195040822029114,1073.3875732421875,0.2278066873550415,1172.9710693359375,-0.05579070746898651,1.000375747680664,1.0009138584136963,1.0032360553741455,1.0074723958969116,1.016731858253479,1.0303581953048706,0.0005361530347727239,0.0012982499320060015,0.0045095933601260185,0.010021083988249302,0.020248107612133026,0.029126256704330444,6.24340295791626,1.04056715965271,0.030532529577612877,0.00021284025569912046,0.032058749347925186,2.9474904537200928,6000707.5
1.600000023841858,44.71580505371094,-0.1597537249326706,0.02691754139959812,878.2010498046875,0.07310736924409866,1150.7655029296875,0.31273341178894043,1073.4105224609375,0.22989581525325775,1172.9658203125,-0.047782666981220245,1.0004314184188843,1.0010484457015991,1.0037027597427368,1.0085052251815796,1.018799066543579,1.0332891941070557,0.0005762124201282859,0.0013939803466200829,0.004822700750082731,0.010634475387632847,0.02109028957784176,0.02949024736881256,6.261754512786865,1.0436257123947144,0.03074217401444912,0.0002253033744636923,0.03393599018454552,2.9475462436676025,6000821.0
1.7000000476837158,44.70009994506836,-0.15703263878822327,0.027210865169763565,878.2085571289062,0.07773914188146591,1150.7965087890625,0.30632901191711426,1073.43359375,0.23137733340263367,1172.96142578125,-0.03985847532749176,1.0004910230636597,1.0011926889419556,1.0042005777359009,1.0095988512039185,1.020947813987732,1.0362544059753418,0.0006164805963635445,0.0014900407986715436,0.005134410224854946,0.011235437355935574,0.021879883483052254,0.029812537133693695,6.280223846435547,1.0467039346694946,0.030927857384085655,0.0002375207986915484,0.03577622026205063,2.947605848312378,6000942.5
1.7999999523162842,44.684669494628906,-0.15432105958461761,0.027115697041153908,878.216552734375,0.08214437961578369,1150.8267822265625,0.30027493834495544,1073.456787109375,0.23234029114246368,1172.9578857421875,-0.032017797231674194,1.0005546808242798,1.001346468925476,1.0047295093536377,1.0107518434524536,1.0231729745864868,1.039250135421753,0.0006569315446540713,0.0015863670269027352,0.005444506648927927,0.011823765002191067,0.02261960133910179,0.03009871579706669,6.298799514770508,1.049799919128418,0.031096838414669037,0.00024949308135546744,0.037579528987407684,2.94766902923584,6001071.0
1.899999976158142,44.66950988769531,-0.15160761773586273,0.027134407311677933,878.2249755859375,0.08631788194179535,1150.8565673828125,0.29455628991127014,1073.47998046875,0.2328624129295349,1172.955078125,-0.024260148406028748,1.0006223917007446,1.0015099048614502,1.0052894353866577,1.0119630098342896,1.0254697799682617,1.0422728061676025,0.0006975414580665529,0.001682900357991457,0.005752796772867441,0.012399306520819664,0.02331206388771534,0.03035336546599865,6.317471027374268,1.0529118776321411,0.031247708946466446,0.0002612198586575687,0.03934585675597191,2.947735548019409,6001206.5
2.0,44.65460205078125,-0.14906543493270874,0.02542186714708805,878.2338256835938,0.09025758504867554,1150.8857421875,0.28915977478027344,1073.5032958984375,0.23301152884960175,1172.9530029296875,-0.01658257655799389,1.0006941556930542,1.001682996749878,1.0058799982070923,1.0132311582565308,1.0278335809707642,1.045319676399231,0.0007383075426332653,0.0017796336906030774,0.006059279665350914,0.012962385080754757,0.023960968479514122,0.03058391809463501,6.33623743057251,1.056039571762085,0.031405653804540634,0.00027271482395008206,0.04107726737856865,2.947805404663086,6001348.5
2.0999999046325684,44.63994598388672,-0.146550253033638,0.025151779875159264,878.2430419921875,0.09396399557590485,1150.9144287109375,0.28407275676727295,1073.526611328125,0.23284690082073212,1172.9517822265625,-0.00898293312638998,1.000770092010498,1.0018658638000488,1.0065011978149414,1.0145549774169922,1.0302603244781494,1.0483886003494263,0.000779221358243376,0.001876546535640955,0.006363902240991592,0.013513191603124142,0.02456936053931713,0.030794788151979446,6.355094909667969,1.0591825246810913,0.03155051916837692,0.00028397992718964815,0.04277405887842178,2.947878122329712,6001496.5
2.200000047683716,44.62556076049805,-0.14385657012462616,0.026936806738376617,878.2526245117188,0.09743975847959518,1150.9425048828125,0.2792820334434509,1073.5498046875,0.23242022097110748,1172.9512939453125,-0.001463335589505732,1.0008500814437866,1.0020583868026733,1.0071526765823364,1.0159332752227783,1.0327458381652832,1.0514775514602661,0.0008202411700040102,0.0019735360983759165,0.006666312925517559,0.014051158912479877,0.02513798698782921,0.030983012169599533,6.374024391174316,1.0623373985290527,0.03165414184331894,0.0002950006746686995,0.044434040784835815,2.947953701019287,6001650.5
2.299999952316284,44.61145782470703,-0.1410405933856964,0.02815987914800644,878.2625122070312,0.10068921744823456,1150.97021484375,0.27477481961250305,1073.5731201171875,0.23177650570869446,1172.951416015625,0.005973253399133682,1.00093412399292,1.0022605657577515,1.0078343152999878,1.017364740371704,1.0352863073349,1.05458402633667,0.0008613190148025751,0.0020704849157482386,0.006966107524931431,0.014575599692761898,0.02566717192530632,0.031145336106419563,6.393004417419434,1.0655007362365723,0.03172467276453972,0.00030576702556572855,0.046055711805820465,2.9480321407318115,6001810.0
2.4000000953674316,44.59765625,-0.1380247175693512,0.03015875071287155,878.2727661132812,0.103718101978302,1150.99755859375,0.2705385684967041,1073.59619140625,0.23095493018627167,1172.952392578125,0.013322936370968819,1.0010223388671875,1.0024724006652832,1.0085457563400269,1.0188478231430054,1.0378776788711548,1.057705283164978,0.0009024001192301512,0.0021672591101378202,0.007262825034558773,0.015085695311427116,0.026156779378652573,0.03127795457839966,6.41201114654541,1.0686684846878052,0.03174960985779762,0.00031626285635866225,0.04763662815093994,2.948112726211548,6001974.5
2.5,44.58417510986328,-0.13481517136096954,0.03209535777568817,878.2832641601562,0.1065332219004631,1151.0244140625,0.2665610611438751,1073.6192626953125,0.22998949885368347,1172.9541015625,0.02058102935552597,1.0011146068572998,1.002694010734558,1.0092867612838745,1.020381212234497,1.0405160188674927,1.0608381032943726,0.0009434240055270493,0.002263711066916585,0.007555956952273846,0.01558051910251379,0.02660633809864521,0.03137696534395218,6.431016445159912,1.071835994720459,0.03172897920012474,0.00032647248008288443,0.049174435436725616,2.9481959342956543,6002143.5
2.5999999046325684,44.571041107177734,-0.13133782148361206,0.03477358818054199,878.2940673828125,0.10914220660924911,1151.0509033203125,0.26283004879951477,1073.6422119140625,0.22890973091125488,1172.95654296875,0.027741486206650734,1.0012110471725464,1.002925157546997,1.0100568532943726,1.0219632387161255,1.0431972742080688,1.0639790296554565,0.000984319718554616,0.0023596673272550106,0.00784490630030632,0.016058936715126038,0.02701476588845253,0.03143743798136711,6.44998836517334,1.0749980211257935,0.03165053203701973,0.00033637438900768757,0.05066589638590813,2.9482810497283936,6002317.0
2.700000047683716,44.558265686035156,-0.12774226069450378,0.035955533385276794,878.3050537109375,0.11155331879854202,1151.076904296875,0.25933417677879333,1073.6650390625,0.22774115204811096,1172.959716796875,0.034799687564373016,1.0013114213943481,1.0031658411026,1.0108555555343628,1.0235923528671265,1.045917272567749,1.0671238899230957,0.001025028177537024,0.00245498470030725,0.00812919158488512,0.016520114615559578,0.027381805703043938,0.03145798295736313,6.46890115737915,1.0781501531600952,0.0315348319709301,0.0003459591243881732,0.05210958421230316,2.9483683109283447,6002494.5
2.799999952316284,44.5458984375,-0.12366093695163727,0.04081328213214874,878.3163452148438,0.11377523094415665,1151.102783203125,0.25606095790863037,1073.687744140625,0.22650578618049622,1172.9635009765625,0.041746221482753754,1.0014159679412842,1.0034160614013672,1.011682391166687,1.0252665281295776,1.048671841621399,1.0702683925628662,0.0010654524667188525,0.002549426630139351,0.008407991379499435,0.016962388530373573,0.027704862877726555,0.0314301922917366,6.487709999084473,1.081284999847412,0.031326040625572205,0.0003551877452991903,0.05349963158369064,2.9484572410583496,6002676.0
2.9000000953674316,44.53398895263672,-0.11910410970449448,0.04556828737258911,878.3278198242188,0.11581690609455109,1151.128173828125,0.2529972493648529,1073.7103271484375,0.22522243857383728,1172.968017578125,0.04856846481561661,1.001524567604065,1.0036756992340088,1.012536883354187,1.0269839763641357,1.051456332206726,1.0734072923660278,0.0011054696515202522,0.002642693929374218,0.008680261671543121,0.01738356426358223,0.02797999233007431,0.03134310245513916,6.506360054016113,1.0843932628631592,0.03102448210120201,0.0003640221548266709,0.05483030527830124,2.9485480785369873,6002860.5
3.0,44.52255630493164,-0.11433538049459457,0.04768729209899902,878.3394775390625,0.11768746376037598,1151.1533203125,0.250131219625473,1073.7327880859375,0.22390712797641754,1172.97314453125,0.055257558822631836,1.0016371011734009,1.0039446353912354,1.013418197631836,1.0287423133850098,1.0542658567428589,1.076534390449524,0.0011449875310063362,0.0027345630805939436,0.00894524622708559,0.017782198265194893,0.028205446898937225,0.031194280833005905,6.52480936050415,1.0874682664871216,0.03066575527191162,0.0003724456764757633,0.05609908327460289,2.9486403465270996,6003048.5
3.0999999046325684,44.5115966796875,-0.1095857247710228,0.04749656096100807,878.3513793945312,0.11939603835344315,1151.17822265625,0.24745291471481323,1073.755126953125,0.22257351875305176,1172.97900390625,0.06181003898382187,1.0017534494400024,1.0042226314544678,1.0143256187438965,1.0305393934249878,1.0570954084396362,1.079643726348877,0.00118395802564919,0.0028249185997992754,0.009202591143548489,0.018157869577407837,0.028382286429405212,0.03099004179239273,6.543035984039307,1.0905059576034546,0.03028150275349617,0.0003804602602031082,0.05730626732110977,2.9487340450286865,6003239.0
3.200000047683716,44.5010986328125,-0.10500264912843704,0.045830756425857544,878.3634033203125,0.12095172703266144,1151.202880859375,0.24495381116867065,1073.77734375,0.2212332934141159,1172.985595703125,0.06822649389505386,1.0018738508224487,1.0045095682144165,1.0152583122253418,1.0323729515075684,1.0599403381347656,1.0827304124832153,0.0012223656522110105,0.00291372649371624,0.009452246129512787,0.018510907888412476,0.028513511642813683,0.03074127808213234,6.561032772064209,1.0935053825378418,0.029893159866333008,0.0003880797594320029,0.05845394358038902,2.948828935623169,6003432.5
3.299999952316284,44.49102783203125,-0.10067988187074661,0.043227668851614,878.3755493164062,0.12236350774765015,1151.2271728515625,0.2426265925168991,1073.79931640625,0.21989649534225464,1172.99267578125,0.07451029121875763,1.001997947692871,1.0048052072525024,1.0162156820297241,1.03424072265625,1.0627963542938232,1.0857905149459839,0.0012602185597643256,0.003001009114086628,0.00969436764717102,0.018842149525880814,0.02860327623784542,0.03046044334769249,6.578802585601807,1.096467137336731,0.029515795409679413,0.00039532562368549407,0.05954533815383911,2.948925018310547,6003628.0
3.4000000953674316,44.48138427734375,-0.09644711017608643,0.042327724397182465,878.3878173828125,0.12364019453525543,1151.2513427734375,0.24046377837657928,1073.8212890625,0.2185717523097992,1173.00048828125,0.08066307008266449,1.002125859260559,1.0051096677780151,1.0171968936920166,1.0361405611038208,1.0656594038009644,1.0888211727142334,0.0012975112767890096,0.0030867569148540497,0.00992899015545845,0.01915210485458374,0.02865457721054554,0.030154308304190636,6.596343517303467,1.0993905067443848,0.029125666245818138,0.0004022054490633309,0.06058160588145256,2.9490222930908203,6003826.0
3.5,44.4721565246582,-0.09225955605506897,0.041875552386045456,878.4002685546875,0.12479037791490555,1151.2752685546875,0.2384575605392456,1073.843017578125,0.21726641058921814,1173.0087890625,0.08668452501296997,1.0022574663162231,1.005422592163086,1.018201231956482,1.0380703210830688,1.068525791168213,1.091820240020752,0.0013342234306037426,0.0031709226313978434,0.010156014934182167,0.019440939649939537,0.02866925671696663,0.029825201258063316,6.613645076751709,1.1022741794586182,0.028718076646327972,0.00040872336830943823,0.06156335771083832,2.949120283126831,6004025.5
3.5999999046325684,44.46333694458008,-0.08821643143892288,0.040431227535009384,878.4127807617188,0.12582240998744965,1151.299072265625,0.2366008460521698,1073.86474609375,0.21598662436008453,1173.017822265625,0.09257572144269943,1.0023926496505737,1.0057437419891357,1.0192278623580933,1.0400278568267822,1.0713919401168823,1.0947853326797485,0.0013703459408134222,0.0032534876372665167,0.01037544198334217,0.019709058105945587,0.028649697080254555,0.02947704866528511,6.630703449249268,1.1051172018051147,0.028308844193816185,0.00041489143040962517,0.06249241158366203,2.9492194652557373,6004227.5
3.700000047683716,44.45493698120117,-0.08400667458772659,0.04209759831428528,878.4254150390625,0.1267443746328354,1151.3226318359375,0.2348855882883072,1073.88623046875,0.21473757922649384,1173.02734375,0.09833361953496933,1.0025315284729004,1.0060731172561646,1.0202759504318237,1.0420112609863281,1.0742542743682861,1.0977145433425903,0.001405837363563478,0.0033343532122671604,0.01058698445558548,0.019956136122345924,0.028596092015504837,0.02910655550658703,6.6474995613098145,1.1079165935516357,0.02785130776464939,0.00042069662595167756,0.06336680799722672,2.9493191242218018,6004430.5
3.799999952316284,44.446998596191406,-0.07935965061187744,0.04647018015384674,878.4381713867188,0.12756404280662537,1151.3460693359375,0.2333018183708191,1073.90771484375,0.21352340281009674,1173.0374755859375,0.10394814610481262,1.002673864364624,1.0064105987548828,1.0213449001312256,1.0440181493759155,1.0771095752716064,1.1006048917770386,0.0014405996771529317,0.003413283033296466,0.010789845138788223,0.020180586725473404,0.028505170717835426,0.02870072051882744,6.6639885902404785,1.11066472530365,0.02730495296418667,0.0004261042340658605,0.06418132781982422,2.9494197368621826,6004635.0
3.9000000953674316,44.43955993652344,-0.07438675314188004,0.04972900077700615,878.450927734375,0.1282888799905777,1151.3692626953125,0.23183943331241608,1073.928955078125,0.21234716475009918,1173.048095703125,0.10940849781036377,1.002819538116455,1.0067557096481323,1.0224335193634033,1.0460463762283325,1.079953670501709,1.1034525632858276,0.0014745292719453573,0.0034900265745818615,0.010983186773955822,0.020380744710564613,0.02837357670068741,0.028248848393559456,6.680123805999756,1.113353967666626,0.0266851969063282,0.00043108861427754164,0.06493209302425385,2.9495208263397217,6004841.0
4.0,44.43266677856445,-0.06896308064460754,0.05423669144511223,878.4638061523438,0.12892602384090424,1151.3924560546875,0.23048797249794006,1073.9501953125,0.21121105551719666,1173.059326171875,0.11470243334770203,1.002968668937683,1.007108449935913,1.0235410928726196,1.048093318939209,1.0827823877334595,1.1062521934509277,0.0015075107803568244,0.0035643058363348246,0.011166075244545937,0.02055473066866398,0.028197508305311203,0.02774060331285,6.695852756500244,1.1159754991531372,0.025969935581088066,0.00043561411439441144,0.06561373919248581,2.949622392654419,6005047.5
4.099999904632568,44.42637252807617,-0.06293844431638718,0.06024637073278427,878.4767456054688,0.1294822096824646,1151.4154052734375,0.22923584282398224,1073.97119140625,0.21011632680892944,1173.071044921875,0.11981376260519028,1.003121018409729,1.0074684619903564,1.0246663093566895,1.0501561164855957,1.0855910778045654,1.1089975833892822,0.0015393972862511873,0.003635765053331852,0.011337298899888992,0.02070000395178795,0.02797151356935501,0.02716224640607834,6.711108684539795,1.1185181140899658,0.02513393759727478,0.0004396331205498427,0.06621909141540527,2.9497244358062744,6005255.5
4.199999809265137,44.42076873779297,-0.05601363629102707,0.06924809515476227,878.4896850585938,0.12996385991573334,1151.438232421875,0.22806940972805023,1073.9921875,0.20906329154968262,1173.083251953125,0.12471965700387955,1.0032764673233032,1.0078355073928833,1.0258079767227173,1.0522319078445435,1.0883742570877075,1.1116806268692017,0.0015699878567829728,0.0037039173766970634,0.011495176702737808,0.02081289328634739,0.02768728695809841,0.026493322104215622,6.725800514221191,1.1209667921066284,0.024128086864948273,0.00044307397911325097,0.06673736870288849,2.949826955795288,6005464.0
4.300000190734863,44.415958404541016,-0.04811257869005203,0.07901058346033096,878.502685546875,0.13037697970867157,1151.4610595703125,0.22697362303733826,1074.0130615234375,0.20805132389068604,1173.095947265625,0.1293928176164627,1.0034350156784058,1.0082091093063354,1.0269646644592285,1.0543172359466553,1.091125726699829,1.1142913103103638,0.0015990454703569412,0.0037681879475712776,0.011637716554105282,0.020889021456241608,0.027334973216056824,0.025711731985211372,6.73982048034668,1.1233034133911133,0.02293664962053299,0.0004458592156879604,0.06715688854455948,2.949929714202881,6005673.5
4.400000095367432,44.41203689575195,-0.03921682387590408,0.08895756304264069,878.5157470703125,0.13072718679904938,1151.483642578125,0.22593268752098083,1074.0338134765625,0.20707876980304718,1173.109130859375,0.13380421698093414,1.0035961866378784,1.0085889101028442,1.028134822845459,1.0564080476760864,1.093838095664978,1.1168172359466553,0.0016263185534626245,0.0038279681466519833,0.011762820184230804,0.020923811942338943,0.026904620230197906,0.024798164144158363,6.753055095672607,1.1255091428756714,0.021551303565502167,0.00044790992978960276,0.06746577471494675,2.950032949447632,6005883.5
4.5,44.409114837646484,-0.029222141951322556,0.09994681179523468,878.5288696289062,0.13101966679096222,1151.5062255859375,0.2249298244714737,1074.054443359375,0.2061430662870407,1173.1226806640625,0.13792219758033752,1.0037600994110107,1.008974552154541,1.0293164253234863,1.058500051498413,1.0965030193328857,1.1192443370819092,0.0016515335300937295,0.0038825958035886288,0.011868210509419441,0.020912323147058487,0.0263857189565897,0.023733889684081078,6.765379428863525,1.127563238143921,0.019950589165091515,0.0004491390136536211,0.06765090674161911,2.950136423110962,6006094.0
4.599999904632568,44.40727996826172,-0.01833404414355755,0.10888096690177917,878.5419921875,0.13125921785831451,1151.5286865234375,0.22394847869873047,1074.0750732421875,0.20524071156978607,1173.13671875,0.14171677827835083,1.003926396369934,1.009365200996399,1.0305075645446777,1.0605884790420532,1.0991111993789673,1.1215568780899048,0.0016744302120059729,0.003931443206965923,0.011951755732297897,0.02085004933178425,0.025769418105483055,0.022507401183247566,6.776675701141357,1.1294459104537964,0.018161648884415627,0.0004494761233218014,0.06770167499780655,2.950239896774292,6006305.0
4.699999809265137,44.406585693359375,-0.006941947154700756,0.11392097175121307,878.5551147460938,0.13145016133785248,1151.551025390625,0.22297415137290955,1074.095458984375,0.20436756312847137,1173.151123046875,0.1451655775308609,1.0040949583053589,1.0097604990005493,1.0317058563232422,1.062667965888977,1.1016526222229004,1.1237388849258423,0.0016948090633377433,0.003974032122641802,0.012011893093585968,0.020733976736664772,0.025051293894648552,0.021121429279446602,6.7868523597717285,1.1311421394348145,0.016240539029240608,0.00044888225966133177,0.06761223077774048,2.9503438472747803,6006516.5
4.800000190734863,44.40709686279297,0.0050826421938836575,0.12024589627981186,878.5682373046875,0.1315964162349701,1151.5732421875,0.22199250757694244,1074.1158447265625,0.20351886749267578,1173.165771484375,0.14824719727039337,1.004265308380127,1.0101597309112549,1.0329089164733887,1.0647329092025757,1.1041170358657837,1.1257743835449219,0.00171247823163867,0.004009903874248266,0.012047145515680313,0.02056133933365345,0.024227693676948547,0.019579127430915833,6.795821666717529,1.1326370239257812,0.014164883643388748,0.0004473082080949098,0.06737513840198517,2.9504475593566895,6006728.0
4.900000095367432,44.40888595581055,0.01791347935795784,0.12830837070941925,878.5814208984375,0.1317014843225479,1151.5953369140625,0.22098788619041443,1074.13623046875,0.20268934965133667,1173.1806640625,0.15093614161014557,1.0044373273849487,1.0105621814727783,1.0341142416000366,1.0667777061462402,1.106493592262268,1.1276476383209229,0.001727212336845696,0.004038520622998476,0.01205575093626976,0.0203287061303854,0.023293228819966316,0.01787661947309971,6.803481101989746,1.133913516998291,0.011908012442290783,0.0004446909006219357,0.06698091328144073,2.950551748275757,6006939.5
5.0,44.41203308105469,0.031459175050258636,0.13545696437358856,878.5946044921875,0.13176842033863068,1151.617431640625,0.21994446218013763,1074.156494140625,0.20187316834926605,1173.1959228515625,0.153206929564476,1.0046106576919556,1.0109671354293823,1.0353189706802368,1.068796157836914,1.1087708473205566,1.1293424367904663,0.0017387863481417298,0.004059343133121729,0.012035964988172054,0.020032735541462898,0.022242924198508263,0.01601102575659752,6.809726715087891,1.1349544525146484,0.009484097361564636,0.0004409746325109154,0.06642115116119385,2.950655698776245,6007151.5
5.099999904632568,44.41658401489258,0.04550152271986008,0.1404234617948532,878.6077880859375,0.1317998766899109,1151.639404296875,0.2188475877046585,1074.1766357421875,0.20106400549411774,1173.2113037109375,0.1550385057926178,1.0047849416732788,1.01137375831604,1.03652024269104,1.0707815885543823,1.110937237739563,1.130842685699463,0.0017470101593062282,0.004071921110153198,0.011986379511654377,0.01967097818851471,0.021074369549751282,0.013986805453896523,6.814471244812012,1.1357451677322388,0.006926656700670719,0.00043612130684778094,0.06569012999534607,2.9507598876953125,6007363.5
5.199999809265137,44.4225959777832,0.06014217063784599,0.14640650153160095,878.6209716796875,0.13179808855056763,1151.6612548828125,0.2176826149225235,1074.1966552734375,0.2002551406621933,1173.2269287109375,0.15641021728515625,1.0049598217010498,1.0117812156677246,1.037714958190918,1.0727275609970093,1.1129807233810425,1.1321327686309814,0.0017516970401629806,0.004075812641531229,0.011905629187822342,0.01924111507833004,0.019785499200224876,0.011807668954133987,6.817628860473633,1.1362714767456055,0.004220491275191307,0.0004300847358535975,0.06478087604045868,2.95086407661438,6007575.5
5.300000190734863,44.43015670776367,0.07561671733856201,0.1547454446554184,878.6341552734375,0.13176488876342773,1151.682861328125,0.21643348038196564,1074.2166748046875,0.19943946599960327,1173.2425537109375,0.15729695558547974,1.0051350593566895,1.0121885538101196,1.0389000177383423,1.0746269226074219,1.114889144897461,1.1331970691680908,0.0017526238225400448,0.004070487804710865,0.011792037636041641,0.018740078434348106,0.01837218925356865,0.009469546377658844,6.81909704208374,1.1365162134170532,0.0013314581010490656,0.00042279972694814205,0.06368359178304672,2.9509682655334473,6007787.5
5.400000095367432,44.439334869384766,0.0917552188038826,0.16138502955436707,878.6472778320312,0.1317017376422882,1151.7044677734375,0.21508432924747467,1074.236572265625,0.19860942661762238,1173.25830078125,0.15767471492290497,1.0053101778030396,1.0125949382781982,1.040071964263916,1.076472520828247,1.116649866104126,1.1340194940567017,0.0017495766514912248,0.004055439494550228,0.011644026264548302,0.018165092915296555,0.016831200569868088,0.006971209309995174,6.818777561187744,1.136462926864624,-0.0017113224603235722,0.00041421488276682794,0.06239050626754761,2.9510722160339355,6007999.5
5.5,44.45018005371094,0.10844803601503372,0.1669282168149948,878.6604614257812,0.13160967826843262,1151.7259521484375,0.21362027525901794,1074.25634765625,0.19775712490081787,1173.2740478515625,0.15752331912517548,1.0054848194122314,1.012999176979065,1.0412273406982422,1.0782568454742432,1.1182500123977661,1.1345841884613037,0.0017423714743927121,0.004030234646052122,0.011460302397608757,0.017514128237962723,0.015161368064582348,0.004317240323871374,6.816584587097168,1.1360974311828613,-0.004889047238975763,0.0004042874788865447,0.06089520826935768,2.951176166534424,6008211.5
5.599999904632568,44.46274948120117,0.1257116198539734,0.1726357787847519,878.6736450195312,0.13148941099643707,1151.7471923828125,0.2120266854763031,1074.276123046875,0.19687438011169434,1173.289794921875,0.15682372450828552,1.005658507347107,1.0134005546569824,1.0423625707626343,1.0799721479415894,1.1196767091751099,1.1348758935928345,0.00173083390109241,0.003994466736912727,0.011239676736295223,0.016785427927970886,0.013362204656004906,0.001512815011665225,6.812437057495117,1.135406255722046,-0.008200766518712044,0.00039297359762713313,0.05919107049703598,2.951280117034912,6008423.0
5.699999809265137,44.47708511352539,0.14335843920707703,0.17646817862987518,878.686767578125,0.13134124875068665,1151.768310546875,0.21028999984264374,1074.2957763671875,0.19595281779766083,1173.305419921875,0.15556062757968903,1.0058308839797974,1.013797640800476,1.043473720550537,1.0816106796264648,1.1209170818328857,1.1348801851272583,0.0017148194601759315,0.00394780095666647,0.010981236584484577,0.015977948904037476,0.011435066349804401,-0.0014325937954708934,6.806268215179443,1.1343780755996704,-0.011612636037170887,0.00038024422246962786,0.05727372691035271,2.9513840675354004,6008634.5
5.800000190734863,44.49320983886719,0.161258727312088,0.17900285124778748,878.6998901367188,0.13116516172885895,1151.789306640625,0.2083980143070221,1074.3153076171875,0.19498400390148163,1173.3209228515625,0.1537233144044876,1.006001353263855,1.014189600944519,1.0445572137832642,1.0831645727157593,1.1219584941864014,1.1345833539962769,0.0016942208167165518,0.0038899953942745924,0.010684416629374027,0.015091505832970142,0.00938346702605486,-0.0045049600303173065,6.798026084899902,1.1330044269561768,-0.01509979460388422,0.0003660808433778584,0.05514038726687431,2.9514877796173096,6008845.5
5.900000095367432,44.51116943359375,0.17957612872123718,0.18317414820194244,878.7130126953125,0.13096082210540771,1151.8099365234375,0.20633839070796967,1074.334716796875,0.19395941495895386,1173.336181640625,0.15130048990249634,1.0061694383621216,1.0145752429962158,1.0456089973449707,1.0846257209777832,1.122788667678833,1.133973479270935,0.0016689262120053172,0.0038207974284887314,0.010348617099225521,0.014125818386673927,0.007210336625576019,-0.00769475381821394,6.787658214569092,1.1312763690948486,-0.018681293353438377,0.00035045159165747464,0.05278625711798668,2.9515912532806396,6009056.0
6.0,44.531002044677734,0.19833491742610931,0.18758775293827057,878.72607421875,0.13072755932807922,1151.83056640625,0.2040986716747284,1074.3541259765625,0.19287051260471344,1173.3511962890625,0.14828017354011536,1.006334900856018,1.0149532556533813,1.0466253757476807,1.0859863758087158,1.123395562171936,1.1330389976501465,0.0016388185322284698,0.003739941632375121,0.009973193518817425,0.01308048889040947,0.004918035585433245,-0.010995779186487198,6.77510929107666,1.1291848421096802,-0.02235315553843975,0.00033332259044982493,0.050206221640110016,2.9516947269439697,6009266.5
6.099999904632568,44.55274963378906,0.21748510003089905,0.19150187075138092,878.7391357421875,0.13046440482139587,1151.850830078125,0.2016669362783432,1074.373291015625,0.19170865416526794,1173.3658447265625,0.14465215802192688,1.0064970254898071,1.0153226852416992,1.0476020574569702,1.0872385501861572,1.123767375946045,1.1317691802978516,0.0016037952154874802,0.00364719913341105,0.009557639248669147,0.01195545308291912,0.0025096144527196884,-0.014400660991668701,6.760329723358154,1.1267216205596924,-0.02610073983669281,0.00031466380460187793,0.047395773231983185,2.9517979621887207,6009477.0
6.199999809265137,44.57643508911133,0.23684726655483246,0.1936216652393341,878.752197265625,0.13017013669013977,1151.870849609375,0.19903263449668884,1074.3924560546875,0.1904652863740921,1173.3800048828125,0.14041070640087128,1.0066554546356201,1.0156822204589844,1.0485352277755737,1.0883742570877075,1.1238927841186523,1.1301541328430176,0.0015637900214642286,0.003542430466040969,0.00910178292542696,0.010751464404165745,-9.894237336993683e-06,-0.017897000536322594,6.743286609649658,1.1238811016082764,-0.029889633879065514,0.0002944596344605088,0.04435255005955696,2.9519009590148926,6009686.5
6.300000190734863,44.60206604003906,0.2562967538833618,0.19449493288993835,878.7651977539062,0.12984326481819153,1151.890625,0.19618679583072662,1074.411376953125,0.189131960272789,1173.393798828125,0.13555485010147095,1.0068095922470093,1.0160306692123413,1.0494208335876465,1.089385747909546,1.1237609386444092,1.1281856298446655,0.001518775592558086,0.0034255911596119404,0.00860580150038004,0.009470116347074509,-0.002633520169183612,-0.021468333899974823,6.723965167999268,1.1206609010696411,-0.033693891018629074,0.00027270434657111764,0.0410756915807724,2.9520034790039062,6009895.5
6.400000095367432,44.6296501159668,0.27582505345344543,0.19528290629386902,878.7781372070312,0.12948206067085266,1151.9100341796875,0.19312134385108948,1074.43017578125,0.18770042061805725,1173.4071044921875,0.1300860196352005,1.0069589614868164,1.0163668394088745,1.0502547025680542,1.090265154838562,1.1233619451522827,1.1258571147918701,0.001468744478188455,0.003296686103567481,0.008070048876106739,0.008113401010632515,-0.005353639367967844,-0.02509860135614872,6.702358722686768,1.1170598268508911,-0.03750435635447502,0.00024939270224422216,0.037564411759376526,2.95210599899292,6010104.0
6.5,44.6591682434082,0.2952134311199188,0.19388385117053986,878.7910766601562,0.12908458709716797,1151.92919921875,0.18982985615730286,1074.448974609375,0.18616272509098053,1173.4197998046875,0.12401051074266434,1.0071032047271729,1.0166895389556885,1.0510331392288208,1.0910054445266724,1.122686505317688,1.1231633424758911,0.001413729158230126,0.003155818209052086,0.007495235651731491,0.006684144493192434,-0.008160803467035294,-0.02876819670200348,6.678479194641113,1.1130799055099487,-0.04127981886267662,0.00022453702695202082,0.033820562064647675,2.9522082805633545,6010312.0
6.599999904632568,44.69059753417969,0.31427276134490967,0.19059327244758606,878.803955078125,0.12864872813224792,1151.947998046875,0.18630801141262054,1074.4674072265625,0.18451128900051117,1173.431884765625,0.11734069138765335,1.0072416067123413,1.0169975757598877,1.0517522096633911,1.0915992259979248,1.121726393699646,1.120101809501648,0.0013538117054849863,0.0030032116919755936,0.006882511544972658,0.0051862015388906,-0.01104329526424408,-0.03245312720537186,6.652359962463379,1.1087267398834229,-0.04498501121997833,0.00019816473650280386,0.02984827198088169,2.952310085296631,6010519.5
6.699999809265137,44.7238883972168,0.33291545510292053,0.18642690777778625,878.8167724609375,0.12817218899726868,1151.9664306640625,0.18255305290222168,1074.48583984375,0.18273906409740448,1173.4432373046875,0.11009300500154495,1.0073736906051636,1.0172897577285767,1.052408218383789,1.092039942741394,1.1204750537872314,1.1166720390319824,0.0012891083024442196,0.00283917342312634,0.006233318243175745,0.0036240732297301292,-0.013988278806209564,-0.036129068583250046,6.624051094055176,1.1040085554122925,-0.048599787056446075,0.00017031017341651022,0.025652717798948288,2.952411413192749,6010726.0
6.800000190734863,44.75897216796875,0.3508496880531311,0.17934244871139526,878.82958984375,0.12765255570411682,1151.9844970703125,0.17856454849243164,1074.5040283203125,0.18083952367305756,1173.453857421875,0.10229027271270752,1.0074992179870605,1.0175650119781494,1.0529974699020386,1.0923216342926025,1.1189266443252563,1.112876534461975,0.001219787634909153,0.002664138562977314,0.00554955517873168,0.0020033058244735003,-0.01698073372244835,-0.03976781666278839,6.593625068664551,1.0989375114440918,-0.05207422003149986,0.0001410311524523422,0.02124261111021042,2.952512502670288,6010931.5
6.900000095367432,44.79574966430664,0.3677503764629364,0.16900677978992462,878.8423461914062,0.1270873099565506,1152.002197265625,0.17434503138065338,1074.52197265625,0.17880693078041077,1173.4637451171875,0.093963623046875,1.007617473602295,1.0178221464157104,1.0535168647766113,1.0924384593963623,1.1170774698257446,1.1087204217910767,0.0011460864916443825,0.0024787092115730047,0.004833717364817858,0.0003308159066364169,-0.020002668723464012,-0.04333537817001343,6.56118631362915,1.0935310125350952,-0.055356111377477646,0.00011041173274861649,0.01663060486316681,2.952613115310669,6011136.5
7.0,44.83409118652344,0.383423775434494,0.15673404932022095,878.85498046875,0.12647391855716705,1152.0194091796875,0.16989952325820923,1074.539794921875,0.17663636803627014,1173.47265625,0.08515040576457977,1.0077282190322876,1.018060326576233,1.0539630651474,1.0923858880996704,1.114925503730774,1.1042128801345825,0.0010682938154786825,0.0022836127318441868,0.004088737536221743,-0.001385524752549827,-0.023034390062093735,-0.04679657891392708,6.526861190795898,1.0878102779388428,-0.05841381102800369,7.855155126890168e-05,0.01183171197772026,2.9527132511138916,6011340.5
7.099999904632568,44.87388610839844,0.3979649841785431,0.14541210234165192,878.8676147460938,0.12580975890159607,1152.0361328125,0.16523383557796478,1074.5572509765625,0.17432385683059692,1173.480712890625,0.07588847726583481,1.0078309774398804,1.0182784795761108,1.0543334484100342,1.0921598672866821,1.1124706268310547,1.0993657112121582,0.0009867037879303098,0.0020795895252376795,0.0033175679855048656,-0.0031379438005387783,-0.026057450100779533,-0.050123993307352066,6.490780830383301,1.0817967653274536,-0.061257537454366684,4.554253973765299e-05,0.006859777960926294,2.952812910079956,6011543.5
7.199999809265137,44.91505432128906,0.41168084740638733,0.13715873658657074,878.8801879882812,0.1250922828912735,1152.0523681640625,0.16035299003124237,1074.5745849609375,0.17186619341373444,1173.48779296875,0.06621062755584717,1.0079253911972046,1.018475890159607,1.0546256303787231,1.09175705909729,1.1097146272659302,1.0941931009292603,0.0009015718242153525,0.0018672817386686802,0.0025227770674973726,-0.004919767379760742,-0.029057273641228676,-0.05330432578921318,6.453057289123535,1.0755095481872559,-0.06392671912908554,1.145170426752884e-05,0.0017248960211873055,2.9529120922088623,6011745.0
7.300000190734863,44.95750427246094,0.42449650168418884,0.12815649807453156,878.8926391601562,0.12431894242763519,1152.0682373046875,0.1552623063325882,1074.5916748046875,0.16926084458827972,1173.4940185546875,0.056148793548345566,1.0080112218856812,1.0186516046524048,1.0548372268676758,1.0911749601364136,1.1066604852676392,1.0887103080749512,0.0008131475187838078,0.0016473173163831234,0.001706854091025889,-0.006724638864398003,-0.03202078491449356,-0.0563284195959568,6.4138007164001465,1.0689667463302612,-0.06640676409006119,-2.3647915440960787e-05,-0.0035619325935840607,2.9530105590820312,6011946.0
7.400000095367432,45.001121520996094,0.43616604804992676,0.11669551581144333,878.905029296875,0.12348727881908417,1152.08349609375,0.1499689817428589,1074.6085205078125,0.16650600731372833,1173.4990234375,0.04573921114206314,1.0080879926681519,1.0188050270080566,1.0549662113189697,1.0904115438461304,1.103312373161316,1.0829336643218994,0.0007217168458737433,0.0014204116305336356,0.0008725891239009798,-0.008545570075511932,-0.034933727234601974,-0.05918249115347862,6.373137950897217,1.0621896982192993,-0.06866345554590225,-5.9663310821633786e-05,-0.00898669846355915,2.953108549118042,6012145.0
7.5,45.04575729370117,0.4463566541671753,0.10190606117248535,878.9173583984375,0.1225949078798294,1152.09814453125,0.14448273181915283,1074.625,0.16360066831111908,1173.5030517578125,0.03502458706498146,1.0081554651260376,1.0189354419708252,1.0550110340118408,1.0894654989242554,1.099676251411438,1.076880931854248,0.0006276191561482847,0.0011874096235260367,2.322384352737572e-05,-0.010374574922025204,-0.037779707461595535,-0.061846110969781876,6.3312201499938965,1.0552033185958862,-0.0706532895565033,-9.647436672821641e-05,-0.014531309716403484,2.9532058238983154,6012343.0
7.599999904632568,45.09126281738281,0.45505210757255554,0.08695448935031891,878.9295654296875,0.12163957208395004,1152.1123046875,0.1388145536184311,1074.64111328125,0.16054464876651764,1173.506103515625,0.0240496639162302,1.0082134008407593,1.0190423727035522,1.054970383644104,1.0883365869522095,1.095759630203247,1.0705722570419312,0.0005312121938914061,0.0009491996024735272,-0.0008378711645491421,-0.012203490361571312,-0.04054255038499832,-0.06430058181285858,6.288206100463867,1.048034429550171,-0.07237806916236877,-0.00013395954738371074,-0.020177459344267845,2.9533023834228516,6012539.5
7.699999809265137,45.137489318847656,0.4622640013694763,0.07211869210004807,878.941650390625,0.12061917036771774,1152.1259765625,0.13297595083713531,1074.6571044921875,0.15733866393566132,1173.5079345703125,0.012858384288847446,1.0082615613937378,1.0191251039505005,1.0548431873321533,1.0870250463485718,1.0915714502334595,1.064029335975647,0.00043284869752824306,0.0007066559628583491,-0.0017074050847440958,-0.014024495147168636,-0.04320765286684036,-0.0665326938033104,6.244254112243652,1.0407090187072754,-0.0738421157002449,-0.00017199813737533987,-0.025906966999173164,2.9533979892730713,6012734.5
7.800000190734863,45.18429183959961,0.46804434061050415,0.05780339986085892,878.9536743164062,0.11953173577785492,1152.138916015625,0.12697860598564148,1074.672607421875,0.1539841890335083,1173.5086669921875,0.0014930565375834703,1.0082998275756836,1.0191835165023804,1.0546287298202515,1.0855321884155273,1.0871223211288452,1.057274580001831,0.00033286993857473135,0.00046062315232120454,-0.0025822266470640898,-0.015830248594284058,-0.04576229304075241,-0.06853459775447845,6.1995158195495605,1.0332525968551636,-0.0750560313463211,-0.00021047351765446365,-0.03170226514339447,2.9534928798675537,6012927.5
7.900000095367432,45.231536865234375,0.47243401408195496,0.043896909803152084,878.965576171875,0.11837552487850189,1152.1513671875,0.12083427608013153,1074.6878662109375,0.1504834145307541,1173.5081787109375,-0.010005870833992958,1.0083280801773071,1.0192171335220337,1.0543266534805298,1.0838598012924194,1.0824238061904907,1.050331473350525,0.00023160362616181374,0.00021191091218497604,-0.003459339961409569,-0.01761392317712307,-0.048195578157901764,-0.07030284404754639,6.154138088226318,1.025689721107483,-0.07602939754724503,-0.0002492722705937922,-0.037546269595623016,2.9535868167877197,6013119.0
8.0,45.27909851074219,0.4756118655204773,0.03177861496806145,878.9773559570312,0.11714896559715271,1152.1630859375,0.11455421894788742,1074.7027587890625,0.14683915674686432,1173.506591796875,-0.021601751446723938,1.0083461999893188,1.019225835800171,1.0539368391036987,1.0820105075836182,1.0774883031845093,1.0432230234146118,0.00012934816186316311,-3.874459434882738e-05,-0.0043360451236367226,-0.019369537010788918,-0.050499267876148224,-0.07184028625488281,6.108254432678223,1.0180424451828003,-0.07679025828838348,-0.00028829541406594217,-0.04342407360672951,2.9536798000335693,6013308.5
8.100000381469727,45.32687759399414,0.47779709100723267,0.02185225859284401,878.989013671875,0.11585071682929993,1152.1741943359375,0.10814861953258514,1074.7171630859375,0.14305473864078522,1173.50390625,-0.033263199031353,1.0083539485931396,1.019209384918213,1.0534595251083374,1.0799872875213623,1.0723291635513306,1.035971999168396,2.636072713357862e-05,-0.0002907097223214805,-0.0052100433968007565,-0.021092206239700317,-0.05266830325126648,-0.0731566995382309,6.061980247497559,1.0103299617767334,-0.07737071067094803,-0.00032746174838393927,-0.049323443323373795,2.9537720680236816,6013495.5
8.199999809265137,45.37479019165039,0.47913166880607605,0.013345696963369846,879.00048828125,0.11447964608669281,1152.1846923828125,0.10162684321403503,1074.7313232421875,0.13913382589817047,1173.5,-0.04496316611766815,1.008351445198059,1.0191676616668701,1.0528950691223145,1.0777934789657593,1.066960096359253,1.0285998582839966,-7.71355043980293e-05,-0.0005434353370219469,-0.006079365033656359,-0.022777942940592766,-0.05470007658004761,-0.07426566630601883,6.015414714813232,1.0025691986083984,-0.0777924507856369,-0.0003667015698738396,-0.05523388460278511,2.9538629055023193,6013681.0
8.300000190734863,45.42275619506836,0.47967106103897095,0.0053938888013362885,879.0119018554688,0.11303484439849854,1152.194580078125,0.094997838139534,1074.7449951171875,0.13508038222789764,1173.494873046875,-0.05667717009782791,1.0083385705947876,1.0191006660461426,1.052243947982788,1.0754332542419434,1.0613946914672852,1.021126627922058,-0.0001809373206924647,-0.0007964223623275757,-0.0069422428496181965,-0.02442331798374653,-0.0565933994948864,-0.07518104463815689,5.968649864196777,0.9947749972343445,-0.07806666195392609,-0.0004059496568515897,-0.06114557012915611,2.9539527893066406,6013864.0
8.399999618530273,45.470706939697266,0.47947263717651367,-0.0019843601621687412,879.0231323242188,0.1115155890583992,1152.2037353515625,0.08827029168605804,1074.75830078125,0.1308986395597458,1173.4886474609375,-0.06838278472423553,1.0083152055740356,1.0190083980560303,1.0515068769454956,1.0729105472564697,1.0556468963623047,1.013570785522461,-0.0002848572621587664,-0.0010492114815860987,-0.007797069847583771,-0.026025349274277687,-0.05834812670946121,-0.07591613382101059,5.921769618988037,0.9869616031646729,-0.07820519804954529,-0.0004451453569345176,-0.06704936176538467,2.9540414810180664,6014044.5
8.5,45.518577575683594,0.4787183105945587,-0.007543124258518219,879.0341796875,0.1099214032292366,1152.212158203125,0.08145206421613693,1074.771240234375,0.1265929490327835,1173.481201171875,-0.08006127923727036,1.0082815885543823,1.0188908576965332,1.0506848096847534,1.0702300071716309,1.0497304201126099,1.0059499740600586,-0.0003887371567543596,-0.0013014156138524413,-0.008642518892884254,-0.027581796050071716,-0.059965893626213074,-0.07648636400699615,5.874845027923584,0.9791408181190491,-0.07823480665683746,-0.00048424291890114546,-0.07293837517499924,2.9541289806365967,6014222.5
8.600000381469727,45.56631851196289,0.47741711139678955,-0.013011924922466278,879.0451049804688,0.10825198888778687,1152.219970703125,0.07455062121152878,1074.78369140625,0.12216781079769135,1173.47265625,-0.09169596433639526,1.0082374811172485,1.018748164176941,1.0497788190841675,1.0673960447311401,1.043658971786499,0.9982795715332031,-0.0004924348322674632,-0.0015526881907135248,-0.009477420710027218,-0.02909083478152752,-0.06144917011260986,-0.0769062265753746,5.827939987182617,0.9713233113288879,-0.07815971970558167,-0.0005231971736066043,-0.07880580425262451,2.9542152881622314,6014398.0
8.699999809265137,45.6138801574707,0.4755997061729431,-0.0181743074208498,879.0558471679688,0.10650723427534103,1152.2271728515625,0.06757330149412155,1074.795654296875,0.11762779206037521,1173.462890625,-0.10327133536338806,1.0081831216812134,1.0185803174972534,1.0487898588180542,1.0644137859344482,1.0374459028244019,0.9905742406845093,-0.0005958172841928899,-0.0018027054611593485,-0.010300703346729279,-0.030550900846719742,-0.06280077993869781,-0.07718829810619354,5.78111457824707,0.9635190963745117,-0.07798801362514496,-0.0005619655712507665,-0.08464523404836655,2.9543001651763916,6014571.0
8.800000190734863,45.6612548828125,0.473760187625885,-0.01839495822787285,879.06640625,0.10468723624944687,1152.2335205078125,0.06052539870142937,1074.80712890625,0.11297747492790222,1173.451904296875,-0.11477923393249512,1.0081183910369873,1.0183876752853394,1.047719120979309,1.0612878799438477,1.0311038494110107,0.9828466773033142,-0.0006988103850744665,-0.002051288727670908,-0.011111835949122906,-0.03196178749203682,-0.06402690708637238,-0.07735314220190048,5.734402656555176,0.9557337760925293,-0.07778171449899673,-0.0006005459581501782,-0.09045635163784027,2.954383611679077,6014741.0
8.899999618530273,45.70847702026367,0.47223392128944397,-0.015262819826602936,879.0767822265625,0.10279224812984467,1152.2392578125,0.05341000854969025,1074.8182373046875,0.10822125524282455,1173.43994140625,-0.12621913850307465,1.0080432891845703,1.0181701183319092,1.0465679168701172,1.0580233335494995,1.0246450901031494,0.9751072525978088,-0.0008014017366804183,-0.0022984109818935394,-0.011910845525562763,-0.033324673771858215,-0.06513698399066925,-0.07742761075496674,5.687809467315674,0.9479682445526123,-0.07757898420095444,-0.0006389638874679804,-0.0962430015206337,2.954465389251709,6014907.5
9.0,45.75559616088867,0.4711642563343048,-0.0106965908780694,879.0869140625,0.10082265734672546,1152.2442626953125,0.04622901231050491,1074.828857421875,0.10336325317621231,1173.4267578125,-0.13759443163871765,1.0079580545425415,1.0179280042648315,1.045337438583374,1.0546247959136963,1.0180805921554565,0.967363715171814,-0.000903610372915864,-0.0025441227480769157,-0.012698045931756496,-0.034641411155462265,-0.06614162027835846,-0.07743771374225616,5.641326904296875,0.9402211904525757,-0.07739613205194473,-0.0006772568449378014,-0.1020108163356781,2.9545459747314453,6015071.5
9.100000381469727,45.80263900756836,0.47046104073524475,-0.00703208614140749,879.096923828125,0.09877901524305344,1152.2484130859375,0.03898422420024872,1074.8388671875,0.09840729087591171,1173.412353515625,-0.14890828728675842,1.0078625679016113,1.0176613330841064,1.0440287590026855,1.051096796989441,1.0114206075668335,0.9596214890480042,-0.0010054543381556869,-0.002788471058011055,-0.013473737984895706,-0.03591375797986984,-0.06705046445131302,-0.07740269601345062,5.594947338104248,0.9324912428855896,-0.0772235244512558,-0.0007154549239203334,-0.1077643409371376,2.954624891281128,6015232.0
9.199999809265137,45.849639892578125,0.47000062465667725,-0.004604272078722715,879.106689453125,0.09666195511817932,1152.251953125,0.03167792037129402,1074.8485107421875,0.09335693717002869,1173.39697265625,-0.1601620465517044,1.0077569484710693,1.017370343208313,1.0426431894302368,1.0474437475204468,1.004673957824707,0.9518845081329346,-0.001106936833821237,-0.00303146755322814,-0.014238082803785801,-0.03714311122894287,-0.06787148118019104,-0.07733426243066788,5.548669338226318,0.9247782230377197,-0.0770493894815445,-0.0007535780896432698,-0.11350658535957336,2.9547019004821777,6015389.0
9.300000190734863,45.89662170410156,0.4698212444782257,-0.0017937221564352512,879.1162719726562,0.09447222203016281,1152.2547607421875,0.02431228756904602,1074.8575439453125,0.08821557462215424,1173.38037109375,-0.17135708034038544,1.0076411962509155,1.0170551538467407,1.0411815643310547,1.0436698198318481,0.9978494644165039,0.9441556334495544,-0.0012080618180334568,-0.003273124573752284,-0.014991247095167637,-0.038330815732479095,-0.06861203163862228,-0.07724136114120483,5.502491474151611,0.917081892490387,-0.0768800899386406,-0.000791649566963315,-0.11924105137586594,2.954777479171753,6015543.0
9.399999618530273,45.943626403808594,0.47003787755966187,0.002166292630136013,879.1256103515625,0.09221064299345016,1152.2568359375,0.01688891090452671,1074.8660888671875,0.08298638463020325,1173.3626708984375,-0.18249651789665222,1.0075154304504395,1.0167157649993896,1.0396453142166138,1.0397790670394897,0.9909544587135315,0.9364368319511414,-0.0013088473351672292,-0.00351349008269608,-0.015733525156974792,-0.039478521794080734,-0.0692797601222992,-0.07713343948125839,5.4564056396484375,0.9094008803367615,-0.0767287164926529,-0.0008297021850012243,-0.12497267127037048,2.9548513889312744,6015693.0
9.5,45.990684509277344,0.47056129574775696,0.005234274081885815,879.1347045898438,0.08987811952829361,1152.2581787109375,0.009409400634467602,1074.8741455078125,0.07767233997583389,1173.3438720703125,-0.19358308613300323,1.0073795318603516,1.0163525342941284,1.038035273551941,1.0357756614685059,0.9839960932731628,0.928729236125946,-0.0014093086356297135,-0.0037526043597608805,-0.01646517962217331,-0.04058774933218956,-0.06988149881362915,-0.07701694965362549,5.410405158996582,0.9017341732978821,-0.07658525556325912,-0.0008677614387124777,-0.13070528209209442,2.954923152923584,6015839.5
9.600000381469727,46.03781509399414,0.47133132815361023,0.007700291462242603,879.1435546875,0.08747559040784836,1152.2587890625,0.0018756183562800288,1074.8817138671875,0.07227626442909241,1173.323974609375,-0.20461834967136383,1.0072335004806519,1.0159653425216675,1.0363526344299316,1.0316630601882935,0.9769805669784546,0.9210335612297058,-0.0015094518894329667,-0.0039904857985675335,-0.017186392098665237,-0.04165976867079735,-0.07042296975851059,-0.07689507305622101,5.364487171173096,0.8940812349319458,-0.07644452154636383,-0.0009058478754013777,-0.13644200563430786,2.95499324798584,6015982.0
9.699999809265137,46.08501434326172,0.4719753861427307,0.006440647877752781,879.1521606445312,0.08500407636165619,1152.258544921875,-0.005709290038794279,1074.888671875,0.06680087000131607,1173.302978515625,-0.21559931337833405,1.0070775747299194,1.015554428100586,1.034598469734192,1.0274450778961182,0.9699137210845947,0.9133505821228027,-0.00160924659576267,-0.004227061755955219,-0.01789700612425804,-0.042695000767707825,-0.07090717554092407,-0.07676326483488083,5.318666458129883,0.8864444494247437,-0.07626806199550629,-0.0009439514251425862,-0.14218129217624664,2.955061435699463,6016121.0
9.800000190734863,46.13224411010742,0.472307026386261,0.0033162077888846397,879.1605834960938,0.08246462792158127,1152.257568359375,-0.013341047801077366,1074.89501953125,0.06124893203377724,1173.2808837890625,-0.2265191525220871,1.0069117546081543,1.015120029449463,1.032773733139038,1.0231255292892456,0.9628013372421265,0.9056816697120667,-0.0017086314037442207,-0.004462186712771654,-0.018596595153212547,-0.04369316250085831,-0.07133501768112183,-0.0766124352812767,5.272970199584961,0.8788284063339233,-0.0760403424501419,-0.0009820463601499796,-0.14791928231716156,2.955127477645874,6016255.5
9.899999618530273,46.17950439453125,0.4725949168205261,0.0028790675569325686,879.168701171875,0.07985834032297134,1152.255859375,-0.0210160780698061,1074.90087890625,0.055623240768909454,1173.2576904296875,-0.23737360537052155,1.006735920906067,1.0146620273590088,1.0308796167373657,1.0187078714370728,0.9556488990783691,0.8980289697647095,-0.0018075656844303012,-0.004695762414485216,-0.019284918904304504,-0.04465442895889282,-0.0717085525393486,-0.07643967866897583,5.227417469024658,0.8712362051010132,-0.07579163461923599,-0.0010201293043792248,-0.15365546941757202,2.9551916122436523,6016386.0
10.0,46.22678756713867,0.4728381335735321,0.0024322012905031443,879.176513671875,0.07718636095523834,1152.25341796875,-0.028731241822242737,1074.9061279296875,0.04992658644914627,1173.2333984375,-0.24815987050533295,1.0065501928329468,1.0141808986663818,1.0289171934127808,1.0141960382461548,0.948461651802063,0.8903946280479431,-0.0019060204504057765,-0.004927722737193108,-0.019961845129728317,-0.045579250901937485,-0.07203041762113571,-0.07624496519565582,5.182020664215088,0.8636701107025146,-0.07552061975002289,-0.001058196765370667,-0.15938933193683624,2.955253839492798,6016512.5
10.100000381469727,46.27410125732422,0.4731454849243164,0.0030733346939086914,879.18408203125,0.07444986701011658,1152.2501220703125,-0.03648379072546959,1074.910888671875,0.044161729514598846,1173.2080078125,-0.2588764727115631,1.0063546895980835,1.013676643371582,1.0268876552581787,1.0095934867858887,0.9412447214126587,0.8827807307243347,-0.002003977308049798,-0.005158025771379471,-0.02062734216451645,-0.046468280255794525,-0.0723036602139473,-0.07603022456169128,5.136789321899414,0.8561314940452576,-0.075239397585392,-0.0010962544474750757,-0.16512170433998108,2.9553136825561523,6016634.5
10.199999809265137,46.32143783569336,0.4733509421348572,0.0020546417217701674,879.19140625,0.07165007293224335,1152.24609375,-0.04427064210176468,1074.9149169921875,0.03833138197660446,1173.181640625,-0.26952067017555237,1.006149411201477,1.013149380683899,1.024792194366455,1.004903793334961,0.9340027570724487,0.8751893639564514,-0.0021014083176851273,-0.00538660679012537,-0.02128128707408905,-0.047321949154138565,-0.07253047823905945,-0.07579505443572998,5.091735363006592,0.8486225605010986,-0.07493142783641815,-0.0011342939687892795,-0.17085136473178864,2.955371379852295,6016752.0
10.300000190734863,46.36875915527344,0.47322186827659607,-0.0012907655909657478,879.1984252929688,0.06878824532032013,1152.2413330078125,-0.05208779498934746,1074.91845703125,0.03243826702237129,1173.154052734375,-0.28008660674095154,1.005934476852417,1.0125993490219116,1.0226318836212158,1.000130534172058,0.9267404675483704,0.8676227331161499,-0.0021982600446790457,-0.005613338202238083,-0.021923331543803215,-0.04814009740948677,-0.07271133363246918,-0.07553434371948242,5.046884059906006,0.8411473631858826,-0.07457630336284637,-0.0011722879717126489,-0.17657414078712463,2.9554269313812256,6016865.0
10.399999618530273,46.416015625,0.472568541765213,-0.0065331775695085526,879.2051391601562,0.065865658223629,1152.2357177734375,-0.05993037298321724,1074.9215087890625,0.026485217735171318,1173.1256103515625,-0.2905656099319458,1.0057097673416138,1.0120267868041992,1.020408034324646,0.9952772259712219,0.9194623827934265,0.8600838780403137,-0.002294456120580435,-0.005838038399815559,-0.02255292423069477,-0.048922061920166016,-0.07284528017044067,-0.07524008303880692,5.002269744873047,0.8337116241455078,-0.07415880262851715,-0.0012101929169148207,-0.18228352069854736,2.9554800987243652,6016973.0
10.5,46.46316909790039,0.4715299606323242,-0.01038577500730753,879.2116088867188,0.06288363039493561,1152.229248046875,-0.06779374182224274,1074.923828125,0.02047516219317913,1173.095947265625,-0.3009501099586487,1.005475640296936,1.0114318132400513,1.0181218385696411,0.9903475642204285,0.9121732711791992,0.8525763154029846,-0.0023899292573332787,-0.0060605453327298164,-0.02316960133612156,-0.049667391926050186,-0.07293194532394409,-0.07490786164999008,4.95792293548584,0.826320469379425,-0.0736953467130661,-0.0012479769065976143,-0.1879746913909912,2.955530881881714,6017077.0
10.600000381469727,46.51017379760742,0.4700429439544678,-0.014870326966047287,879.2177124023438,0.05984353646636009,1152.22216796875,-0.07567328959703445,1074.925537109375,0.014411117881536484,1173.0654296875,-0.3112327456474304,1.0052318572998047,1.0108147859573364,1.0157746076583862,0.985345184803009,0.9048779010772705,0.8451039791107178,-0.002484613563865423,-0.006280703470110893,-0.023772913962602615,-0.050375692546367645,-0.07297112792730331,-0.07453471422195435,4.913873672485352,0.8189789652824402,-0.07318046689033508,-0.001285602804273367,-0.1936420351266861,2.9555795192718506,6017175.5
10.699999809265137,46.55695724487305,0.46783381700515747,-0.022091083228588104,879.2235717773438,0.05674675852060318,1152.214111328125,-0.08356349915266037,1074.9266357421875,0.008296208456158638,1173.0338134765625,-0.3214033544063568,1.0049786567687988,1.0101758241653442,1.013367772102356,0.9802739024162292,0.8975810408592224,0.8376713395118713,-0.0025784207973629236,-0.006498300936073065,-0.024362219497561455,-0.051046062260866165,-0.07296121120452881,-0.07411400973796844,4.870162487030029,0.8116937875747681,-0.07259106636047363,-0.001323010423220694,-0.19927650690078735,2.955625534057617,6017269.5
10.800000190734863,46.603424072265625,0.4646803140640259,-0.03153519704937935,879.2290649414062,0.05359474569559097,1152.2054443359375,-0.09145788848400116,1074.92724609375,0.002133734058588743,1173.0010986328125,-0.3314487338066101,1.0047162771224976,1.0095151662826538,1.010902762413025,0.9751375317573547,0.8902877569198608,0.8302835822105408,-0.002671237802132964,-0.006713064853101969,-0.024936653673648834,-0.051677070558071136,-0.07289919257164001,-0.07363621890544891,4.826840877532959,0.8044735193252563,-0.07191100716590881,-0.0013601210666820407,-0.2048662304878235,2.9556691646575928,6017358.0
10.899999618530273,46.64946746826172,0.46043434739112854,-0.04245970770716667,879.2343139648438,0.05038898065686226,1152.1959228515625,-0.09934926778078079,1074.9271240234375,-0.004072777461260557,1172.967529296875,-0.3413539230823517,1.0044444799423218,1.0088332891464233,1.0083811283111572,0.9699401259422302,0.8830034732818604,0.8229469656944275,-0.002762936055660248,-0.006924688350409269,-0.02549523115158081,-0.05226700007915497,-0.07278142124414444,-0.07309135049581528,4.783967018127441,0.7973278760910034,-0.07113109529018402,-0.0013968432322144508,-0.21039745211601257,2.9557101726531982,6017441.5
11.0,46.694942474365234,0.4547516405582428,-0.05682689696550369,879.2391357421875,0.0471310019493103,1152.185546875,-0.10722927004098892,1074.9263916015625,-0.010319527238607407,1172.932861328125,-0.3511003851890564,1.0041636228561401,1.008130431175232,1.005804419517517,0.9646859169006348,0.8757339715957642,0.8156687617301941,-0.0028533595614135265,-0.00713279377669096,-0.026036718860268593,-0.052813541144132614,-0.0726027712225914,-0.07246655225753784,4.741611957550049,0.7902686595916748,-0.07022441923618317,-0.0014330565463751554,-0.2158520370721817,2.9557487964630127,6017520.0
11.100000381469727,46.739688873291016,0.44746091961860657,-0.07290726155042648,879.2437133789062,0.04382242262363434,1152.1744384765625,-0.11508861929178238,1074.925048828125,-0.01660238392651081,1172.897216796875,-0.36066731810569763,1.0038739442825317,1.0074069499969482,1.0031745433807373,0.9593793153762817,0.8684856295585632,0.8084576725959778,-0.0029423325322568417,-0.0073369573801755905,-0.026559721678495407,-0.05331401154398918,-0.07235734909772873,-0.07174854725599289,4.699855327606201,0.7833092212677002,-0.0691819041967392,-0.0014686263166368008,-0.22120967507362366,2.955784559249878,6017593.0
11.199999809265137,46.78354263305664,0.4385165274143219,-0.08944400399923325,879.2479248046875,0.04046490788459778,1152.1624755859375,-0.12291773408651352,1074.923095703125,-0.022916868329048157,1172.8607177734375,-0.3700335919857025,1.003575325012207,1.006663203239441,1.0004932880401611,0.9540250897407532,0.8612654805183411,0.8013235926628113,-0.0030296759214252234,-0.007536749821156263,-0.027062837034463882,-0.05376574769616127,-0.07203956693410873,-0.07092683017253876,4.658778667449951,0.7764631509780884,-0.0680045485496521,-0.0015034134266898036,-0.22644942998886108,2.955817937850952,6017661.0
11.300000190734863,46.82634353637695,0.42800772190093994,-0.10508803278207779,879.2518310546875,0.037060223519802094,1152.1497802734375,-0.13070721924304962,1074.92041015625,-0.029258187860250473,1172.8232421875,-0.37917959690093994,1.0032680034637451,1.0058997869491577,0.9977627992630005,0.9486281871795654,0.8540809154510498,0.7942771315574646,-0.003115222789347172,-0.007731769233942032,-0.02754477970302105,-0.05416641756892204,-0.07164497673511505,-0.06999563425779343,4.618458271026611,0.7697430849075317,-0.06670430302619934,-0.0015372860943898559,-0.23155145347118378,2.955848455429077,6017723.5
11.399999618530273,46.867942810058594,0.4160199761390686,-0.119877390563488,879.2553100585938,0.033610209822654724,1152.1363525390625,-0.13844804465770721,1074.917236328125,-0.035621292889118195,1172.784912109375,-0.38808760046958923,1.0029523372650146,1.0051170587539673,0.9949852228164673,0.9431939125061035,0.8469398021697998,0.787329375743866,-0.0031988208647817373,-0.007921652868390083,-0.02800440602004528,-0.0545140765607357,-0.071170374751091,-0.06895335018634796,4.578963756561279,0.7631606459617615,-0.06529158353805542,-0.001570119522511959,-0.2364969402551651,2.955876588821411,6017780.0
11.5,46.908180236816406,0.4023558497428894,-0.136641263961792,879.258544921875,0.03011680394411087,1152.1221923828125,-0.14613071084022522,1074.913330078125,-0.0420009009540081,1172.74560546875,-0.39673885703086853,1.0026283264160156,1.0043156147003174,0.992162823677063,0.9377276301383972,0.8398503065109253,0.7804915308952332,-0.0032803097274154425,-0.008106016553938389,-0.02844052016735077,-0.0548066645860672,-0.07061232626438141,-0.06779717653989792,4.540368556976318,0.7567280530929565,-0.06375258415937424,-0.0016017721500247717,-0.24126458168029785,2.955901622772217,6017831.5
11.600000381469727,46.94689178466797,0.387109637260437,-0.15246209502220154,879.2613525390625,0.026582036167383194,1152.107177734375,-0.15374581515789032,1074.9088134765625,-0.04839149862527847,1172.70556640625,-0.40511554479599,1.0022963285446167,1.0034960508346558,0.9892981052398682,0.9322348833084106,0.8328208923339844,0.7737751007080078,-0.0033595350105315447,-0.008284495212137699,-0.028851989656686783,-0.05504231154918671,-0.06996803730726242,-0.06652618944644928,4.502742767333984,0.7504571080207825,-0.062100160866975784,-0.0016321102157235146,-0.24583420157432556,2.9559240341186523,6017877.0
11.699999809265137,46.98394775390625,0.37058335542678833,-0.16526296734809875,879.2638549804688,0.023008037358522415,1152.0914306640625,-0.16128487884998322,1074.9036865234375,-0.05478740483522415,1172.6646728515625,-0.4132035970687866,1.001956582069397,1.0026589632034302,0.9863935112953186,0.9267215132713318,0.825860321521759,0.7671913504600525,-0.003436373546719551,-0.008456796407699585,-0.02923796884715557,-0.05521988123655319,-0.06923680007457733,-0.06514540314674377,4.46614408493042,0.7443573474884033,-0.06036160886287689,-0.0016610251041129231,-0.2501894533634186,2.9559435844421387,6017917.0
11.800000190734863,47.0192756652832,0.35326072573661804,-0.17322611808776855,879.2659301757812,0.019397031515836716,1152.074951171875,-0.16874109208583832,1074.8978271484375,-0.06118288263678551,1172.6229248046875,-0.42099496722221375,1.001609206199646,1.0018049478530884,0.9834515452384949,0.9211933016777039,0.8189771175384521,0.7607505321502686,-0.003510749666020274,-0.008622748777270317,-0.0295980554074049,-0.055339355021715164,-0.06842090934515,-0.06366758793592453,4.430607318878174,0.7384345531463623,-0.058577004820108414,-0.0016884488286450505,-0.2543201148509979,2.955960512161255,6017951.0
11.899999618530273,47.05282974243164,0.3355419933795929,-0.1771874874830246,879.2677001953125,0.01575133204460144,1152.0576171875,-0.17610934376716614,1074.8914794921875,-0.06757230311632156,1172.5804443359375,-0.42848721146583557,1.0012544393539429,1.0009347200393677,0.9804749488830566,0.9156559705734253,0.8121795058250427,0.7544615864753723,-0.003582633100450039,-0.008782289922237396,-0.029932264238595963,-0.05540171265602112,-0.0675252377986908,-0.06211075559258461,4.396147727966309,0.7326912879943848,-0.05677730590105057,-0.0017143470467999578,-0.25822100043296814,2.9559743404388428,6017979.5
12.0,47.0845947265625,0.3176485598087311,-0.17893429100513458,879.2691040039062,0.012073330581188202,1152.0396728515625,-0.18338558077812195,1074.8843994140625,-0.07395020872354507,1172.5372314453125,-0.4356812834739685,1.0008927583694458,1.0000487565994263,0.9774661660194397,0.9101152420043945,0.8054751753807068,0.7483314871788025,-0.0036520222201943398,-0.00893542729318142,-0.030240852385759354,-0.0554085411131382,-0.06655595451593399,-0.0604935884475708,4.362767696380615,0.7271279692649841,-0.0549788661301136,-0.00173870415892452,-0.2618897557258606,2.9559853076934814,6018001.5
12.100000381469727,47.11455154418945,0.2995761036872864,-0.18072454631328583,879.2701416015625,0.00836548674851656,1152.02099609375,-0.1905660331249237,1074.8765869140625,-0.08031138777732849,1172.4932861328125,-0.44257891178131104,1.0005241632461548,0.999147891998291,0.9744277596473694,0.9045764803886414,0.7988711595535278,0.7423653602600098,-0.0037189205177128315,-0.009082185104489326,-0.030524134635925293,-0.05536150932312012,-0.06551907956600189,-0.05883120000362396,4.330467224121094,0.7217445373535156,-0.05318061262369156,-0.0017615043325349689,-0.2653239965438843,2.955993413925171,6018018.0
12.199999809265137,47.142677307128906,0.2812563180923462,-0.1831977665424347,879.270751953125,0.004630311857908964,1152.0015869140625,-0.19764690101146698,1074.8682861328125,-0.0866508036851883,1172.44873046875,-0.4491811692714691,1.0001490116119385,0.9982326030731201,0.9713623523712158,0.8990450501441956,0.7923740148544312,0.7365673184394836,-0.003783326828852296,-0.009222571738064289,-0.03078237548470497,-0.05526212602853775,-0.06441985815763474,-0.05713400989770889,4.299248218536377,0.7165413498878479,-0.051377616822719574,-0.00178272626362741,-0.2685205042362213,2.955998420715332,6018028.5
12.300000190734863,47.168975830078125,0.2630029022693634,-0.18253424763679504,879.2710571289062,0.0008703600033186376,1151.9814453125,-0.20462524890899658,1074.8592529296875,-0.09296363592147827,1172.403564453125,-0.4554916024208069,0.9997676014900208,0.9973036050796509,0.96827232837677,0.8935261368751526,0.7859896421432495,0.7309401631355286,-0.0038452616427093744,-0.009356649592518806,-0.031016023829579353,-0.0551123209297657,-0.0632643923163414,-0.055413853377103806,4.269102573394775,0.7115171551704407,-0.04959500581026077,-0.0018023747252300382,-0.2714800238609314,2.956000566482544,6018033.0
12.399999618530273,47.19345474243164,0.24475684762001038,-0.18246056139469147,879.2709350585938,-0.0029117825906723738,1151.960693359375,-0.21149837970733643,1074.8497314453125,-0.09924530237913132,1172.357666015625,-0.46151429414749146,0.9993801116943359,0.9963615536689758,0.9651601314544678,0.8880245685577393,0.7797233462333679,0.7254857420921326,-0.003904748475179076,-0.00948448944836855,-0.03122556395828724,-0.05491406470537186,-0.062058527022600174,-0.053680285811424255,4.2400221824646,0.706670343875885,-0.047825779765844345,-0.0018204499501734972,-0.2742026150226593,2.9559998512268066,6018031.5
12.5,47.21611785888672,0.226654514670372,-0.18102332949638367,879.2704467773438,-0.006713509559631348,1151.939208984375,-0.21826402842998505,1074.8394775390625,-0.10549145936965942,1172.311279296875,-0.4672541320323944,0.9989867806434631,0.995406985282898,0.9620281457901001,0.8825452327728271,0.7735798954963684,0.7202049493789673,-0.003961818292737007,-0.00960618071258068,-0.031411536037921906,-0.05466942489147186,-0.06080806255340576,-0.051941849291324615,4.211993217468262,0.7019988894462585,-0.046080686151981354,-0.001836964045651257,-0.2766900062561035,2.955996036529541,6018023.5
12.600000381469727,47.236976623535156,0.20859785377979279,-0.18056659400463104,879.2695922851562,-0.010532204061746597,1151.9169921875,-0.2249199002981186,1074.82861328125,-0.1116979569196701,1172.2642822265625,-0.47271543741226196,0.9985878467559814,0.9944405555725098,0.958878755569458,0.8770925402641296,0.7675634622573853,0.715097963809967,-0.004016498569399118,-0.009721800684928894,-0.03157443180680275,-0.05438031628727913,-0.05951809138059616,-0.05020419508218765,4.185006141662598,0.697501003742218,-0.04435071721673012,-0.0018519203877076507,-0.2789427936077118,2.955989360809326,6018010.0
12.699999809265137,47.25600814819336,0.1903151422739029,-0.18282711505889893,879.2683715820312,-0.014365246519446373,1151.8941650390625,-0.2314629852771759,1074.817138671875,-0.1178608313202858,1172.2166748046875,-0.4778997600078583,0.99818354845047,0.993462860584259,0.9557141661643982,0.8716709017753601,0.7616779208183289,0.7101647257804871,-0.0040687937289476395,-0.009831374511122704,-0.0317145511507988,-0.05404810234904289,-0.05819191783666611,-0.04846733808517456,4.159059047698975,0.6931765079498291,-0.04261534661054611,-0.001865300117060542,-0.2809580862522125,2.955979347229004,6017990.0
12.800000190734863,47.273170471191406,0.17159420251846313,-0.1872093677520752,879.2667236328125,-0.018210019916296005,1151.8707275390625,-0.23788955807685852,1074.8050537109375,-0.1239762231707573,1172.168701171875,-0.4828058183193207,0.9977741837501526,0.9924744963645935,0.9525367617607117,0.8662846684455872,0.7559266686439514,0.7054052948951721,-0.00411868654191494,-0.009934869594871998,-0.03183197230100632,-0.053673598915338516,-0.05683121830224991,-0.04672716557979584,4.134162425994873,0.6890270709991455,-0.04085954651236534,-0.0018770662136375904,-0.2827303409576416,2.9559664726257324,6017963.5
12.899999618530273,47.28842544555664,0.1525610387325287,-0.19033174216747284,879.2647094726562,-0.022063912823796272,1151.8465576171875,-0.2441960573196411,1074.7923583984375,-0.13004028797149658,1172.1201171875,-0.4874326288700104,0.9973599314689636,0.9914761185646057,0.9493487477302551,0.8609378933906555,0.7503131628036499,0.7008202075958252,-0.0041661616414785385,-0.010032262653112411,-0.03192680701613426,-0.05325766280293465,-0.05543770268559456,-0.044981151819229126,4.110323905944824,0.6850539445877075,-0.03909308463335037,-0.0018871924839913845,-0.28425559401512146,2.9559507369995117,6017931.0
13.0,47.30171585083008,0.1329185962677002,-0.19642439484596252,879.2623291015625,-0.02592432126402855,1151.8218994140625,-0.250378280878067,1074.779052734375,-0.13604925572872162,1172.0711669921875,-0.4917770028114319,0.9969410300254822,0.9904683232307434,0.9461523294448853,0.8556348085403442,0.7448406219482422,0.6964102387428284,-0.004211186897009611,-0.010123483836650848,-0.03199900686740875,-0.052800729870796204,-0.054011836647987366,-0.04322396591305733,4.087559223175049,0.6812598705291748,-0.03729189932346344,-0.0018956279382109642,-0.28552618622779846,2.9559316635131836,6017892.5
13.100000381469727,47.312965393066406,0.11246217787265778,-0.2045641541481018,879.259521484375,-0.029788648709654808,1151.7965087890625,-0.2564312517642975,1074.76513671875,-0.14199930429458618,1172.0218505859375,-0.4958328604698181,0.9965177774429321,0.9894517064094543,0.9429498314857483,0.850379467010498,0.7395123243331909,0.6921769380569458,-0.004253705497831106,-0.01020841021090746,-0.0320483073592186,-0.05230269208550453,-0.05255264416337013,-0.041447319090366364,4.065896034240723,0.6776493191719055,-0.03544164448976517,-0.001902304240502417,-0.2865317761898041,2.9559097290039062,6017848.0
13.199999809265137,47.32208251953125,0.09120173007249832,-0.21260447800159454,879.25634765625,-0.03365429863333702,1151.7706298828125,-0.2623496651649475,1074.7506103515625,-0.14788657426834106,1171.9720458984375,-0.49959346652030945,0.9960904121398926,0.988426923751831,0.9397436380386353,0.8451759815216064,0.7343316674232483,0.688122570514679,-0.004293657373636961,-0.010286903008818626,-0.032074399292469025,-0.05176333710551262,-0.05105888843536377,-0.039643995463848114,4.04536247253418,0.6742270588874817,-0.03354271873831749,-0.001907154219225049,-0.28726229071617126,2.9558846950531006,6017797.0
13.300000190734863,47.329010009765625,0.06927824765443802,-0.21923482418060303,879.2528076171875,-0.03751868009567261,1151.744140625,-0.2681286036968231,1074.735595703125,-0.1537071019411087,1171.921875,-0.5030530691146851,0.9956591725349426,0.9873945713043213,0.9365359544754028,0.8400285243988037,0.729302167892456,0.6842501163482666,-0.004330988507717848,-0.010358843952417374,-0.03207705542445183,-0.05118262767791748,-0.04952992871403694,-0.037810079753398895,4.025984287261963,0.6709973812103271,-0.0316036157310009,-0.0019101225771009922,-0.28770941495895386,2.9558565616607666,6017739.5
13.399999618530273,47.33370590209961,0.04695636406540871,-0.22321881353855133,879.2488403320312,-0.04137920215725899,1151.717041015625,-0.2737637758255005,1074.7198486328125,-0.15945692360401154,1171.8714599609375,-0.5062083005905151,0.9952243566513062,0.9863554239273071,0.933329164981842,0.8349411487579346,0.7244272828102112,0.6805625557899475,-0.004365664441138506,-0.010424163192510605,-0.03205621615052223,-0.050560951232910156,-0.04796632006764412,-0.035946160554885864,4.007778644561768,0.6679631471633911,-0.02964099496603012,-0.001911176717840135,-0.2878681719303131,2.9558253288269043,6017676.0
13.5,47.336185455322266,0.02477162517607212,-0.22184738516807556,879.2445068359375,-0.04523326829075813,1151.6893310546875,-0.27925238013267517,1074.70361328125,-0.16513219475746155,1171.8206787109375,-0.5090605020523071,0.9947861433029175,0.9853100180625916,0.9301256537437439,0.8299179673194885,0.7197104096412659,0.6770625114440918,-0.004397690761834383,-0.010482884012162685,-0.032012175768613815,-0.04989956319332123,-0.046370990574359894,-0.034060101956129074,3.9907450675964355,0.6651241779327393,-0.027690427377820015,-0.0019103296799585223,-0.2877405881881714,2.9557909965515137,6017606.5
13.600000381469727,47.33647537231445,0.0028964586090296507,-0.2187516689300537,879.2398071289062,-0.04907830059528351,1151.6611328125,-0.2845924496650696,1074.6868896484375,-0.17072917520999908,1171.7696533203125,-0.5116139054298401,0.9943448901176453,0.9842590689659119,0.9269276857376099,0.824962854385376,0.7151544094085693,0.6737517714500427,-0.004427094012498856,-0.010535087436437607,-0.031945422291755676,-0.04920016974210739,-0.044747959822416306,-0.032161809504032135,3.9748728275299072,0.6624788045883179,-0.02575976960361004,-0.001907608937472105,-0.2873308062553406,2.955753803253174,6017530.5
13.699999809265137,47.33465576171875,-0.018164068460464478,-0.21060526371002197,879.2347412109375,-0.05291172116994858,1151.6324462890625,-0.2897835075855255,1074.6695556640625,-0.17624439299106598,1171.7183837890625,-0.5138769149780273,0.9939008355140686,0.9832032322883606,0.9237374663352966,0.8200794458389282,0.7107619047164917,0.6706308126449585,-0.004453936126083136,-0.010580935515463352,-0.031856756657361984,-0.04846521466970444,-0.04310304671525955,-0.03026527538895607,3.9601354598999023,0.6600225567817688,-0.023883404210209846,-0.0019030851544812322,-0.2866494059562683,2.9557135105133057,6017448.5
13.800000190734863,47.33086013793945,-0.03797668218612671,-0.19812613725662231,879.229248046875,-0.056730981916189194,1151.6031494140625,-0.2948266565799713,1074.651611328125,-0.18167468905448914,1171.6668701171875,-0.5158626437187195,0.9934542179107666,0.9821431636810303,0.9205571413040161,0.8152711391448975,0.7065345644950867,0.6676985621452332,-0.0044783176854252815,-0.010620689019560814,-0.03174731507897377,-0.04769793525338173,-0.04144398495554924,-0.028388308361172676,3.9464895725250244,0.6577482223510742,-0.02208867482841015,-0.0018968655494973063,-0.2857125699520111,2.955670118331909,6017360.5
13.899999618530273,47.32520294189453,-0.05655856430530548,-0.1858188360929489,879.223388671875,-0.06053357198834419,1151.573486328125,-0.29972341656684875,1074.6331787109375,-0.1870172917842865,1171.615234375,-0.5175851583480835,0.9930052757263184,0.9810793399810791,0.9173887968063354,0.810541033744812,0.702473521232605,0.6649523973464966,-0.004500347189605236,-0.010654625482857227,-0.03161829710006714,-0.0469016432762146,-0.03977835923433304,-0.02654564566910267,3.933887481689453,0.6556479334831238,-0.02037176862359047,-0.0018890559440478683,-0.2845362722873688,2.9556238651275635,6017266.0
14.0,47.317813873291016,-0.07390190660953522,-0.17343339323997498,879.2171020507812,-0.0643170177936554,1151.543212890625,-0.30447566509246826,1074.6142578125,-0.19226978719234467,1171.5633544921875,-0.5190582871437073,0.992554247379303,0.9800124764442444,0.9142342209815979,0.8058918714523315,0.6985790729522705,0.6623882055282593,-0.00452013174071908,-0.01068301871418953,-0.03147087246179581,-0.04607953876256943,-0.0381130650639534,-0.024748221039772034,3.9222826957702637,0.6537137627601624,-0.01873348280787468,-0.0018797630909830332,-0.2831365466117859,2.9555745124816895,6017165.5
14.100000381469727,47.3088264465332,-0.0898614451289177,-0.15959544479846954,879.2105102539062,-0.0680789202451706,1151.5125732421875,-0.30908575654029846,1074.5947265625,-0.19743014872074127,1171.5113525390625,-0.5202970504760742,0.9921013116836548,0.9789429903030396,0.9110953211784363,0.8013260960578918,0.6948508024215698,0.6600010395050049,-0.004537789151072502,-0.010706167668104172,-0.031306296586990356,-0.04523494467139244,-0.03645505756139755,-0.02300609089434147,3.911623477935791,0.6519372463226318,-0.01718413084745407,-0.0018691057339310646,-0.28153130412101746,2.955522298812866,6017059.0
14.199999809265137,47.29838943481445,-0.10436584800481796,-0.14504404366016388,879.2034912109375,-0.07181693613529205,1151.4814453125,-0.31355658173561096,1074.57470703125,-0.20249666273593903,1171.4593505859375,-0.5213172435760498,0.9916467666625977,0.9778714179992676,0.9079736471176147,0.7968457341194153,0.691287636756897,0.6577848792076111,-0.004553443752229214,-0.010724388994276524,-0.03112586960196495,-0.04437127336859703,-0.034811221063137054,-0.021328357979655266,3.9018547534942627,0.650309145450592,-0.015728259459137917,-0.0018572087865322828,-0.2797393500804901,2.9554669857025146,6016946.5
14.300000190734863,47.28662872314453,-0.11762554943561554,-0.13259699940681458,879.1961669921875,-0.0755288153886795,1151.4498291015625,-0.3178909420967102,1074.55419921875,-0.20746801793575287,1171.4071044921875,-0.5221332907676697,0.9911907315254211,0.9767982959747314,0.9048707485198975,0.7924525141716003,0.6878879070281982,0.655733048915863,-0.004567209631204605,-0.010737970471382141,-0.030930787324905396,-0.04349156841635704,-0.03318716585636139,-0.019719641655683517,3.8929271697998047,0.6488211750984192,-0.01435109693557024,-0.0018441793508827686,-0.2777768075466156,2.955408811569214,6016828.0
14.399999618530273,47.273651123046875,-0.12976843118667603,-0.12142886221408844,879.1884155273438,-0.07921238988637924,1151.4178466796875,-0.3220912516117096,1074.533203125,-0.21234314143657684,1171.3548583984375,-0.5227578282356262,0.9907333850860596,0.9757239818572998,0.901788055896759,0.7881479859352112,0.6846493482589722,0.653838574886322,-0.0045791869051754475,-0.010747167281806469,-0.030722102150321007,-0.042598504573106766,-0.03158726915717125,-0.018181027844548225,3.884795904159546,0.6474660038948059,-0.013045229949057102,-0.001830113586038351,-0.27565816044807434,2.9553475379943848,6016703.5
14.5,47.259586334228516,-0.140639990568161,-0.1087154895067215,879.1802978515625,-0.08286557346582413,1151.385498046875,-0.3261604905128479,1074.51171875,-0.21712124347686768,1171.3026123046875,-0.5232044458389282,0.990274965763092,0.9746490120887756,0.8987268209457397,0.7839332818984985,0.6815693974494934,0.6520943641662598,-0.0045894840732216835,-0.010752253234386444,-0.03050093539059162,-0.04169484227895737,-0.03001602366566658,-0.016714852303266525,3.877413749694824,0.6462356448173523,-0.011822634376585484,-0.001815120573155582,-0.27339985966682434,2.9552836418151855,6016573.5
14.600000381469727,47.244537353515625,-0.15048573911190033,-0.09845759719610214,879.1718139648438,-0.08648638427257538,1151.3526611328125,-0.3301014006137848,1074.4898681640625,-0.2218017727136612,1171.250244140625,-0.5234851241111755,0.9898155331611633,0.9735736846923828,0.8956882953643799,0.7798093557357788,0.6786449551582336,0.6504930853843689,-0.004598197992891073,-0.010753474198281765,-0.030268283560872078,-0.04078301414847374,-0.02847687341272831,-0.015320680104196072,3.8707382678985596,0.6451230645179749,-0.010665535926818848,-0.0017992885550484061,-0.2710151970386505,2.955216646194458,6016437.0
14.699999809265137,47.22856521606445,-0.15972627699375153,-0.09240525960922241,879.1630249023438,-0.09007295221090317,1151.3194580078125,-0.333915650844574,1074.4674072265625,-0.22638440132141113,1171.1978759765625,-0.5236079692840576,0.9893553853034973,0.9724984765052795,0.8926736116409302,0.7757769823074341,0.675872802734375,0.6490278840065002,-0.0046053919941186905,-0.010750994086265564,-0.03002484329044819,-0.039864640682935715,-0.026970958337187767,-0.013992021791636944,3.864741563796997,0.6441235542297363,-0.009545941837131977,-0.0017826702678576112,-0.268512099981308,2.9551470279693604,6016295.0
14.800000190734863,47.211734771728516,-0.16833579540252686,-0.08609528839588165,879.15380859375,-0.09362348914146423,1151.285888671875,-0.3376047909259796,1074.444580078125,-0.230868861079216,1171.1455078125,-0.5235797166824341,0.988894522190094,0.9714236259460449,0.8896837830543518,0.7718366384506226,0.6732495427131653,0.6476926207542419,-0.004611121956259012,-0.010744954459369183,-0.029771223664283752,-0.038941122591495514,-0.025498848408460617,-0.012722596526145935,3.8593993186950684,0.6432332396507263,-0.008467772044241428,-0.0017653206596150994,-0.26589882373809814,2.9550743103027344,6016147.5
14.899999618530273,47.19411087036133,-0.1762167513370514,-0.07880950719118118,879.144287109375,-0.09713631123304367,1151.251953125,-0.34117063879966736,1074.4212646484375,-0.23525500297546387,1171.0931396484375,-0.5234082341194153,0.9884331822395325,0.9703496098518372,0.8867197632789612,0.767988920211792,0.6707717180252075,0.6464813947677612,-0.004615450743585825,-0.010735518299043179,-0.02950810082256794,-0.03801397234201431,-0.024061525240540504,-0.011509080417454243,3.854684352874756,0.6424474120140076,-0.007437470369040966,-0.0017473025945946574,-0.26318487524986267,2.9549989700317383,6015994.0
15.0,47.175804138183594,-0.18305659294128418,-0.06839843839406967,879.1343994140625,-0.10060983896255493,1151.2176513671875,-0.3446160852909088,1074.3974609375,-0.23954282701015472,1171.0408935546875,-0.5231039524078369,0.9879714846611023,0.9692766666412354,0.8837825059890747,0.7642339468002319,0.66843581199646,0.6453887224197388,-0.004618464037775993,-0.010722902603447437,-0.029236339032649994,-0.03708517178893089,-0.022661272436380386,-0.01035324577242136,3.8505587577819824,0.6417598128318787,-0.00647700997069478,-0.0017287053633481264,-0.2603836953639984,2.954921007156372,6015835.0
15.100000381469727,47.15690994262695,-0.18894030153751373,-0.05883706733584404,879.1241455078125,-0.10404257476329803,1151.1829833984375,-0.3479442000389099,1074.373291015625,-0.2437325417995453,1170.988525390625,-0.5226777791976929,0.987509548664093,0.9682051539421082,0.8808727860450745,0.7605718970298767,0.6662379503250122,0.6444085836410522,-0.0046202498488128185,-0.010707328096032143,-0.02895682491362095,-0.03615671396255493,-0.021300358697772026,-0.009256874211132526,3.8469839096069336,0.6411640048027039,-0.005579529330134392,-0.0017096109222620726,-0.2575076222419739,2.9548399448394775,6015670.0
15.199999809265137,47.13753128051758,-0.1938108652830124,-0.04870565980672836,879.1135864257812,-0.10743312537670135,1151.1480712890625,-0.3511582612991333,1074.3487548828125,-0.2478245049715042,1170.936279296875,-0.5221406817436218,0.9870474934577942,0.9671353101730347,0.8779913783073425,0.7570025324821472,0.6641741394996643,0.6435350179672241,-0.004620899446308613,-0.010689022950828075,-0.028670448809862137,-0.03523056581616402,-0.019981009885668755,-0.008221779018640518,3.843919515609741,0.6406532526016235,-0.004750760272145271,-0.001690106000751257,-0.2545697093009949,2.954756498336792,6015500.0
15.300000190734863,47.11779022216797,-0.1974211186170578,-0.03610246255993843,879.1026611328125,-0.11078020930290222,1151.11279296875,-0.35426244139671326,1074.32373046875,-0.25181934237480164,1170.8841552734375,-0.5215060710906982,0.9865854382514954,0.9660674333572388,0.8751389384269714,0.7535256147384644,0.6622400283813477,0.6427617073059082,-0.004620521329343319,-0.010668261907994747,-0.02837827056646347,-0.03430908918380737,-0.01870645023882389,-0.007252939511090517,3.8413169384002686,0.640219509601593,-0.004009224008768797,-0.0016702977009117603,-0.2515861392021179,2.9546701908111572,6015324.5
15.399999618530273,47.09782409667969,-0.1996477246284485,-0.022266095504164696,879.0914306640625,-0.11408264189958572,1151.0771484375,-0.35726162791252136,1074.2984619140625,-0.2557178735733032,1170.83203125,-0.5207892656326294,0.9861234426498413,0.9650017619132996,0.8723159432411194,0.7501404285430908,0.6604309678077698,0.642081618309021,-0.004619242157787085,-0.010645356960594654,-0.02808147482573986,-0.03339491784572601,-0.017480626702308655,-0.006357084959745407,3.839120388031006,0.6398534178733826,-0.00336423609405756,-0.001650303485803306,-0.24857454001903534,2.9545814990997314,6015144.0
15.5,47.0777587890625,-0.2006436288356781,-0.009958986192941666,879.0798950195312,-0.11733934283256531,1151.0413818359375,-0.36016079783439636,1074.2725830078125,-0.2595212459564209,1170.780029296875,-0.5200048685073853,0.9856616258621216,0.9639384150505066,0.869522750377655,0.7468461990356445,0.65874183177948,0.6414872407913208,-0.004617182072252035,-0.010620608925819397,-0.02778119593858719,-0.03249051049351692,-0.016306878998875618,-0.005538370460271835,3.837275981903076,0.6395459771156311,-0.0028065042570233345,-0.0016302278963848948,-0.24555067718029022,2.9544899463653564,6014957.5
15.600000381469727,47.05770492553711,-0.20055681467056274,0.0008680252940393984,879.0679931640625,-0.12054934352636337,1151.005126953125,-0.3629646599292755,1074.2464599609375,-0.2632307708263397,1170.72802734375,-0.5191660523414612,0.9851999878883362,0.9628776907920837,0.8667597770690918,0.7436418533325195,0.6571674346923828,0.6409708261489868,-0.0046144514344632626,-0.010594290681183338,-0.027478458359837532,-0.03159801661968231,-0.015187617391347885,-0.004797901026904583,3.8357346057891846,0.6392890810966492,-0.0023283350747078657,-0.0016101625515148044,-0.24252836406230927,2.9543960094451904,6014766.5
15.699999809265137,47.03776931762695,-0.19934573769569397,0.012110838666558266,879.0557861328125,-0.12371179461479187,1150.96875,-0.36567816138267517,1074.219970703125,-0.26684799790382385,1170.6761474609375,-0.5182863473892212,0.9847387075424194,0.9618196487426758,0.8640271425247192,0.7405260801315308,0.6557020545005798,0.6405244469642639,-0.004611161537468433,-0.010566677898168564,-0.027174286544322968,-0.03071955032646656,-0.014125163666903973,-0.00413687014952302,3.834446668624878,0.639074444770813,-0.0019351952942088246,-0.0015902024460956454,-0.23952190577983856,2.9542994499206543,6014570.0
15.800000190734863,47.0180778503418,-0.1969194859266281,0.02426256239414215,879.043212890625,-0.1268259584903717,1150.9320068359375,-0.3683067262172699,1074.193115234375,-0.27037471532821655,1170.6243896484375,-0.5173801779747009,0.9842777848243713,0.9607644081115723,0.8613249659538269,0.7374972701072693,0.6543399691581726,0.6401400566101074,-0.004607433453202248,-0.0105380704626441,-0.02686978131532669,-0.029857389628887177,-0.013122237287461758,-0.003557974938303232,3.833357810974121,0.6388929486274719,-0.0016351649537682533,-0.0015704500256106257,-0.23654672503471375,2.954200506210327,6014368.5
15.899999618530273,46.998722076416016,-0.19355371594429016,0.033657703548669815,879.0303955078125,-0.12989121675491333,1150.8951416015625,-0.3708554804325104,1074.1658935546875,-0.2738128900527954,1170.5726318359375,-0.5164602994918823,0.9838172793388367,0.959712028503418,0.8586531281471252,0.734553873538971,0.6530751585960388,0.6398094892501831,-0.004603374749422073,-0.010508733801543713,-0.026565909385681152,-0.029013436287641525,-0.012180526740849018,-0.003060702932998538,3.8324201107025146,0.6387366652488708,-0.0014099155087023973,-0.0015509843360632658,-0.2336147427558899,2.954099178314209,6014162.0
16.0,46.97981262207031,-0.1890953779220581,0.04458335414528847,879.0172729492188,-0.13290707767009735,1150.85791015625,-0.37332987785339355,1074.138427734375,-0.27716466784477234,1170.5211181640625,-0.5155401229858398,0.9833571314811707,0.9586626887321472,0.856011688709259,0.7316938042640686,0.651901364326477,0.639524519443512,-0.004599098116159439,-0.010478944517672062,-0.026263674721121788,-0.028189662843942642,-0.011301903985440731,-0.002645730273798108,3.831583023071289,0.6385971307754517,-0.0012736463686451316,-0.001531897229142487,-0.2307397723197937,2.9539952278137207,6013950.5
16.100000381469727,46.96151351928711,-0.18297889828681946,0.061164818704128265,879.0038452148438,-0.13587312400341034,1150.8204345703125,-0.37573716044425964,1074.1104736328125,-0.28043246269226074,1170.4696044921875,-0.514638364315033,0.9828974604606628,0.9576162695884705,0.8534002900123596,0.7289149761199951,0.650812029838562,0.6392765045166016,-0.004594759549945593,-0.010449088178575039,-0.025964463129639626,-0.027388954535126686,-0.010490772314369678,-0.002321810694411397,3.8307762145996094,0.6384626626968384,-0.0012681757798418403,-0.0015133277047425508,-0.22794276475906372,2.9538891315460205,6013734.5
16.200000762939453,46.94400405883789,-0.17508944869041443,0.0788944736123085,878.9900512695312,-0.138789102435112,1150.78271484375,-0.3780856132507324,1074.082275390625,-0.2836189866065979,1170.418212890625,-0.5137768387794495,0.9824381470680237,0.9565728306770325,0.8508185744285583,0.7262149453163147,0.649800181388855,0.6390557885169983,-0.004590540658682585,-0.01041960809379816,-0.025669867172837257,-0.026614679023623466,-0.009752701967954636,-0.002100117737427354,3.829918146133423,0.6383196711540222,-0.0014018701622262597,-0.0014954243088141084,-0.2252461016178131,2.9537806510925293,6013513.5
16.299999237060547,46.92743682861328,-0.16566596925258636,0.09423478692770004,878.97607421875,-0.14165489375591278,1150.7447509765625,-0.38038352131843567,1074.0538330078125,-0.2867273688316345,1170.3668212890625,-0.5129759907722473,0.9819793105125427,0.9555323123931885,0.848266065120697,0.7235908508300781,0.6488583087921143,0.6388518214225769,-0.004586612805724144,-0.010390923358500004,-0.025381382554769516,-0.025869889184832573,-0.009092234075069427,-0.0019872344564646482,3.8289318084716797,0.6381552815437317,-0.0016604032134637237,-0.001478315214626491,-0.2226690649986267,2.953669786453247,6013288.0
16.399999618530273,46.91193389892578,-0.15504059195518494,0.10625379532575607,878.9617309570312,-0.1444704830646515,1150.7066650390625,-0.38263842463493347,1074.02490234375,-0.2897610068321228,1170.3155517578125,-0.5122532844543457,0.9815208315849304,0.9544945955276489,0.8457419872283936,0.7210396528244019,0.6479784846305847,0.6386536359786987,-0.00458312314003706,-0.01036339532583952,-0.025100262835621834,-0.025157008320093155,-0.008512066677212715,-0.0019835932180285454,3.8277502059936523,0.6379584074020386,-0.0020236794371157885,-0.0014621004229411483,-0.2202267348766327,2.953556776046753,6013057.5
16.5,46.89756774902344,-0.1436806172132492,0.11359966546297073,878.9471435546875,-0.14723601937294006,1150.6683349609375,-0.38485682010650635,1073.995849609375,-0.2927234470844269,1170.264404296875,-0.5116215348243713,0.981062650680542,0.9534595608711243,0.8432456851005554,0.7185580730438232,0.6471526026725769,0.6384506225585938,-0.004580182954668999,-0.010337293148040771,-0.024827424436807632,-0.024477582424879074,-0.008012473583221436,-0.002082763472571969,3.8263237476348877,0.6377206444740295,-0.002461095806211233,-0.0014468407025560737,-0.21792824566364288,2.953441619873047,6012823.0
16.600000381469727,46.88438415527344,-0.13181082904338837,0.11869791895151138,878.9323120117188,-0.1499517560005188,1150.629638671875,-0.3870442509651184,1073.9664306640625,-0.29561832547187805,1170.2132568359375,-0.5110905170440674,0.9806047677993774,0.952427089214325,0.8407761454582214,0.7161427140235901,0.6463727355003357,0.6382330060005188,-0.004577877931296825,-0.010312823578715324,-0.02456355281174183,-0.023832552134990692,-0.007592180743813515,-0.0022752967197448015,3.824612855911255,0.6374354958534241,-0.002959208097308874,-0.0014325777301564813,-0.21577990055084229,2.95332407951355,6012584.0
16.700000762939453,46.872432708740234,-0.11953632533550262,0.12274499982595444,878.9171752929688,-0.15261808037757874,1150.5908203125,-0.38920605182647705,1073.9366455078125,-0.29844939708709717,1170.162109375,-0.5106684565544128,0.9801470637321472,0.9513969421386719,0.8383325338363647,0.7137901186943054,0.6456310153007507,0.6379918456077576,-0.004576282575726509,-0.010290167294442654,-0.024309208616614342,-0.02322256751358509,-0.0072492994368076324,-0.002551910700276494,3.822584390640259,0.6370973587036133,-0.0035112188197672367,-0.0014193443348631263,-0.21378664672374725,2.95320463180542,6012340.5
16.799999237060547,46.86175537109375,-0.10678202658891678,0.12754303216934204,878.9017944335938,-0.15523552894592285,1150.5518798828125,-0.3913475275039673,1073.90673828125,-0.3012203276157379,1170.111083984375,-0.5103638172149658,0.9796894788742065,0.9503689408302307,0.835913896560669,0.7114967703819275,0.644919753074646,0.6377191543579102,-0.004575472790747881,-0.01026950404047966,-0.02406497485935688,-0.022648300975561142,-0.006982225924730301,-0.002906061941757798,3.8202030658721924,0.6367005109786987,-0.004122669342905283,-0.0014071797486394644,-0.21195438504219055,2.953083038330078,6012093.0
16.899999618530273,46.85240173339844,-0.09353190660476685,0.13250121474266052,878.8861083984375,-0.1578047126531601,1150.5125732421875,-0.3934742510318756,1073.87646484375,-0.3039349317550659,1170.06005859375,-0.5101853013038635,0.9792319536209106,0.9493429064750671,0.8335191011428833,0.7092589735984802,0.6442314982414246,0.6374073028564453,-0.004575526341795921,-0.01025102473795414,-0.02383144572377205,-0.02211047150194645,-0.006789651233702898,-0.0033333217725157738,3.8174335956573486,0.6362389326095581,-0.004793949890881777,-0.0013961246004328132,-0.21028921008110046,2.9529592990875244,6011841.5
17.0,46.84440994262695,-0.07990013808012009,0.13631762564182281,878.8702392578125,-0.16032637655735016,1150.47314453125,-0.39559149742126465,1073.845947265625,-0.30659693479537964,1170.009033203125,-0.5101408362388611,0.9787743091583252,0.9483186602592468,0.8311471343040466,0.7070731520652771,0.6435588002204895,0.6370493173599243,-0.004576514940708876,-0.010234897024929523,-0.023609140887856483,-0.021609602496027946,-0.0066699013113975525,-0.0038289062213152647,3.8142435550689697,0.6357072591781616,-0.005516364239156246,-0.001386209623888135,-0.20879578590393066,2.952833652496338,6011585.5
17.100000381469727,46.83781433105469,-0.06596193462610245,0.13938206434249878,878.8540649414062,-0.1628013700246811,1150.4334716796875,-0.3977043628692627,1073.815185546875,-0.3092101812362671,1169.9580078125,-0.5102370381355286,0.978316605091095,0.9472958445549011,0.8287968039512634,0.7049355506896973,0.6428945660591125,0.6366385817527771,-0.004578500520437956,-0.010221270844340324,-0.023398496210575104,-0.021146006882190704,-0.0066209156066179276,-0.004387630615383387,3.8106038570404053,0.6351006627082825,-0.006284477189183235,-0.0013774596154689789,-0.20747782289981842,2.9527060985565186,6011325.5
17.200000762939453,46.8326416015625,-0.0517384298145771,0.14223504066467285,878.837646484375,-0.1652306169271469,1150.3935546875,-0.39981773495674133,1073.7840576171875,-0.3117784857749939,1169.906982421875,-0.5104801654815674,0.9778586030006409,0.9462742805480957,0.826466977596283,0.7028424143791199,0.6422317624092102,0.6361690163612366,-0.004581540822982788,-0.010210281237959862,-0.023199906572699547,-0.020719900727272034,-0.006640552543103695,-0.005004846025258303,3.806488513946533,0.6344147324562073,-0.007096301298588514,-0.0013698972761631012,-0.2063387632369995,2.9525763988494873,6011061.5
17.299999237060547,46.82893753051758,-0.03701796010136604,0.1472047120332718,878.821044921875,-0.16761517524719238,1150.353515625,-0.40193694829940796,1073.7528076171875,-0.31430569291114807,1169.85595703125,-0.5108779668807983,0.9774002432823181,0.9452536702156067,0.8241563439369202,0.7007900476455688,0.6415636539459229,0.6356348395347595,-0.004585706163197756,-0.010202095843851566,-0.023013871163129807,-0.020331770181655884,-0.006727602798491716,-0.005679410882294178,3.8018648624420166,0.633644163608551,-0.007966467179358006,-0.0013635634677484632,-0.2053847461938858,2.9524447917938232,6010794.0
17.399999618530273,46.82678985595703,-0.021484598517417908,0.15533360838890076,878.8041381835938,-0.16995614767074585,1150.313232421875,-0.4040684103965759,1073.72119140625,-0.3167956471443176,1169.8048095703125,-0.511441171169281,0.9769414067268372,0.9442337155342102,0.8218636512756348,0.6987744569778442,0.6408833861351013,0.6350301504135132,-0.004591092001646757,-0.010196943767368793,-0.022841112688183784,-0.019982652738690376,-0.0068825059570372105,-0.006415218580514193,3.796689510345459,0.6327815651893616,-0.008916216902434826,-0.001358525361865759,-0.20462587475776672,2.9523115158081055,6010522.5
17.5,46.82627868652344,-0.005127293057739735,0.16357305645942688,878.7870483398438,-0.172254741191864,1150.272705078125,-0.40621885657310486,1073.689453125,-0.3192524313926697,1169.753662109375,-0.5121816992759705,0.9764819741249084,0.9432141780853271,0.8195875287055969,0.6967918276786804,0.640184223651886,0.6343486309051514,-0.004597801715135574,-0.010195072740316391,-0.022682419046759605,-0.019673733040690422,-0.007106157951056957,-0.00721664447337389,3.79091477394104,0.6318191289901733,-0.009944507852196693,-0.0013548509450629354,-0.20407241582870483,2.952176332473755,6010247.0
17.600000381469727,46.82744598388672,0.011688482016324997,0.16815775632858276,878.7697143554688,-0.17451226711273193,1150.23193359375,-0.4083941876888275,1073.6573486328125,-0.3216801881790161,1169.702392578125,-0.5131081938743591,0.9760217666625977,0.9421945810317993,0.817326545715332,0.6948380470275879,0.6394593119621277,0.6335837244987488,-0.00460591446608305,-0.010196669027209282,-0.02253834716975689,-0.01940561830997467,-0.0073978714644908905,-0.008082312531769276,3.7845048904418945,0.630750834941864,-0.01102447509765625,-0.0013525777030736208,-0.2037300318479538,2.9520392417907715,6009968.5
17.700000762939453,46.830299377441406,0.02851494401693344,0.16826461255550385,878.7521362304688,-0.17673009634017944,1150.1910400390625,-0.41059890389442444,1073.6251220703125,-0.32408297061920166,1169.6510009765625,-0.5142244696617126,0.97556072473526,0.9411746859550476,0.8150792717933655,0.6929090619087219,0.6387019753456116,0.6327294111251831,-0.00461546890437603,-0.010201821103692055,-0.022409088909626007,-0.01917799562215805,-0.00775457639247179,-0.00900372862815857,3.7774412631988525,0.6295735239982605,-0.012124468572437763,-0.0013517058687284589,-0.20359870791435242,2.9519004821777344,6009686.0
17.799999237060547,46.83481216430664,0.04515073448419571,0.16635790467262268,878.734375,-0.17890968918800354,1150.14990234375,-0.4128365218639374,1073.592529296875,-0.3264648914337158,1169.5994873046875,-0.5155310034751892,0.9750986099243164,0.9401540756225586,0.8128440976142883,0.6910008192062378,0.6379058361053467,0.6317806839942932,-0.004626477137207985,-0.010210552252829075,-0.02229459024965763,-0.01898997835814953,-0.008171848952770233,-0.009969647973775864,3.7697174549102783,0.6282862424850464,-0.01323020365089178,-0.0013522186782211065,-0.20367595553398132,2.9517600536346436,6009400.0
17.899999618530273,46.840946197509766,0.06132261082530022,0.16171874105930328,878.7163696289062,-0.1810525804758072,1150.1083984375,-0.4151095449924469,1073.559814453125,-0.3288297653198242,1169.5478515625,-0.5170251727104187,0.9746353626251221,0.9391323924064636,0.8106197118759155,0.6891095042228699,0.6370652318000793,0.6307337284088135,-0.00463892612606287,-0.010222824290394783,-0.022194581106305122,-0.018840139731764793,-0.008644082583487034,-0.01096690259873867,3.761338472366333,0.6268897652626038,-0.01432050671428442,-0.0013540765503421426,-0.2039557844400406,2.951617956161499,6009110.5
18.0,46.848636627197266,0.07690772414207458,0.15585118532180786,878.6981201171875,-0.18316033482551575,1150.0667724609375,-0.4174197316169739,1073.52685546875,-0.33118125796318054,1169.49609375,-0.5187022686004639,0.9741708040237427,0.9381093382835388,0.8084046244621277,0.6872313022613525,0.6361749768257141,0.6295861005783081,-0.004652786068618298,-0.010238555260002613,-0.022108621895313263,-0.018726693466305733,-0.009165026247501373,-0.011982256546616554,3.752317428588867,0.6253862380981445,-0.015385369770228863,-0.0013572296593338251,-0.2044307142496109,2.9514739513397217,6008817.5
18.100000381469727,46.857810974121094,0.09175780415534973,0.14850077033042908,878.6797485351562,-0.18523457646369934,1150.0250244140625,-0.4197681248188019,1073.4935302734375,-0.3335227966308594,1169.444091796875,-0.5205555558204651,0.9737047553062439,0.9370845556259155,0.806197464466095,0.6853627562522888,0.6352304220199585,0.6283366084098816,-0.004668009001761675,-0.01025762315839529,-0.022036144509911537,-0.018647553399205208,-0.009727975353598595,-0.013002818450331688,3.7426741123199463,0.6237790584564209,-0.01641211099922657,-0.0013616160722449422,-0.2050914168357849,2.9513285160064697,6008521.0
18.200000762939453,46.86840057373047,0.10590027272701263,0.14142471551895142,878.6610717773438,-0.18727697432041168,1149.98291015625,-0.4221554100513458,1073.4600830078125,-0.3358575403690338,1169.3919677734375,-0.5225777626037598,0.9732370972633362,0.9360576868057251,0.8039968609809875,0.6835005283355713,0.6342278122901917,0.6269853115081787,-0.004684543702751398,-0.010279894806444645,-0.0219765342772007,-0.018600575625896454,-0.010326451621949673,-0.01401796005666256,3.732431411743164,0.6220719218254089,-0.017400961369276047,-0.0013671759516000748,-0.20592886209487915,2.951181173324585,6008221.5
18.299999237060547,46.88034439086914,0.1194198951125145,0.13519616425037384,878.6422729492188,-0.18928919732570648,1149.9405517578125,-0.42458227276802063,1073.4263916015625,-0.33818838000297546,1169.339599609375,-0.5247620344161987,0.9727677702903748,0.9350284337997437,0.8018016219139099,0.6816413998603821,0.6331638693809509,0.6255331039428711,-0.0047023422084748745,-0.010305244475603104,-0.021929217502474785,-0.01858375407755375,-0.010954705066978931,-0.015020315535366535,3.7216103076934814,0.6202684044837952,-0.018355507403612137,-0.0013738570269197226,-0.20693518221378326,2.9510324001312256,6007918.5
18.399999618530273,46.8935661315918,0.13222351670265198,0.1280362457036972,878.6232299804688,-0.19127291440963745,1149.89794921875,-0.42704904079437256,1073.3924560546875,-0.34051796793937683,1169.2869873046875,-0.5271008610725403,0.9722965955734253,0.9339965581893921,0.7996105551719666,0.6797825694084167,0.6320358514785767,0.6239816546440125,-0.004721348639577627,-0.010333532467484474,-0.021893564611673355,-0.018594997003674507,-0.01160704530775547,-0.01600307784974575,3.7102346420288086,0.6183724403381348,-0.019266773015260696,-0.0013815987622365355,-0.208101287484169,2.9508821964263916,6007612.5
18.5,46.90797424316406,0.14409324526786804,0.11869722604751587,878.60400390625,-0.19322983920574188,1149.8551025390625,-0.42955511808395386,1073.3582763671875,-0.3428487777709961,1169.234130859375,-0.5295842885971069,0.9718234539031982,0.932961642742157,0.797422468662262,0.6779213547706604,0.6308416128158569,0.622333288192749,-0.004741488955914974,-0.010364571586251259,-0.021868783980607986,-0.018631847575306892,-0.012277091853320599,-0.016957582905888557,3.6983370780944824,0.6163895130157471,-0.020118117332458496,-0.001390322926454246,-0.20941534638404846,2.950730323791504,6007303.0
18.600000381469727,46.923465728759766,0.1548917144536972,0.10798478871583939,878.5845947265625,-0.1951616257429123,1149.81201171875,-0.4320991635322571,1073.3238525390625,-0.3451829254627228,1169.18115234375,-0.5322005748748779,0.9713482856750488,0.931923508644104,0.7952364087104797,0.6760553121566772,0.6295799016952515,0.6205912828445435,-0.00476267421618104,-0.010398135520517826,-0.021853948011994362,-0.01869156025350094,-0.012957979924976826,-0.01787428744137287,3.685957431793213,0.6143262386322021,-0.020899297669529915,-0.0013999395305290818,-0.21086382865905762,2.9505767822265625,6006991.0
18.700000762939453,46.9399528503418,0.16489672660827637,0.10005001723766327,878.5650024414062,-0.1970699429512024,1149.7686767578125,-0.43468013405799866,1073.289306640625,-0.3475222587585449,1169.127685546875,-0.5349395275115967,0.9708709120750427,0.930881917476654,0.7930513024330139,0.6741822361946106,0.6282497644424438,0.61875981092453,-0.004784825257956982,-0.010434027761220932,-0.021848248317837715,-0.01877174712717533,-0.013644170016050339,-0.018748408183455467,3.6731300354003906,0.6121883392333984,-0.02162889577448368,-0.0014103817520663142,-0.21243667602539062,2.9504218101501465,6006675.5
18.799999237060547,46.9573860168457,0.17431829869747162,0.09421572089195251,878.545166015625,-0.19895638525485992,1149.72509765625,-0.4372974634170532,1073.25439453125,-0.34986838698387146,1169.0740966796875,-0.5377932786941528,0.9703912734985352,0.929836630821228,0.7908663749694824,0.6723001599311829,0.6268509030342102,0.616843044757843,-0.004807884339243174,-0.010472101159393787,-0.021851059049367905,-0.018870504572987556,-0.014331708662211895,-0.0195798147469759,3.6598808765411377,0.6099801659584045,-0.022318875417113304,-0.001421600696630776,-0.21412651240825653,2.950265407562256,6006357.0
18.899999618530273,46.975677490234375,0.18289966881275177,0.08581376075744629,878.5252075195312,-0.20082254707813263,1149.6812744140625,-0.43995001912117004,1073.21923828125,-0.3522227704524994,1169.0201416015625,-0.5407525300979614,0.9699093103408813,0.9287874102592468,0.7886807918548584,0.6704074144363403,0.6253834366798401,0.6148453950881958,-0.004831779282540083,-0.010512174107134342,-0.021861640736460686,-0.018985705450177193,-0.015016183257102966,-0.020365942269563675,3.6462416648864746,0.6077069640159607,-0.022949598729610443,-0.0014335259329527617,-0.2159227430820465,2.9501075744628906,6006035.5
19.0,46.99472427368164,0.19048142433166504,0.07581762224435806,878.5050048828125,-0.20266999304294586,1149.6370849609375,-0.44263577461242676,1073.1839599609375,-0.3545866012573242,1168.9659423828125,-0.5438058376312256,0.9694249033927917,0.9277341365814209,0.7864937782287598,0.6685024499893188,0.6238479018211365,0.6127716302871704,-0.004856420680880547,-0.010554025880992413,-0.021879106760025024,-0.019114891067147255,-0.015692461282014847,-0.021101603284478188,3.6322519779205322,0.605375349521637,-0.02351079322397709,-0.0014460734091699123,-0.2178126871585846,2.9499480724334717,6005711.0
19.100000381469727,47.01443099975586,0.19707298278808594,0.06591545790433884,878.4846801757812,-0.20450018346309662,1149.5927734375,-0.4453524947166443,1073.1483154296875,-0.35696080327033997,1168.911376953125,-0.5469412803649902,0.9689379930496216,0.9266765713691711,0.7843047380447388,0.6665839552879333,0.6222454309463501,0.6106270551681519,-0.004881716333329678,-0.010597425512969494,-0.021902551874518394,-0.019255587831139565,-0.0163556020706892,-0.021782223135232925,3.617953300476074,0.6029922366142273,-0.02400316298007965,-0.0014591601211577654,-0.21978384256362915,2.949787139892578,6005383.5
19.200000762939453,47.034725189208984,0.2029370367527008,0.058640606701374054,878.464111328125,-0.2063145637512207,1149.548095703125,-0.4480983018875122,1073.112548828125,-0.35934609174728394,1168.8565673828125,-0.5501490831375122,0.9684485197067261,0.925614595413208,0.7821130752563477,0.6646509766578674,0.6205773949623108,0.6084172129631042,-0.00490758940577507,-0.010642181150615215,-0.02193121798336506,-0.019405759871006012,-0.017002047970891,-0.022407397627830505,3.603379487991333,0.6005632281303406,-0.024444077163934708,-0.0014727248344570398,-0.22182700037956238,2.949625015258789,6005053.0
19.299999237060547,47.055538177490234,0.20814098417758942,0.05203947797417641,878.4434204101562,-0.20811453461647034,1149.5030517578125,-0.4508715271949768,1073.0765380859375,-0.3617430329322815,1168.8013916015625,-0.5534208416938782,0.9679564237594604,0.9245480895042419,0.7799183130264282,0.6627025008201599,0.6188457608222961,0.6061475872993469,-0.004933973308652639,-0.010688127018511295,-0.021964451298117638,-0.019563648849725723,-0.017629139125347137,-0.0229786466807127,3.588560104370117,0.5980933904647827,-0.024836495518684387,-0.001486712135374546,-0.22393381595611572,2.9494612216949463,6004719.5
19.399999618530273,47.07676315307617,0.2122211903333664,0.040802016854286194,878.4224853515625,-0.2099013775587082,1149.4578857421875,-0.4536694288253784,1073.0401611328125,-0.3641519844532013,1168.745849609375,-0.5567445755004883,0.9674617052078247,0.9234769344329834,0.777720034122467,0.6607379913330078,0.6170524954795837,0.6038236618041992,-0.004960773978382349,-0.010735031217336655,-0.0220013577491045,-0.019726939499378204,-0.018232742324471474,-0.023491889238357544,3.573537588119507,0.5955895781517029,-0.025148730725049973,-0.0015010274946689606,-0.22609005868434906,2.949295997619629,6004383.5
19.5,47.09825134277344,0.2149001955986023,0.026790093630552292,878.4014282226562,-0.21167634427547455,1149.412353515625,-0.4564879834651947,1073.003662109375,-0.3665729761123657,1168.6900634765625,-0.5601051449775696,0.9669642448425293,0.9224010109901428,0.7755179405212402,0.6587570309638977,0.6152003407478333,0.6014517545700073,-0.0049878694117069244,-0.010782592929899693,-0.022040795534849167,-0.019892752170562744,-0.018807346001267433,-0.023938842117786407,3.558366060256958,0.5930610299110413,-0.025364525616168976,-0.0015155531000345945,-0.22827796638011932,2.949129581451416,6004044.5
19.600000381469727,47.11985778808594,0.21604633331298828,0.011461388319730759,878.3801879882812,-0.21344059705734253,1149.3665771484375,-0.4593224823474884,1072.9669189453125,-0.36900582909584045,1168.6339111328125,-0.5634856224060059,0.966464102268219,0.921320378780365,0.7733117938041687,0.6567594408988953,0.613292396068573,0.5990388989448547,-0.005015124101191759,-0.010830476880073547,-0.022081520408391953,-0.020057985559105873,-0.019347045570611954,-0.024310728535056114,3.5431065559387207,0.5905177593231201,-0.02547622285783291,-0.0015301599632948637,-0.23047807812690735,2.9489614963531494,6003702.5
19.700000762939453,47.141441345214844,0.2158639281988144,-0.001824107370339334,878.3587036132812,-0.21519522368907928,1149.3204345703125,-0.4621683359146118,1072.9298095703125,-0.37144994735717773,1168.577392578125,-0.566870391368866,0.965961217880249,0.9202349185943604,0.7711015939712524,0.6547455787658691,0.6113324761390686,0.5965927839279175,-0.00504241231828928,-0.010878375731408596,-0.022122381255030632,-0.020219843834638596,-0.01984700746834278,-0.02460280805826187,3.527815818786621,0.5879693031311035,-0.0254980381578207,-0.001544735860079527,-0.23267357051372528,2.9487922191619873,6003357.5
19.799999237060547,47.16291046142578,0.2146749049425125,-0.011890245601534843,878.3370971679688,-0.2169412225484848,1149.274169921875,-0.46502166986465454,1072.892578125,-0.37390458583831787,1168.5205078125,-0.5702469944953918,0.9654556512832642,0.9191446900367737,0.7688873410224915,0.6527157425880432,0.6093246936798096,0.594121515750885,-0.0050696320831775665,-0.010926040820777416,-0.022162465378642082,-0.020376162603497505,-0.02030428685247898,-0.024816107004880905,3.5125393867492676,0.5854232311248779,-0.025450387969613075,-0.001559196156449616,-0.2348516285419464,2.9486215114593506,6003010.0
19.899999618530273,47.184139251708984,0.21228301525115967,-0.023918841034173965,878.3153686523438,-0.2186794877052307,1149.2275390625,-0.4678782820701599,1072.8551025390625,-0.3763687014579773,1168.4632568359375,-0.5736024379730225,0.9649473428726196,0.9180497527122498,0.7666692137718201,0.6506706476211548,0.6072734594345093,0.5916327834129333,-0.005096678622066975,-0.010973213240504265,-0.02220083586871624,-0.020524749532341957,-0.020715918391942978,-0.02495051547884941,3.4973247051239014,0.5828874707221985,-0.02531920000910759,-0.001573439221829176,-0.23699696362018585,2.9484493732452393,6002659.5
20.0,47.204978942871094,0.20841741561889648,-0.038656074553728104,878.2933959960938,-0.22041082382202148,1149.1805419921875,-0.47073304653167725,1072.8173828125,-0.3788410723209381,1168.40576171875,-0.5769214034080505,0.9644362926483154,0.9169501066207886,0.7644473314285278,0.6486111879348755,0.6051835417747498,0.5891348123550415,-0.005123426206409931,-0.011019587516784668,-0.022236375138163567,-0.02066301926970482,-0.021077923476696014,-0.025002118200063705,3.4822282791137695,0.5803713798522949,-0.02508842758834362,-0.0015873407246544957,-0.23909085988998413,2.9482760429382324,6002306.5
20.100000381469727,47.225284576416016,0.20303861796855927,-0.05378798767924309,878.271240234375,-0.22213591635227203,1149.13330078125,-0.4735804498195648,1072.779296875,-0.3813202381134033,1168.347900390625,-0.5801876187324524,0.9639226794242859,0.9158458709716797,0.7622221112251282,0.6465385556221008,0.6030600666999817,0.5866360068321228,-0.0051497421227395535,-0.011064838618040085,-0.022267917171120644,-0.020788293331861496,-0.021386194974184036,-0.024966618046164513,3.4673101902008057,0.5778850317001343,-0.02475723624229431,-0.0016007728409022093,-0.2411140501499176,2.948101043701172,6001950.5
20.200000762939453,47.24488830566406,0.19602687656879425,-0.07011733949184418,878.2489624023438,-0.2238553762435913,1149.0858154296875,-0.47641438245773315,1072.7410888671875,-0.38380441069602966,1168.2896728515625,-0.5833839774131775,0.9634063839912415,0.9147371649742126,0.7599939703941345,0.6444541811943054,0.600908637046814,0.5841453671455383,-0.0051754857413470745,-0.011108624748885632,-0.022294245660305023,-0.020897818729281425,-0.02163652330636978,-0.024839460849761963,3.4526336193084717,0.575438916683197,-0.02431832253932953,-0.00161359750200063,-0.24304574728012085,2.947924852371216,6001592.0
20.299999237060547,47.263633728027344,0.18748021125793457,-0.08546660095453262,878.2265014648438,-0.2255696952342987,1149.0380859375,-0.47922879457473755,1072.7025146484375,-0.3862915337085724,1168.231201171875,-0.5864940881729126,0.9628875851631165,0.9136242270469666,0.7577635049819946,0.642359733581543,0.5987352728843689,0.5816721320152283,-0.005200522020459175,-0.011150617152452469,-0.02231419086456299,-0.020989002659916878,-0.021825270727276802,-0.02461792342364788,3.438260316848755,0.5730433464050293,-0.023778941482305527,-0.0016256850212812424,-0.24486641585826874,2.9477474689483643,6001230.5
20.399999618530273,47.2813835144043,0.17749087512493134,-0.09989345073699951,878.203857421875,-0.22727923095226288,1148.989990234375,-0.4820176661014557,1072.663818359375,-0.38877934217453003,1168.1724853515625,-0.5895024538040161,0.9623663425445557,0.912507176399231,0.7555314302444458,0.6402572393417358,0.5965462327003479,0.5792258381843567,-0.005224721971899271,-0.011190504767000675,-0.022326670587062836,-0.021059511229395866,-0.021949587389826775,-0.02430148422718048,3.424247980117798,0.5707079768180847,-0.023144740611314774,-0.001636913395486772,-0.24655766785144806,2.947568416595459,6000866.0
20.5,47.298011779785156,0.16629821062088013,-0.1119266003370285,878.1810302734375,-0.2289842665195465,1148.941650390625,-0.4847754240036011,1072.624755859375,-0.391265332698822,1168.11328125,-0.5923957228660583,0.9618426561355591,0.9113861918449402,0.7532985210418701,0.6381487846374512,0.5943480730056763,0.5768158435821533,-0.00524797523394227,-0.011228018440306187,-0.02233075723052025,-0.021107442677021027,-0.02200784906744957,-0.023892788216471672,3.410647392272949,0.5684412717819214,-0.022430850192904472,-0.0016471806447952986,-0.24810416996479034,2.947388172149658,6000499.0
20.600000381469727,47.31343078613281,0.15416060388088226,-0.12137610465288162,878.1580810546875,-0.23068493604660034,1148.89306640625,-0.48749715089797974,1072.5855712890625,-0.39374691247940063,1168.053955078125,-0.5951631665229797,0.9613167643547058,0.9102616310119629,0.7510656714439392,0.63603675365448,0.5921474099159241,0.5744510889053345,-0.005270190071314573,-0.011262940242886543,-0.022325726225972176,-0.02113141305744648,-0.02199980989098549,-0.023397644981741905,3.3975002765655518,0.5662500262260437,-0.021652765572071075,-0.0016564069082960486,-0.24949385225772858,2.947206497192383,6000129.5
20.700000762939453,47.32758712768555,0.14158916473388672,-0.12571443617343903,878.1348876953125,-0.23238126933574677,1148.8441162109375,-0.49017906188964844,1072.5460205078125,-0.396221399307251,1167.9942626953125,-0.5977984666824341,0.9607886672019958,0.9091337323188782,0.7488337755203247,0.6339235305786133,0.5899507403373718,0.5721396803855896,-0.005291311535984278,-0.011295139789581299,-0.022311169654130936,-0.02113085798919201,-0.021927397698163986,-0.022827010601758957,3.3848319053649902,0.564138650894165,-0.020841918885707855,-0.0016645555151626468,-0.2507212162017822,2.947023630142212,5999757.0
20.799999237060547,47.3404655456543,0.12877453863620758,-0.1281462162733078,878.111572265625,-0.234073206782341,1148.7950439453125,-0.492818146944046,1072.50634765625,-0.39868614077568054,1167.9344482421875,-0.6002980470657349,0.9602585434913635,0.9080027341842651,0.746603786945343,0.6318115592002869,0.5877644419670105,0.5698885917663574,-0.005311306100338697,-0.011324538849294186,-0.02228689193725586,-0.021105734631419182,-0.021793734282255173,-0.022193213924765587,3.3726580142974854,0.562109649181366,-0.020008277148008347,-0.001671605627052486,-0.2517831325531006,2.9468393325805664,5999382.0
20.899999618530273,47.35205841064453,0.11592955142259598,-0.12844984233379364,878.0880737304688,-0.23576055467128754,1148.74560546875,-0.49541202187538147,1072.46630859375,-0.401138573884964,1167.874267578125,-0.6026602387428284,0.9597264528274536,0.9068689346313477,0.7443767786026001,0.6297033429145813,0.5855944156646729,0.5677034258842468,-0.005330156534910202,-0.011351102963089943,-0.022252840921282768,-0.021056361496448517,-0.021602679044008255,-0.021508539095520973,3.3609871864318848,0.5601645112037659,-0.019164972007274628,-0.0016775549156591296,-0.2526792287826538,2.9466538429260254,5999004.0
21.0,47.36241149902344,0.10352267324924469,-0.12406878918409348,878.064453125,-0.23744308948516846,1148.6959228515625,-0.4979594945907593,1072.426025390625,-0.4035762548446655,1167.8138427734375,-0.6048875451087952,0.9591925740242004,0.9057326316833496,0.7421536445617676,0.6276012659072876,0.5834460854530334,0.565588653087616,-0.005347877275198698,-0.01137487217783928,-0.022209253162145615,-0.020983753725886345,-0.021359719336032867,-0.02078818343579769,3.349813222885132,0.5583022236824036,-0.018340807408094406,-0.0016824405174702406,-0.25341513752937317,2.9464669227600098,5998623.5
21.100000381469727,47.371578216552734,0.09167521446943283,-0.1184745579957962,878.0405883789062,-0.2391204684972763,1148.64599609375,-0.5004600286483765,1072.3856201171875,-0.40599697828292847,1167.7532958984375,-0.6069843173027039,0.9586569666862488,0.9045940637588501,0.7399352788925171,0.6255075335502625,0.5813243389129639,0.5635469555854797,-0.005364501383155584,-0.011395932175219059,-0.022156519815325737,-0.020889293402433395,-0.02107095718383789,-0.020046770572662354,3.3391225337982178,0.556520402431488,-0.0175417922437191,-0.0016863099299371243,-0.25399795174598694,2.9462785720825195,5998240.0
21.200000762939453,47.379600524902344,0.08021318167448044,-0.11462032049894333,878.0166015625,-0.24079230427742004,1148.5958251953125,-0.5029129981994629,1072.3448486328125,-0.40839865803718567,1167.6925048828125,-0.6089542508125305,0.9581196904182434,0.9034535884857178,0.7377226948738098,0.623424232006073,0.5792335867881775,0.5615800619125366,-0.005380053538829088,-0.01141434907913208,-0.022094963118433952,-0.02077416516840458,-0.020741578191518784,-0.019293945282697678,3.328904151916504,0.5548173785209656,-0.016757501289248466,-0.0016891959821805358,-0.25443264842033386,2.946089029312134,5997854.0
21.299999237060547,47.38652038574219,0.06919759511947632,-0.11015591025352478,877.992431640625,-0.24245811998844147,1148.54541015625,-0.5053178071975708,1072.303955078125,-0.4107794165611267,1167.6314697265625,-0.6108009815216064,0.9575809836387634,0.9023113250732422,0.7355166673660278,0.6213535070419312,0.5771775841712952,0.5596886277198792,-0.005394558887928724,-0.011430191807448864,-0.022024910897016525,-0.02063952572643757,-0.02037637121975422,-0.018537085503339767,3.3191475868225098,0.5531912446022034,-0.01599317416548729,-0.0016911367420107126,-0.25472497940063477,2.9458980560302734,5997465.5
21.399999618530273,47.39237594604492,0.058581817895174026,-0.10615774989128113,877.9680786132812,-0.24411746859550476,1148.4947509765625,-0.5076739192008972,1072.2626953125,-0.4131375551223755,1167.5703125,-0.6125280857086182,0.9570408463478088,0.901167631149292,0.733318030834198,0.6192970871925354,0.5751596689224243,0.5578728914260864,-0.005408043973147869,-0.011443525552749634,-0.021946676075458527,-0.020486490800976753,-0.01997971348464489,-0.01778164505958557,3.3098416328430176,0.5516402721405029,-0.015245997346937656,-0.0016921665519475937,-0.2548801004886627,2.9457058906555176,5997074.0
21.5,47.397216796875,0.048401352018117905,-0.10180464386940002,877.943603515625,-0.24576978385448456,1148.44384765625,-0.5099810361862183,1072.2213134765625,-0.41547146439552307,1167.509033203125,-0.6141391396522522,0.9564993977546692,0.9000227451324463,0.7311276793479919,0.6172568798065186,0.5731827616691589,0.5561323761940002,-0.005420533940196037,-0.01145442295819521,-0.02186058834195137,-0.02031617797911167,-0.01955571398139,-0.017031999304890633,3.3009750843048096,0.5501624941825867,-0.014518793672323227,-0.00169232243206352,-0.2549035847187042,2.945512294769287,5996680.0
21.600000381469727,47.40109634399414,0.03877653181552887,-0.09624822437763214,877.9189453125,-0.24741452932357788,1148.392822265625,-0.5122391581535339,1072.1796875,-0.41777971386909485,1167.447509765625,-0.6156389117240906,0.955956757068634,0.8988768458366394,0.7289462089538574,0.6152345538139343,0.5712494850158691,0.5544663071632385,-0.005432065110653639,-0.01146297249943018,-0.021767040714621544,-0.020129848271608353,-0.019108640030026436,-0.016292952001094818,3.2925329208374023,0.5487555265426636,-0.013819098472595215,-0.0016916518798097968,-0.2548025846481323,2.945317506790161,5996283.5
21.700000762939453,47.404056549072266,0.029591670259833336,-0.09184861183166504,877.8941040039062,-0.24905113875865936,1148.3414306640625,-0.5144482254981995,1072.1376953125,-0.4200609624385834,1167.3858642578125,-0.6170315146446228,0.9554130434989929,0.8977302312850952,0.7267745137214661,0.6132315397262573,0.5693618655204773,0.5528734922409058,-0.0054426672868430614,-0.011469255201518536,-0.0216663908213377,-0.019928647205233574,-0.01864219829440117,-0.01556742750108242,3.2845020294189453,0.5474169850349426,-0.013139665126800537,-0.001690192730166018,-0.25458279252052307,2.9451212882995605,5995884.0
21.799999237060547,47.40612030029297,0.020658472552895546,-0.0893319696187973,877.869140625,-0.25067898631095886,1148.2899169921875,-0.5166077613830566,1072.0955810546875,-0.4223140776157379,1167.3240966796875,-0.6183196306228638,0.9548682570457458,0.896583080291748,0.7246132493019104,0.6112493872642517,0.5675218105316162,0.5513525605201721,-0.005452359560877085,-0.011473321355879307,-0.021558882668614388,-0.019713405519723892,-0.018159016966819763,-0.01485525630414486,3.27687406539917,0.5461456775665283,-0.012469901703298092,-0.0016879666363820434,-0.2542474865913391,2.9449238777160645,5995482.0
21.899999618530273,47.407310485839844,0.011911637149751186,-0.08746835589408875,877.843994140625,-0.2522975504398346,1148.2381591796875,-0.5187172293663025,1072.05322265625,-0.42453786730766296,1167.26220703125,-0.6195049285888672,0.9543225765228271,0.895435631275177,0.7224630117416382,0.6092894077301025,0.5657307505607605,0.5499022006988525,-0.005461153574287891,-0.011475201696157455,-0.021444687619805336,-0.01948476769030094,-0.01766107603907585,-0.014154989272356033,3.2696447372436523,0.5449407696723938,-0.011806754395365715,-0.0016849898966029286,-0.25379911065101624,2.944725275039673,5995077.5
22.0,47.40761184692383,0.002982717240229249,-0.08928919583559036,877.8186645507812,-0.25390613079071045,1148.1861572265625,-0.5207751989364624,1072.0107421875,-0.42673131823539734,1167.2001953125,-0.6205863356590271,0.9537760615348816,0.8942881226539612,0.7203245759010315,0.6073529720306396,0.5639902353286743,0.5485215187072754,-0.005469038616865873,-0.011474876664578915,-0.021323783323168755,-0.019242875277996063,-0.017148874700069427,-0.0134614622220397,3.2628190517425537,0.5438032150268555,-0.011127915233373642,-0.00168124760966748,-0.25323545932769775,2.9445252418518066,5994670.5
22.100000381469727,47.40696716308594,-0.006418699864298105,-0.09401416778564453,877.793212890625,-0.25550419092178345,1148.134033203125,-0.5227794051170349,1071.9678955078125,-0.42889323830604553,1167.1380615234375,-0.6215599179267883,0.9532288312911987,0.8931407332420349,0.7181985378265381,0.6054413914680481,0.5623016357421875,0.5472102761268616,-0.0054759797640144825,-0.011472265236079693,-0.021195929497480392,-0.018987325951457024,-0.016621386632323265,-0.012766292318701744,3.256413459777832,0.5427355766296387,-0.010416976176202297,-0.0016767005436122417,-0.25255054235458374,2.944324016571045,5994261.0
22.200000762939453,47.405364990234375,-0.016033925116062164,-0.09615225344896317,877.767578125,-0.25709104537963867,1148.08154296875,-0.5247278213500977,1071.9249267578125,-0.43102243542671204,1167.075927734375,-0.6224226355552673,0.9526809453964233,0.8919937610626221,0.71608567237854,0.6035560965538025,0.5606666207313538,0.5459688305854797,-0.005481951404362917,-0.011467307806015015,-0.02106095477938652,-0.018717903643846512,-0.016078155487775803,-0.012064723297953606,3.2504401206970215,0.5417400598526001,-0.00969001092016697,-0.0016713310033082962,-0.25174176692962646,2.9441213607788086,5993848.5
22.299999237060547,47.402793884277344,-0.025710145011544228,-0.09676218777894974,877.7418212890625,-0.25866609811782837,1148.029052734375,-0.5266189575195312,1071.8817138671875,-0.43311768770217896,1167.013671875,-0.6231730580329895,0.9521324634552002,0.890847384929657,0.7139866948127747,0.6016983985900879,0.5590867400169373,0.5447978973388672,-0.005486940033733845,-0.011459973640739918,-0.020918816328048706,-0.018434692174196243,-0.015519569627940655,-0.011355630122125149,3.244905948638916,0.5408176779747009,-0.008954264223575592,-0.0016651347978040576,-0.2508084774017334,2.943917751312256,5993433.5
22.399999618530273,47.39924621582031,-0.03547554090619087,-0.09765396267175674,877.7158813476562,-0.26022869348526,1147.976318359375,-0.5284513235092163,1071.8382568359375,-0.435177743434906,1166.9512939453125,-0.6238099336624146,0.9515835642814636,0.8897019028663635,0.7119022011756897,0.5998697280883789,0.5575634241104126,0.5436983108520508,-0.005490931682288647,-0.011450237594544888,-0.020769473165273666,-0.01813778653740883,-0.014946017414331436,-0.010638243518769741,3.239816904067993,0.5399695038795471,-0.008207006379961967,-0.0016581049421802163,-0.24974961578845978,2.9437127113342285,5993016.5
22.5,47.394718170166016,-0.04527408629655838,-0.09798546135425568,877.6897583007812,-0.26177820563316345,1147.92333984375,-0.5302233695983887,1071.794677734375,-0.4372013807296753,1166.888916015625,-0.6243321299552917,0.9510343074798584,0.8885574340820312,0.7098330855369568,0.5980713963508606,0.5560981631278992,0.5426708459854126,-0.005493916571140289,-0.011438077315688133,-0.020612897351384163,-0.017827320843935013,-0.01435796171426773,-0.009912326000630856,3.2351789474487305,0.5391964912414551,-0.007451414596289396,-0.0016502393409609795,-0.24856488406658173,2.9435064792633057,5992596.5
22.600000381469727,47.38922119140625,-0.05497974157333374,-0.09705653786659241,877.6635131835938,-0.2633139193058014,1147.8702392578125,-0.5319340229034424,1071.7508544921875,-0.43918734788894653,1166.826416015625,-0.6247395277023315,0.9504848122596741,0.8874143362045288,0.7077799439430237,0.5963048338890076,0.5546924471855164,0.5417163968086243,-0.005495890974998474,-0.011423488147556782,-0.020449135452508926,-0.017503593116998672,-0.013756299391388893,-0.009179143235087395,3.23099422454834,0.5384989976882935,-0.00669447798281908,-0.0016415469581261277,-0.2472555935382843,2.9432990550994873,5992174.0
22.700000762939453,47.38273239135742,-0.06489270180463791,-0.09912960976362228,877.6370849609375,-0.2648352086544037,1147.8170166015625,-0.5335816144943237,1071.7069091796875,-0.4411344826221466,1166.763916015625,-0.6250301003456116,0.9499351978302002,0.8862728476524353,0.7057435512542725,0.5945712327957153,0.5533475279808044,0.5408356785774231,-0.005496836733072996,-0.011406431905925274,-0.020278101786971092,-0.01716657355427742,-0.013140970841050148,-0.008436896838247776,3.2272708415985107,0.5378784537315369,-0.005917188711464405,-0.001632011029869318,-0.24581925570964813,2.9430904388427734,5991749.5
22.799999237060547,47.3752555847168,-0.0747419148683548,-0.0984921008348465,877.6105346679688,-0.2663413882255554,1147.7635498046875,-0.5351648330688477,1071.66259765625,-0.44304150342941284,1166.701416015625,-0.6252029538154602,0.9493855237960815,0.8851331472396851,0.7037246227264404,0.5928720235824585,0.552064836025238,0.5400296449661255,-0.005496744532138109,-0.011386889033019543,-0.020099781453609467,-0.016816407442092896,-0.012512406334280968,-0.007685791701078415,3.2240142822265625,0.5373356938362122,-0.005136851686984301,-0.001621637842617929,-0.24425680935382843,2.942880630493164,5991322.0
22.899999618530273,47.36680603027344,-0.08450474590063095,-0.09762834757566452,877.5838012695312,-0.2678317427635193,1147.7099609375,-0.5366824269294739,1071.6182861328125,-0.4449072480201721,1166.638916015625,-0.6252579689025879,0.9488359093666077,0.8839955925941467,0.7017238736152649,0.5912085175514221,0.5508456230163574,0.5392990708351135,-0.005495611112564802,-0.011364857666194439,-0.01991422474384308,-0.01645338535308838,-0.011871413327753544,-0.00692720664665103,3.221226215362549,0.5368710160255432,-0.0043530575931072235,-0.0016104356618598104,-0.24256950616836548,2.942669630050659,5990892.5
23.0,47.357391357421875,-0.09417051821947098,-0.09665769338607788,877.5569458007812,-0.26930561661720276,1147.65625,-0.538133442401886,1071.5736083984375,-0.44673049449920654,1166.576416015625,-0.6251950263977051,0.9482864141464233,0.8828603029251099,0.6997420787811279,0.5895819067955017,0.5496910810470581,0.5386447310447693,-0.005493433680385351,-0.011340334080159664,-0.01972147822380066,-0.01607780158519745,-0.011218749918043613,-0.006162223406136036,3.2189087867736816,0.5364847779273987,-0.0035662262234836817,-0.0015984138008207083,-0.2407587319612503,2.9424571990966797,5990460.5
23.100000381469727,47.347007751464844,-0.1038312166929245,-0.0966070219874382,877.5299682617188,-0.27076226472854614,1147.602294921875,-0.5395165085792542,1071.5289306640625,-0.448510080575943,1166.5137939453125,-0.6250133514404297,0.9477372765541077,0.8817276358604431,0.6977798938751221,0.5879934430122375,0.5486024022102356,0.5380671620368958,-0.005490204319357872,-0.011313304305076599,-0.019521545618772507,-0.01568981632590294,-0.010554793290793896,-0.005390669219195843,3.2170660495758057,0.5361776947975159,-0.0027704513631761074,-0.0015855737728998065,-0.23882471024990082,2.942244052886963,5990026.0
23.200000762939453,47.33564376831055,-0.11363004148006439,-0.09798821806907654,877.5028076171875,-0.2722010612487793,1147.54833984375,-0.540830135345459,1071.4840087890625,-0.45024484395980835,1166.451416015625,-0.6247109174728394,0.9471884369850159,0.8805977702140808,0.6958380341529846,0.5864444375038147,0.5475806593894958,0.5375671982765198,-0.00548590486869216,-0.011283728294074535,-0.01931433379650116,-0.015289362519979477,-0.00987925659865141,-0.0046104746870696545,3.2157070636749268,0.5359511971473694,-0.001957019791007042,-0.001571904867887497,-0.23676586151123047,2.9420294761657715,5989589.5
23.299999237060547,47.32328414916992,-0.12358488142490387,-0.09954842925071716,877.4755249023438,-0.27362123131752014,1147.494140625,-0.5420724153518677,1071.4388427734375,-0.4519335925579071,1166.388916015625,-0.624285101890564,0.946640133857727,0.879470944404602,0.6939173340797424,0.5849361419677734,0.5466271042823792,0.5371457934379578,-0.005480512045323849,-0.011251554824411869,-0.019099712371826172,-0.014876263216137886,-0.009191588498651981,-0.003819223726168275,3.2148427963256836,0.5358071327209473,-0.0011247301008552313,-0.0015573952114209533,-0.2345803678035736,2.9418137073516846,5989150.5
23.399999618530273,47.3099250793457,-0.1336139291524887,-0.10029051452875137,877.4481201171875,-0.27502208948135376,1147.4398193359375,-0.5432416200637817,1071.3935546875,-0.453575074672699,1166.3265380859375,-0.6237336993217468,0.9460923671722412,0.8783475160598755,0.692018449306488,0.5834697484970093,0.545742928981781,0.5368041396141052,-0.005474006291478872,-0.011216739192605019,-0.018877578899264336,-0.014450421556830406,-0.008491483516991138,-0.003015723545104265,3.214482545852661,0.5357470512390137,-0.00027774550835601985,-0.001542039797641337,-0.23226746916770935,2.9415969848632812,5988709.0
23.5,47.29555892944336,-0.14364588260650635,-0.10031942278146744,877.4205322265625,-0.27640292048454285,1147.385498046875,-0.5443363189697266,1071.34814453125,-0.4551680386066437,1166.26416015625,-0.6230550408363342,0.9455453753471375,0.8772277235984802,0.6901420950889587,0.5820465683937073,0.5449293851852417,0.5365434288978577,-0.0054663727059960365,-0.011179250665009022,-0.018647873774170876,-0.014011847786605358,-0.007778945378959179,-0.0021999471355229616,3.2146339416503906,0.5357723236083984,0.0005807019188068807,-0.0015258394414559007,-0.22982732951641083,2.9413793087005615,5988265.5
23.600000381469727,47.28019332885742,-0.15364918112754822,-0.1000330001115799,877.392822265625,-0.2777629792690277,1147.3310546875,-0.5453550219535828,1071.3026123046875,-0.4567112624645233,1166.201904296875,-0.6222478151321411,0.9449991583824158,0.8761118054389954,0.6882891654968262,0.5806679129600525,0.5441877245903015,0.5363648533821106,-0.0054575977846980095,-0.011139062233269215,-0.018410559743642807,-0.013560603372752666,-0.0070541175082325935,-0.0013722936855629086,3.2153031826019287,0.5358838438987732,0.0014495898503810167,-0.0015087982174009085,-0.2272605150938034,2.941160202026367,5987820.0
23.700000762939453,47.26384353637695,-0.16350401937961578,-0.09854840487241745,877.364990234375,-0.27910158038139343,1147.2764892578125,-0.5462964773178101,1071.2568359375,-0.4582034647464752,1166.1397705078125,-0.6213114857673645,0.9444538950920105,0.875,0.6864603161811829,0.5793349742889404,0.543519139289856,0.5362696051597595,-0.005447676405310631,-0.011096164584159851,-0.01816565729677677,-0.013096892274916172,-0.006317527033388615,-0.0005342842196114361,3.216494083404541,0.5360823273658752,0.0023222449235618114,-0.001490929746069014,-0.22456911206245422,2.9409403800964355,5987372.0
23.799999237060547,47.246543884277344,-0.1730048656463623,-0.0950084775686264,877.3369750976562,-0.2804179787635803,1147.2218017578125,-0.5471600294113159,1071.2109375,-0.45964348316192627,1166.07763671875,-0.6202471256256104,0.9439096450805664,0.8738926649093628,0.6846563220024109,0.5780490040779114,0.542924702167511,0.5362585186958313,-0.0054366146214306355,-0.011050579138100147,-0.01791330985724926,-0.012621212750673294,-0.005570479203015566,0.00031041944748722017,3.2182040214538574,0.5363673567771912,0.003186910878866911,-0.0014722655760124326,-0.22175784409046173,2.9407193660736084,5986922.0
23.899999618530273,47.22832489013672,-0.18219061195850372,-0.09185749292373657,877.3088989257812,-0.2817113995552063,1147.1669921875,-0.5479450821876526,1071.1649169921875,-0.46103015542030334,1166.015625,-0.6190561056137085,0.9433665871620178,0.8727900385856628,0.6828779578208923,0.5768111944198608,0.5424054265022278,0.5363321304321289,-0.005424422211945057,-0.011002334766089916,-0.017653677612543106,-0.012134093791246414,-0.004814295098185539,0.0011587243061512709,3.2204294204711914,0.5367382168769836,0.004046787042170763,-0.0014528336469084024,-0.2188309282064438,2.9404971599578857,5986470.0
24.0,47.2092170715332,-0.19106338918209076,-0.08872772008180618,877.2806396484375,-0.28298115730285645,1147.1121826171875,-0.5486509799957275,1071.11865234375,-0.4623623788356781,1165.953857421875,-0.6177396178245544,0.9428248405456543,0.8716922998428345,0.6811258792877197,0.5756226778030396,0.541962206363678,0.5364905595779419,-0.005411107558757067,-0.010951455682516098,-0.01738690212368965,-0.011636022478342056,-0.004050120245665312,0.00200851121917367,3.2231674194335938,0.537194550037384,0.004901663400232792,-0.0014326616656035185,-0.21579256653785706,2.9402740001678467,5986016.0
24.100000381469727,47.18930435180664,-0.19913969933986664,-0.080763079226017,877.2522583007812,-0.2842264771461487,1147.0572509765625,-0.5492782592773438,1071.0723876953125,-0.46363919973373413,1165.89208984375,-0.6163021922111511,0.9422844052314758,0.8705998063087463,0.6794008612632751,0.5744844079017639,0.5415956974029541,0.5367338061332703,-0.005396705120801926,-0.010898033156991005,-0.017113378271460533,-0.011128081940114498,-0.0032806717790663242,0.0028530361596494913,3.226402997970581,0.537733793258667,0.005721511784940958,-0.0014118185499683022,-0.21265308558940887,2.940049886703491,5985559.5
24.200000762939453,47.16868209838867,-0.20621725916862488,-0.07077564299106598,877.2238159179688,-0.2854466438293457,1147.0023193359375,-0.5498281717300415,1071.0260009765625,-0.4648597538471222,1165.83056640625,-0.6147511601448059,0.9417455196380615,0.8695127964019775,0.6777034401893616,0.5733973979949951,0.54130619764328,0.5370607972145081,-0.0053812735714018345,-0.010842214338481426,-0.01683369278907776,-0.01061183400452137,-0.002509848214685917,0.0036829872988164425,3.2301101684570312,0.5383517146110535,0.006494824308902025,-0.001390389516018331,-0.20942537486553192,2.9398250579833984,5985101.5
24.299999237060547,47.1474494934082,-0.21231229603290558,-0.060950350016355515,877.1951904296875,-0.286641001701355,1146.947265625,-0.5503024458885193,1070.9794921875,-0.46602341532707214,1165.7691650390625,-0.6130944490432739,0.9412081837654114,0.8684315085411072,0.6760343313217163,0.5723623037338257,0.5410937070846558,0.5374696850776672,-0.00536487577483058,-0.010784158483147621,-0.016548478975892067,-0.010088907554745674,-0.0017415313050150871,0.0044904788956046104,3.2342617511749268,0.5390436053276062,0.007221518084406853,-0.0013684588484466076,-0.20612210035324097,2.93959903717041,5984641.5
24.399999618530273,47.12572479248047,-0.2172720730304718,-0.04959782212972641,877.16650390625,-0.28780877590179443,1146.8922119140625,-0.550703227519989,1070.9327392578125,-0.4671297073364258,1165.7080078125,-0.6113413572311401,0.9406725764274597,0.8673560619354248,0.6743939518928528,0.5713798403739929,0.5409576892852783,0.5379577875137329,-0.005347585305571556,-0.010724049992859364,-0.016258452087640762,-0.009561116807162762,-0.0009799302788451314,0.005267593078315258,3.2388248443603516,0.5398041009902954,0.00788998045027256,-0.0013461234048008919,-0.2027578502893448,2.9393720626831055,5984179.5
24.5,47.10359573364258,-0.22126717865467072,-0.03995109722018242,877.1376342773438,-0.2889493703842163,1146.837158203125,-0.5510327219963074,1070.885986328125,-0.4681784212589264,1165.64697265625,-0.6095004081726074,0.9401387572288513,0.8662867546081543,0.672782838344574,0.5704502463340759,0.5408973097801208,0.5385218858718872,-0.00532947201281786,-0.010662064887583256,-0.015964290127158165,-0.009030149318277836,-0.00022870596149004996,0.006009056232869625,3.2437684535980225,0.5406280755996704,0.00850935373455286,-0.001323465257883072,-0.19934500753879547,2.9391441345214844,5983715.5
24.600000381469727,47.081138610839844,-0.22460448741912842,-0.03337302431464195,877.1087036132812,-0.2900621294975281,1146.7821044921875,-0.5512924790382385,1070.839111328125,-0.4691694676876068,1165.5860595703125,-0.6075780987739563,0.9396067261695862,0.8652237057685852,0.671201229095459,0.5695738792419434,0.5409114360809326,0.539158284664154,-0.005310587584972382,-0.01059833075851202,-0.015666496008634567,-0.00849722046405077,0.0005099241388961673,0.006714418064802885,3.249070405960083,0.5415117144584656,0.009096180088818073,-0.0013005408691242337,-0.19589205086231232,2.938915491104126,5983249.5
24.700000762939453,47.05839538574219,-0.2273987978696823,-0.02794312871992588,877.0796508789062,-0.291146457195282,1146.7269287109375,-0.5514837503433228,1070.792236328125,-0.47010287642478943,1165.525390625,-0.6055793166160583,0.9390766620635986,0.8641671538352966,0.6696496605873108,0.5687508583068848,0.5409987568855286,0.5398634672164917,-0.005290971137583256,-0.010532950051128864,-0.015365463681519032,-0.007963260635733604,0.0012346083531156182,0.007385408505797386,3.2547125816345215,0.5424520969390869,0.009655196219682693,-0.0012773966882377863,-0.19240599870681763,2.938685894012451,5982782.0
24.799999237060547,47.0354118347168,-0.22986727952957153,-0.024684855714440346,877.0504760742188,-0.29220178723335266,1146.6717529296875,-0.5516074299812317,1070.7451171875,-0.470978707075119,1165.4649658203125,-0.6035072803497314,0.9385485649108887,0.8631172180175781,0.6681283116340637,0.5679812431335449,0.5411578416824341,0.5406342148780823,-0.005270650610327721,-0.01046599168330431,-0.015061461366713047,-0.007428874261677265,0.001944918418303132,0.008025827817618847,3.26068377494812,0.5434473156929016,0.010198958218097687,-0.0012540608877316117,-0.18889108300209045,2.93845534324646,5982313.0
24.899999618530273,47.012203216552734,-0.2320675551891327,-0.022002670913934708,877.0211791992188,-0.2932276129722595,1146.6165771484375,-0.5516641736030579,1070.697998046875,-0.4717971086502075,1165.4046630859375,-0.601364254951477,0.9380225539207458,0.8620740175247192,0.6666374802589417,0.5672650933265686,0.5413872003555298,0.5414676070213318,-0.005249644163995981,-0.010397504083812237,-0.01475469022989273,-0.006894480437040329,0.0026409165002405643,0.00863990094512701,3.2669758796691895,0.5444959998130798,0.010729862377047539,-0.0012305568670853972,-0.18535080552101135,2.9382240772247314,5981842.0
25.0,46.988792419433594,-0.23412877321243286,-0.020612232387065887,876.9918212890625,-0.29422348737716675,1146.5614013671875,-0.5516542196273804,1070.6507568359375,-0.4725581705570221,1165.3447265625,-0.5991515517234802,0.9374986290931702,0.8610377311706543,0.6651774644851685,0.566602349281311,0.5416854619979858,0.5423613786697388,-0.005227962974458933,-0.010327517054975033,-0.014445272274315357,-0.006360302213579416,0.0033231598790735006,0.009232338517904282,3.2735843658447266,0.5455973744392395,0.011255864053964615,-0.0012068967334926128,-0.18178704380989075,2.9379918575286865,5981369.5
25.100000381469727,46.96519088745117,-0.23599942028522491,-0.018706392496824265,876.9623413085938,-0.29518890380859375,1146.5062255859375,-0.5515780448913574,1070.603515625,-0.4732620418071747,1165.284912109375,-0.5968704223632812,0.936976969242096,0.8600085377693176,0.6637485027313232,0.5659930109977722,0.5420513153076172,0.5433134436607361,-0.005205617751926184,-0.010256060399115086,-0.014133330434560776,-0.0058265565894544125,0.003992159850895405,0.009806656278669834,3.2805044651031494,0.5467507243156433,0.011773203499615192,-0.0011830973671749234,-0.1782023012638092,2.9377591609954834,5980895.5
25.200000762939453,46.94146728515625,-0.23724265396595,-0.012432411313056946,876.9328002929688,-0.2961234748363495,1146.451171875,-0.5514369010925293,1070.55615234375,-0.4739088714122772,1165.225341796875,-0.5945253968238831,0.9364575743675232,0.8589866161346436,0.6623508930206299,0.5654369592666626,0.5424833297729492,0.5443218946456909,-0.005182646214962006,-0.010183229111135006,-0.013819222338497639,-0.0052940500900149345,0.004646750167012215,0.010360444895923138,3.287719964981079,0.5479533076286316,0.012253835797309875,-0.0011592120863497257,-0.1746046245098114,2.937525510787964,5980420.0
25.299999237060547,46.9177131652832,-0.23754869401454926,-0.0030603399500250816,876.9031372070312,-0.2970268130302429,1146.39599609375,-0.5512333512306213,1070.5086669921875,-0.474498987197876,1165.166015625,-0.5921247005462646,0.9359404444694519,0.8579719662666321,0.6609847545623779,0.5649340748786926,0.5429800152778625,0.545384407043457,-0.005159115418791771,-0.0101091880351305,-0.013503571972250938,-0.004764224402606487,0.00528406398370862,0.010886427015066147,3.295201063156128,0.549200177192688,0.012678240425884724,-0.001135320053435862,-0.17100591957569122,2.937291145324707,5979943.0
25.399999618530273,46.8940315246582,-0.23680128157138824,0.007474105805158615,876.8733520507812,-0.2978985607624054,1146.3408203125,-0.5509706139564514,1070.461181640625,-0.4750328063964844,1165.10693359375,-0.5896784067153931,0.9354257583618164,0.8569647669792175,0.6596502065658569,0.5644839406013489,0.5435393452644348,0.5464977025985718,-0.005135107785463333,-0.01003414299339056,-0.013187136501073837,-0.004238840192556381,0.005900478921830654,0.011376140639185905,3.3029110431671143,0.5504851341247559,0.013037637807428837,-0.0011115102097392082,-0.16741958260536194,2.937056064605713,5979464.5
25.5,46.87055206298828,-0.23478953540325165,0.02011740952730179,876.8435668945312,-0.29873839020729065,1146.2857666015625,-0.5506526827812195,1070.4136962890625,-0.4755110442638397,1165.048095703125,-0.5871989130973816,0.9349134564399719,0.8559651374816895,0.6583473086357117,0.5640860795974731,0.5441590547561646,0.5476577281951904,-0.005110724829137325,-0.00995834544301033,-0.012870833277702332,-0.0037200171500444412,0.006491542793810368,0.011819778010249138,3.3108038902282715,0.5518006682395935,0.013315693475306034,-0.0010878887260332704,-0.16386163234710693,2.9368205070495605,5978984.5
25.600000381469727,46.84738540649414,-0.2316518872976303,0.031376514583826065,876.8136596679688,-0.29954612255096436,1146.230712890625,-0.5502837896347046,1070.3660888671875,-0.47593462467193604,1164.989501953125,-0.5846986770629883,0.9344035983085632,0.8549731373786926,0.6570760011672974,0.5637395977973938,0.5448364615440369,0.5488594174385071,-0.005086068995296955,-0.009882046841084957,-0.012555576860904694,-0.0032098398078233004,0.007053095381706953,0.012209801934659481,3.3188345432281494,0.5531390905380249,0.013518908992409706,-0.001064550131559372,-0.16034629940986633,2.936583995819092,5978503.5
25.700000762939453,46.82461929321289,-0.22767643630504608,0.0397544801235199,876.7836303710938,-0.300321489572525,1146.17578125,-0.5498676300048828,1070.3184814453125,-0.4763047695159912,1164.93115234375,-0.582188069820404,0.9338962435722351,0.853988766670227,0.6558361053466797,0.563443660736084,0.5455683469772339,0.5500973463058472,-0.0050612264312803745,-0.009805459529161453,-0.012242128141224384,-0.0027099656872451305,0.007582312449812889,0.012543614022433758,3.3269639015197754,0.5544939637184143,0.013662452809512615,-0.0010415646247565746,-0.15688413381576538,2.936347007751465,5978021.0
25.799999237060547,46.802337646484375,-0.22282855212688446,0.04847888648509979,876.7535400390625,-0.3010643720626831,1146.1207275390625,-0.5494081377983093,1070.2708740234375,-0.47662270069122314,1164.873046875,-0.579677164554596,0.9333913922309875,0.8530120253562927,0.6546274423599243,0.563197135925293,0.5463514924049377,0.5513657331466675,-0.005036281421780586,-0.009728789329528809,-0.011931223794817924,-0.0022219757083803415,0.00807666964828968,0.012819432653486729,3.3351542949676514,0.5558590292930603,0.013740422204136848,-0.0010190049652010202,-0.15348613262176514,2.9361095428466797,5977537.5
25.899999618530273,46.7806282043457,-0.21709169447422028,0.057368598878383636,876.7234497070312,-0.3017747104167938,1146.06591796875,-0.5489094257354736,1070.22314453125,-0.476889967918396,1164.815185546875,-0.5771768689155579,0.9328889846801758,0.8520429730415344,0.6534497141838074,0.5629987120628357,0.5471821427345276,0.5526586771011353,-0.005011324305087328,-0.009652259759604931,-0.011623643338680267,-0.0017475243657827377,0.008533518761396408,0.01303491834551096,3.343364953994751,0.5572274923324585,0.013749627396464348,-0.0009969454258680344,-0.1501634269952774,2.9358713626861572,5977052.5
26.0,46.75957107543945,-0.21056102216243744,0.065306656062603,876.6932373046875,-0.3024524450302124,1146.010986328125,-0.54837566614151,1070.175537109375,-0.4771081805229187,1164.757568359375,-0.5746975541114807,0.9323890805244446,0.8510816097259521,0.6523025631904602,0.5628470182418823,0.5480565428733826,0.5539700388908386,-0.0049864426255226135,-0.009576082229614258,-0.011320135556161404,-0.001288168248720467,0.00895056314766407,0.0131887411698699,3.3515570163726807,0.5585927963256836,0.013694096356630325,-0.0009754517232067883,-0.14692598581314087,2.9356327056884766,5976566.5
26.100000381469727,46.73927688598633,-0.20296356081962585,0.07597464323043823,876.6629638671875,-0.3030976951122284,1145.9561767578125,-0.54781174659729,1070.1278076171875,-0.4772792160511017,1164.7001953125,-0.5722517967224121,0.931891679763794,0.8501277565956116,0.6511855125427246,0.5627403855323792,0.5489705204963684,0.5552935600280762,-0.004961740225553513,-0.009500513784587383,-0.011021592654287815,-0.0008457976509816945,0.009324648417532444,0.013276658020913601,3.35968279838562,0.55994713306427,0.013552788645029068,-0.0009546127985231578,-0.14378714561462402,2.9353933334350586,5976079.5
26.200000762939453,46.71987533569336,-0.1940079927444458,0.08955574780702591,876.632568359375,-0.30371057987213135,1145.9014892578125,-0.5472238659858704,1070.080078125,-0.4774051010608673,1164.6431884765625,-0.5698555111885071,0.9313967227935791,0.8491814136505127,0.6500979661941528,0.5626770257949829,0.5499194860458374,0.5566221475601196,-0.004937350749969482,-0.009425876662135124,-0.010729151777923107,-0.00042287714313715696,0.009651154279708862,0.0132902255281806,3.367682933807373,0.5612804889678955,0.013304302468895912,-0.0009345414582639933,-0.14076392352581024,2.9351537227630615,5975591.5
26.299999237060547,46.70150375366211,-0.18371182680130005,0.10296156257390976,876.6021728515625,-0.3042912483215332,1145.8468017578125,-0.546618640422821,1070.0323486328125,-0.4774881899356842,1164.5863037109375,-0.5675258040428162,0.9309042096138,0.8482425212860107,0.6490393280982971,0.5626549124717712,0.550898551940918,0.5579479932785034,-0.004913416225463152,-0.009352521039545536,-0.010444031096994877,-2.2033384084352292e-05,0.009925199672579765,0.01322118565440178,3.375492811203003,0.5625821352005005,0.01294725388288498,-0.0009153489372693002,-0.1378730833530426,2.934913396835327,5975102.5
26.399999618530273,46.68428039550781,-0.1722397357225418,0.11472093313932419,876.5717163085938,-0.3048400580883026,1145.7921142578125,-0.5460028052330017,1069.9844970703125,-0.47753116488456726,1164.5296630859375,-0.5652791857719421,0.9304140210151672,0.8473108410835266,0.6480088233947754,0.5626716613769531,0.5519022345542908,0.5592625737190247,-0.004890074022114277,-0.009280778467655182,-0.0101673798635602,0.00035431678406894207,0.010142658837139606,0.013064458966255188,3.3830506801605225,0.5638417601585388,0.012489020824432373,-0.0008971325005404651,-0.13512925803661346,2.9346728324890137,5974612.5
26.5,46.66828536987305,-0.15994177758693695,0.12297964096069336,876.5411987304688,-0.3053573668003082,1145.737548828125,-0.5453822612762451,1069.936767578125,-0.4775368273258209,1164.47314453125,-0.5631292462348938,0.9299261569976807,0.8463863134384155,0.6470054984092712,0.5627247095108032,0.552924633026123,0.5605570673942566,-0.004867439158260822,-0.009210928343236446,-0.009900144301354885,0.0007043017540127039,0.010301039554178715,0.012820211239159107,3.39030385017395,0.5650506615638733,0.011949880979955196,-0.000879960018210113,-0.132542684674263,2.934431791305542,5974121.5
26.600000381469727,46.65357971191406,-0.14705708622932434,0.1288469284772873,876.5106811523438,-0.30584365129470825,1145.6829833984375,-0.5447625517845154,1069.8890380859375,-0.47750821709632874,1164.4169921875,-0.5610870122909546,0.9294404983520508,0.8454685807228088,0.6460283994674683,0.5628113746643066,0.5539599061012268,0.5618229508399963,-0.004845607094466686,-0.009143201634287834,-0.009643075056374073,0.0010265626478940248,0.01039929874241352,0.01249235961586237,3.397209644317627,0.5662016272544861,0.011342977173626423,-0.0008638792205601931,-0.13012053072452545,2.934190273284912,5973630.0
26.700000762939453,46.64022445678711,-0.13355736434459686,0.13499708473682404,876.4800415039062,-0.30629944801330566,1145.6285400390625,-0.5441491007804871,1069.84130859375,-0.4774484634399414,1164.3609619140625,-0.5591633319854736,0.9289569854736328,0.8445575833320618,0.6450764536857605,0.5629287958145142,0.555001974105835,0.5630519390106201,-0.004824670031666756,-0.009077819064259529,-0.009396892972290516,0.0013198328670114279,0.010436613112688065,0.012084227986633778,3.4037253856658936,0.5672875642776489,0.010664493776857853,-0.0008489402825944126,-0.1278703808784485,2.933948516845703,5973137.5
26.799999237060547,46.6282958984375,-0.11926539987325668,0.14291973412036896,876.4494018554688,-0.30672547221183777,1145.57421875,-0.5435478687286377,1069.7935791015625,-0.4773608148097992,1164.30517578125,-0.5573704838752747,0.928475558757782,0.8436529040336609,0.6441485285758972,0.5630740523338318,0.5560446381568909,0.5642361640930176,-0.0048047336749732494,-0.009015034884214401,-0.00916242878884077,0.001582589466124773,0.010411425493657589,0.011595837771892548,3.409803628921509,0.5683006048202515,0.009901526384055614,-0.0008352080476470292,-0.12580198049545288,2.933706283569336,5972644.5
26.899999618530273,46.617828369140625,-0.10468625277280807,0.1457914561033249,876.418701171875,-0.3071224093437195,1145.5198974609375,-0.5429641604423523,1069.745849609375,-0.4772486090660095,1164.24951171875,-0.5557175874710083,0.927996039390564,0.8427544236183167,0.6432434320449829,0.5632440447807312,0.5570816993713379,0.5653676986694336,-0.0047858781181275845,-0.008955041877925396,-0.008940275758504868,0.0018139185849577188,0.010323852300643921,0.011032040230929852,3.415407180786133,0.5692345499992371,0.00908883847296238,-0.0008227051002904773,-0.12391874194145203,2.9334638118743896,5972151.0
27.0,46.608787536621094,-0.0903918594121933,0.14294390380382538,876.3880004882812,-0.30749112367630005,1145.465576171875,-0.5424013733863831,1069.6981201171875,-0.4771152436733246,1164.1939697265625,-0.5542078614234924,0.9275183081626892,0.8418617844581604,0.6423599720001221,0.5634356141090393,0.5581069588661194,0.566439688205719,-0.004768135026097298,-0.00889790989458561,-0.008730582892894745,0.002014022320508957,0.010176975280046463,0.010405564680695534,3.4205214977264404,0.5700868964195251,0.008264214731752872,-0.0008114063530229032,-0.12221688777208328,2.933220863342285,5971656.5
27.100000381469727,46.60112380981445,-0.07665293663740158,0.13738922774791718,876.3572387695312,-0.3078324794769287,1145.411376953125,-0.541861891746521,1069.650390625,-0.47696396708488464,1164.138671875,-0.5528402924537659,0.9270423650741577,0.840974748134613,0.6414968371391296,0.563645601272583,0.5591148138046265,0.5674465894699097,-0.00475150253623724,-0.00884363055229187,-0.00853320024907589,0.0021838322281837463,0.009975628927350044,0.009732059203088284,3.4251465797424316,0.5708577632904053,0.007446108851581812,-0.0008012642501853406,-0.12068924307823181,2.9329779148101807,5971161.5
27.200000762939453,46.59477233886719,-0.06349683552980423,0.1315610259771347,876.326416015625,-0.30814751982688904,1145.357177734375,-0.5413473844528198,1069.6026611328125,-0.47679784893989563,1164.0833740234375,-0.5516124963760376,0.9265679717063904,0.8400929570198059,0.6406528353691101,0.5638711452484131,0.5601000189781189,0.5683844089508057,-0.004735968075692654,-0.008792166598141193,-0.00834787916392088,0.002324504777789116,0.009724942035973072,0.00902534369379282,3.4292871952056885,0.5715478658676147,0.006638099439442158,-0.0007922288496047258,-0.11932830512523651,2.932734489440918,5970666.5
27.299999237060547,46.58968734741211,-0.05085091292858124,0.1264592409133911,876.2955932617188,-0.3084372580051422,1145.3031005859375,-0.5408596396446228,1069.5550537109375,-0.47661975026130676,1164.0283203125,-0.5505223274230957,0.9260951280593872,0.8392161726951599,0.639826774597168,0.5641093850135803,0.5610579252243042,0.5692504048347473,-0.004721520002931356,-0.008743482641875744,-0.00817437656223774,0.00243714964017272,0.009429589845240116,0.008295678533613682,3.432948589324951,0.5721580982208252,0.005837717559188604,-0.0007842566119506955,-0.1181274950504303,2.9324910640716553,5970170.5
27.399999618530273,46.58580017089844,-0.03889734670519829,0.11953563243150711,876.2647094726562,-0.3087027668952942,1145.2490234375,-0.5403998494148254,1069.50732421875,-0.4764324724674225,1163.9732666015625,-0.5495659112930298,0.9256235957145691,0.838344156742096,0.6390174627304077,0.5643575191497803,0.5619843006134033,0.5700427293777466,-0.004708132240921259,-0.00869751162827015,-0.008012340404093266,0.002523127244785428,0.009094647131860256,0.0075531937181949615,3.436141014099121,0.5726901292800903,0.0050604394637048244,-0.0007772886892780662,-0.11707796156406403,2.9322471618652344,5969674.0
27.5,46.58302307128906,-0.027758195996284485,0.11139151453971863,876.2338256835938,-0.3089452087879181,1145.195068359375,-0.5399684906005859,1069.459716796875,-0.4762384593486786,1163.91845703125,-0.5487375855445862,0.9251534342765808,0.8374765515327454,0.6382238268852234,0.5646129846572876,0.5628753900527954,0.5707606077194214,-0.00469576520845294,-0.008654149249196053,-0.007861278019845486,0.0025841149035841227,0.00872574932873249,0.0068084620870649815,3.438882350921631,0.5731470584869385,0.0043165781535208225,-0.0007712562219239771,-0.11616933345794678,2.9320030212402344,5969177.0
27.600000381469727,46.58127212524414,-0.017521357163786888,0.10236839205026627,876.2029418945312,-0.3091656565666199,1145.14111328125,-0.5395654439926147,1069.412109375,-0.4760400950908661,1163.863525390625,-0.5480301976203918,0.9246844053268433,0.8366132378578186,0.637444794178009,0.5648733973503113,0.5637282133102417,0.5714043974876404,-0.004684365354478359,-0.00861325953155756,-0.007720594294369221,0.002622009953483939,0.008328810334205627,0.006071675103157759,3.441195487976074,0.5735325813293457,0.0036145849153399467,-0.0007660831324756145,-0.11539014428853989,2.9317588806152344,5968680.0
27.700000762939453,46.580467224121094,-0.008059252984821796,0.09462104737758636,876.1719970703125,-0.3093653619289398,1145.087158203125,-0.5391907095909119,1069.364501953125,-0.47583937644958496,1163.808837890625,-0.5474368929862976,0.9242165088653564,0.835753858089447,0.6366793513298035,0.5651364922523499,0.5645402073860168,0.5719752907752991,-0.004673882387578487,-0.008574713952839375,-0.007589718792587519,0.002638606820255518,0.007909131236374378,0.005350058898329735,3.443103313446045,0.5738505125045776,0.0029478699434548616,-0.0007617040537297726,-0.11473055183887482,2.9315145015716553,5968182.5
27.799999237060547,46.58055114746094,0.0008643986657261848,0.08923651278018951,876.1410522460938,-0.30954545736312866,1145.033203125,-0.5388445854187012,1069.3170166015625,-0.4756382405757904,1163.7540283203125,-0.5469527244567871,0.9237496256828308,0.8348981738090515,0.6359264850616455,0.5654003024101257,0.5653092265129089,0.5724748969078064,-0.0046642799861729145,-0.00853842031210661,-0.007468224037438631,0.0026353097055107355,0.007470664102584124,0.004646219313144684,3.4446206092834473,0.5741034150123596,0.002302676672115922,-0.000758073409087956,-0.1141836941242218,2.931270122528076,5967685.0
27.899999618530273,46.58147430419922,0.00922896433621645,0.08364565670490265,876.110107421875,-0.3097071051597595,1144.9793701171875,-0.538527250289917,1069.2694091796875,-0.4754384160041809,1163.699462890625,-0.5465730428695679,0.9232836365699768,0.8340460658073425,0.6351853013038635,0.5656628012657166,0.566033661365509,0.5729050636291504,-0.004655526019632816,-0.0085042929276824,-0.007355709094554186,0.0026134292129427195,0.007016897667199373,0.003961725160479546,3.4457621574401855,0.5742936730384827,0.0016831179382279515,-0.0007551439921371639,-0.11374244838953018,2.931025505065918,5967187.0
28.0,46.58320236206055,0.017287487164139748,0.08058521896600723,876.0791015625,-0.3098515272140503,1144.925537109375,-0.5382395386695862,1069.221923828125,-0.4752415120601654,1163.644775390625,-0.5462949872016907,0.9228184819221497,0.8331972360610962,0.6344549655914307,0.5659222602844238,0.5667120218276978,0.5732676982879639,-0.004647599067538977,-0.008472276851534843,-0.007251893635839224,0.00257394858635962,0.006550246849656105,0.003295296337455511,3.4465365409851074,0.5744227766990662,0.0010726125910878181,-0.0007528896676376462,-0.11340289562940598,2.9307806491851807,5966688.5
28.100000381469727,46.58572769165039,0.02523861639201641,0.07951129972934723,876.0481567382812,-0.3099798262119293,1144.8717041015625,-0.5379825830459595,1069.17431640625,-0.47504907846450806,1163.590087890625,-0.5461176633834839,0.9223541021347046,0.8323515057563782,0.6337345838546753,0.5661768913269043,0.5673431754112244,0.5735644698143005,-0.004640497267246246,-0.008442362770438194,-0.007156660780310631,0.0025174219626933336,0.006071838550269604,0.0026426496915519238,3.446944236755371,0.5744907259941101,0.00045919447438791394,-0.0007513010059483349,-0.11316360533237457,2.9305357933044434,5966190.0
28.200000762939453,46.58901596069336,0.032875362783670425,0.07636746019124985,876.0171508789062,-0.3100931942462921,1144.81787109375,-0.537757396697998,1069.1268310546875,-0.474862664937973,1163.5355224609375,-0.5460394024848938,0.9218903183937073,0.8315086960792542,0.6330233216285706,0.566425085067749,0.5679259300231934,0.5737965106964111,-0.00463420944288373,-0.008414519019424915,-0.007069815881550312,0.002444584621116519,0.005583253689110279,0.0020022946409881115,3.4469900131225586,0.5744983553886414,-0.00014124697190709412,-0.0007503513479605317,-0.11302056908607483,2.930290937423706,5965691.0
28.299999237060547,46.593048095703125,0.04034148156642914,0.07466118037700653,875.9861450195312,-0.3101927936077118,1144.76416015625,-0.5375649333000183,1069.079345703125,-0.47468364238739014,1163.48095703125,-0.5460586547851562,0.9214271903038025,0.8306685090065002,0.6323202848434448,0.5666651725769043,0.5684593915939331,0.5739651322364807,-0.004628726281225681,-0.008388718590140343,-0.006991188041865826,0.0023561003617942333,0.0050858017057180405,0.001372618949972093,3.4466774463653564,0.5744462013244629,-0.0007391009130515158,-0.0007500260253436863,-0.11297156661748886,2.9300458431243896,5965192.5
28.399999618530273,46.59782409667969,0.047768715769052505,0.07427234202623367,875.955078125,-0.3102796971797943,1144.71044921875,-0.5374063849449158,1069.031982421875,-0.4745135009288788,1163.42626953125,-0.5461753010749817,0.9209645986557007,0.8298308849334717,0.6316247582435608,0.5668956637382507,0.5689427256584167,0.5740711092948914,-0.004624050576239824,-0.0083649642765522,-0.006920711137354374,0.002252351725474,0.0045799752697348595,0.0007502470398321748,3.4460043907165527,0.5743340849876404,-0.0013423595810309052,-0.0007503213710151613,-0.1130160540342331,2.9298007488250732,5964693.5
28.5,46.60335922241211,0.05533803626894951,0.07569320499897003,875.924072265625,-0.3103550970554352,1144.6566162109375,-0.5372836589813232,1068.9844970703125,-0.4743536114692688,1163.3717041015625,-0.5463911294937134,0.9205023646354675,0.8289954662322998,0.6309358477592468,0.5671150088310242,0.5693749785423279,0.5741150379180908,-0.004620199091732502,-0.008343293331563473,-0.006858448497951031,0.002133395057171583,0.004065364599227905,0.00012999940372537822,3.4449634552001953,0.5741605758666992,-0.001962971640750766,-0.0007512489100918174,-0.11315575987100601,2.9295554161071777,5964194.0
28.600000381469727,46.60966491699219,0.06305864453315735,0.07720611989498138,875.8930053710938,-0.31042003631591797,1144.6029052734375,-0.5371987223625183,1068.93701171875,-0.4742054343223572,1163.3170166015625,-0.5467084646224976,0.920040488243103,0.8281621336936951,0.6302527189254761,0.5673217177391052,0.5697553157806396,0.5740967988967896,-0.004617194179445505,-0.00832375604659319,-0.006804508622735739,0.0019991695880889893,0.0035412791185081005,-0.0004929436836391687,3.4435439109802246,0.5739240050315857,-0.0026008214335888624,-0.0007528208661824465,-0.11339253187179565,2.9293103218078613,5963695.0
28.700000762939453,46.61675262451172,0.07088693976402283,0.0782829001545906,875.8619995117188,-0.3104756474494934,1144.5491943359375,-0.5371534824371338,1068.8896484375,-0.4740704298019409,1163.2623291015625,-0.5471293330192566,0.9195789098739624,0.8273305892944336,0.6295745968818665,0.5675142407417297,0.5700827836990356,0.5740159749984741,-0.004615054000169039,-0.008306393399834633,-0.0067589739337563515,0.0018496770644560456,0.003007253399118781,-0.0011216843267902732,3.441736936569214,0.5736228227615356,-0.0032528573647141457,-0.0007550458540208638,-0.11372767388820648,2.929064989089966,5963195.5
28.799999237060547,46.624610900878906,0.07857158035039902,0.07684644311666489,875.8309326171875,-0.31052300333976746,1144.4954833984375,-0.53714919090271,1068.84228515625,-0.4739500880241394,1163.2076416015625,-0.5476536154747009,0.9191174507141113,0.8265007138252258,0.6289005875587463,0.5676910281181335,0.5703563690185547,0.5738720297813416,-0.004613781347870827,-0.008291208185255527,-0.0067217727191746235,0.001685300376266241,0.002463902346789837,-0.001755337230861187,3.4395406246185303,0.57325679063797,-0.00390138803049922,-0.0007579116499982774,-0.11415932327508926,2.9288196563720703,5962696.0
28.899999618530273,46.63323211669922,0.08619283139705658,0.07621250301599503,875.7998657226562,-0.31056320667266846,1144.4417724609375,-0.5371870994567871,1068.7947998046875,-0.47384586930274963,1163.15283203125,-0.5482808947563171,0.9186561107635498,0.8256722688674927,0.6282299160957336,0.5678507089614868,0.5705751776695251,0.5736645460128784,-0.004613376222550869,-0.00827819388359785,-0.0066928137093782425,0.0015064622275531292,0.0019119263160973787,-0.002392873400822282,3.4369547367095947,0.5728257894515991,-0.004552565515041351,-0.000761412491556257,-0.11468663811683655,2.928574323654175,5962196.5
29.0,46.64262008666992,0.09390831738710403,0.07715482264757156,875.768798828125,-0.31059733033180237,1144.3880615234375,-0.5372686386108398,1068.7474365234375,-0.47375914454460144,1163.097900390625,-0.549012303352356,0.9181947112083435,0.824845016002655,0.6275616884231567,0.5679917335510254,0.5707383155822754,0.5733929872512817,-0.004613849334418774,-0.008267374709248543,-0.006672110874205828,0.0013133131433278322,0.001351259183138609,-0.0030356969218701124,3.433973789215088,0.5723289847373962,-0.005216440185904503,-0.000765556120313704,-0.11531075835227966,2.9283287525177,5961697.0
29.100000381469727,46.65277862548828,0.10158198326826096,0.07673666626214981,875.7377319335938,-0.31062644720077515,1144.3343505859375,-0.5373952984809875,1068.7000732421875,-0.4736913740634918,1163.04296875,-0.5498483180999756,0.9177333116531372,0.8240187168121338,0.6268951296806335,0.5681127905845642,0.5708450078964233,0.5730569362640381,-0.004615207202732563,-0.008258762769401073,-0.0066596330143511295,0.0011061102850362659,0.000782147457357496,-0.003683878108859062,3.4305942058563232,0.5717657208442688,-0.0058824424631893635,-0.0007703386363573372,-0.11603111773729324,2.9280834197998047,5961197.0
29.200000762939453,46.6636848449707,0.10904263705015182,0.07460656017065048,875.7067260742188,-0.31065160036087036,1144.2806396484375,-0.5375677347183228,1068.6527099609375,-0.4736439287662506,1162.9879150390625,-0.5507874488830566,0.9172716736793518,0.8231931924819946,0.6262294054031372,0.5682123899459839,0.5708944201469421,0.5726559162139893,-0.004617441911250353,-0.008252331987023354,-0.006655213888734579,0.0008854419575072825,0.0002057433157460764,-0.004334640223532915,3.4268195629119873,0.5711365938186646,-0.006538729649037123,-0.0007757419953122735,-0.11684499680995941,2.927838087081909,5960697.5
29.299999237060547,46.67534255981445,0.11659909784793854,0.07556461542844772,875.6756591796875,-0.3106738328933716,1144.226806640625,-0.5377873182296753,1068.6053466796875,-0.47361811995506287,1162.932861328125,-0.5518301129341125,0.9168097376823425,0.8223681449890137,0.6255637407302856,0.5682893395423889,0.5708857774734497,0.5721896886825562,-0.004620557650923729,-0.008248090744018555,-0.0066588143818080425,0.0006515668937936425,-0.00037775366217829287,-0.004988593049347401,3.4226467609405518,0.5704411268234253,-0.007206873036921024,-0.0007817739970050752,-0.11775355786085129,2.9275925159454346,5960198.0
29.399999618530273,46.68777847290039,0.12432820349931717,0.07729104161262512,875.64453125,-0.31069421768188477,1144.173095703125,-0.5380557179450989,1068.5579833984375,-0.47361528873443604,1162.8775634765625,-0.5529782176017761,0.9163475036621094,0.8215434551239014,0.6248973608016968,0.5683422088623047,0.5708184838294983,0.5716577172279358,-0.004624572582542896,-0.008246079087257385,-0.0066705080680549145,0.00040445500053465366,-0.0009689245489425957,-0.005648489110171795,3.418067455291748,0.5696778893470764,-0.007890379056334496,-0.0007884488441050053,-0.11875894665718079,2.92734694480896,5959698.0
29.5,46.70099639892578,0.1321944296360016,0.07866226881742477,875.6134643554688,-0.3107137680053711,1144.1192626953125,-0.5383746027946472,1068.5106201171875,-0.47363683581352234,1162.822265625,-0.5542334318161011,0.915884792804718,0.8207188844680786,0.6242293119430542,0.5683696866035461,0.5706916451454163,0.5710594058036804,-0.004629503469914198,-0.008246331475675106,-0.006690359674394131,0.0001441005733795464,-0.0015682373195886612,-0.00631618220359087,3.4130733013153076,0.5688455700874329,-0.008586316369473934,-0.0007957778288982809,-0.119862861931324,2.9271016120910645,5959198.0
29.600000381469727,46.71499252319336,0.13995710015296936,0.07762674987316132,875.5823974609375,-0.31073346734046936,1144.0653076171875,-0.5387449860572815,1068.4632568359375,-0.47368407249450684,1162.7667236328125,-0.5555956363677979,0.9154215455055237,0.8198941349983215,0.6235589385032654,0.5683704614639282,0.5705044865608215,0.5703940391540527,-0.0046353512443602085,-0.008248846977949142,-0.006718285381793976,-0.0001291378866881132,-0.0021751252934336662,-0.006989988964051008,3.4076638221740723,0.5679439902305603,-0.00927780568599701,-0.0008037521038204432,-0.12106397747993469,2.92685604095459,5958698.5
29.700000762939453,46.72972869873047,0.14735940098762512,0.07402294874191284,875.5513305664062,-0.3107543885707855,1144.011474609375,-0.5391671657562256,1068.4158935546875,-0.4737582802772522,1162.7110595703125,-0.5570616722106934,0.9149577021598816,0.819068968296051,0.6228853464126587,0.5683433413505554,0.5702562928199768,0.5696612000465393,-0.004642092157155275,-0.008253565058112144,-0.006753997877240181,-0.00041440094355493784,-0.002787669887766242,-0.007664377801120281,3.401848554611206,0.5669747591018677,-0.009947443380951881,-0.0008123413426801562,-0.12235771864652634,2.9266104698181152,5958198.5
29.799999237060547,46.74515914916992,0.15432941913604736,0.06970024853944778,875.520263671875,-0.310777485370636,1143.95751953125,-0.5396408438682556,1068.3685302734375,-0.4738606810569763,1162.6552734375,-0.5586270689964294,0.9144931435585022,0.8182433247566223,0.6222078204154968,0.5682871341705322,0.5699467658996582,0.568861186504364,-0.004649693146348,-0.008260396309196949,-0.006797104142606258,-0.0007105863769538701,-0.0034033788833767176,-0.008332987315952778,3.3956425189971924,0.5659404397010803,-0.010590333491563797,-0.0008215091656893492,-0.1237386092543602,2.9263648986816406,5957698.5
29.899999618530273,46.76121139526367,0.16051287949085236,0.06183451786637306,875.4891967773438,-0.31080374121665955,1143.903564453125,-0.540164589881897,1068.3211669921875,-0.4739921987056732,1162.599365234375,-0.5602842569351196,0.914027750492096,0.8174168467521667,0.6215256452560425,0.5682008266448975,0.5695756077766418,0.5679950714111328,-0.004658094607293606,-0.008269193582236767,-0.006846994161605835,-0.0010160726960748434,-0.0040184510871768,-0.008986378088593483,3.389071464538574,0.5648452639579773,-0.011181180365383625,-0.0008311896817758679,-0.12519672513008118,2.926119327545166,5957198.5
30.0,46.77779769897461,0.165846586227417,0.05333705246448517,875.4581298828125,-0.3108341693878174,1143.8494873046875,-0.5407366156578064,1068.273681640625,-0.47415369749069214,1162.543212890625,-0.562023937702179,0.9135614633560181,0.8165894150733948,0.6208381652832031,0.5680835843086243,0.5691432356834412,0.5670647621154785,-0.004667222499847412,-0.00827977154403925,-0.006902931723743677,-0.0013289571506902575,-0.004628497641533613,-0.00961476843804121,3.3821682929992676,0.5636947154998779,-0.011715914122760296,-0.0008413115865550935,-0.1267213225364685,2.9258737564086914,5956699.0
30.100000381469727,46.794837951660156,0.1703951209783554,0.04548542946577072,875.427001953125,-0.31086963415145874,1143.79541015625,-0.541354775428772,1068.226318359375,-0.47434571385383606,1162.4869384765625,-0.563836932182312,0.9130942821502686,0.8157607913017273,0.6201448440551758,0.5679348111152649,0.5686502456665039,0.5660732388496399,-0.004677005112171173,-0.008291949518024921,-0.006964199710637331,-0.0016474181320518255,-0.005229557398706675,-0.010211032815277576,3.374965190887451,0.5624942183494568,-0.012197830714285374,-0.000851808930747211,-0.1283024698495865,2.925628185272217,5956198.5
30.200000762939453,46.81224060058594,0.1740465611219406,0.036514345556497574,875.3959350585938,-0.3109110891819,1143.7412109375,-0.5420166850090027,1068.1788330078125,-0.474568635225296,1162.4305419921875,-0.5657133460044861,0.9126260280609131,0.8149309754371643,0.6194451451301575,0.5677539706230164,0.5680977702140808,0.5650240182876587,-0.004687362350523472,-0.00830552913248539,-0.007030030712485313,-0.001969540026038885,-0.005817582830786705,-0.01076855044811964,3.367497205734253,0.5612495541572571,-0.012617920525372028,-0.0008626064518466592,-0.1299288272857666,2.925382614135742,5955698.5
30.299999237060547,46.82990264892578,0.17660072445869446,0.02554163709282875,875.3648681640625,-0.3109593093395233,1143.68701171875,-0.5427191853523254,1068.13134765625,-0.4748225510120392,1162.373779296875,-0.5676413178443909,0.9121567606925964,0.8140996694564819,0.6187387108802795,0.5675408244132996,0.5674874186515808,0.563921332359314,-0.004698200151324272,-0.008320274762809277,-0.007099516689777374,-0.0022930956911295652,-0.006387847475707531,-0.011279251426458359,3.359807252883911,0.5599678754806519,-0.012962128967046738,-0.000873612065333873,-0.13158653676509857,2.9251368045806885,5955198.5
30.399999618530273,46.847713470458984,0.17810729146003723,0.015065642073750496,875.333740234375,-0.31101515889167786,1143.6326904296875,-0.5434588193893433,1068.0838623046875,-0.4751073718070984,1162.3170166015625,-0.5696086287498474,0.9116864204406738,0.8132668733596802,0.6180251240730286,0.5672953724861145,0.5668210983276367,0.5627702474594116,-0.00470941886305809,-0.008335942402482033,-0.007171731907874346,-0.0026158501859754324,-0.006935813929885626,-0.011736513115465641,3.3519389629364014,0.5586565136909485,-0.013233719393610954,-0.0008847377612255514,-0.13326232135295868,2.924891233444214,5954698.0
30.5,46.86558151245117,0.17871564626693726,0.006083599291741848,875.3026123046875,-0.31107938289642334,1143.5782470703125,-0.5442323088645935,1068.036376953125,-0.475422739982605,1162.2598876953125,-0.571604311466217,0.9112148880958557,0.8124324679374695,0.617304265499115,0.5670177936553955,0.5661012530326843,0.5615763068199158,-0.00472092954441905,-0.008352312259376049,-0.007245845627039671,-0.002935846569016576,-0.007457889150828123,-0.012137128971517086,3.343932628631592,0.5573221445083618,-0.013441693037748337,-0.0008959081023931503,-0.1349448412656784,2.92464542388916,5954198.0
30.600000381469727,46.88341522216797,0.17830288410186768,-0.004127620719373226,875.2715454101562,-0.3111526072025299,1143.5238037109375,-0.5450361371040344,1067.98876953125,-0.4757680892944336,1162.20263671875,-0.5736168622970581,0.9107422232627869,0.8115963935852051,0.6165759563446045,0.5667083859443665,0.5653306841850281,0.5603452324867249,-0.004732639063149691,-0.00836915336549282,-0.007320996839553118,-0.003251083893701434,-0.007950490340590477,-0.012477790005505085,3.335829973220825,0.5559716820716858,-0.013576577417552471,-0.0009070372325368226,-0.1366211473941803,2.9243996143341064,5953697.5
30.700000762939453,46.90114212036133,0.1772857904434204,-0.010170887224376202,875.2404174804688,-0.3112354874610901,1143.46923828125,-0.5458673238754272,1067.941162109375,-0.47614267468452454,1162.1451416015625,-0.5756374001502991,0.9102683663368225,0.8107585906982422,0.6158400774002075,0.5663678050041199,0.5645124316215515,0.559083104133606,-0.0047444747760891914,-0.008386286906898022,-0.00739652244374156,-0.0035600904375314713,-0.008411618880927563,-0.012760031968355179,3.3276634216308594,0.554610550403595,-0.013666562736034393,-0.0009180742199532688,-0.13828358054161072,2.9241538047790527,5953197.0
30.799999237060547,46.91876220703125,0.17620311677455902,-0.010826772078871727,875.2092895507812,-0.31132856011390686,1143.4146728515625,-0.5467243194580078,1067.8935546875,-0.47654563188552856,1162.0875244140625,-0.577662467956543,0.9097933173179626,0.8099191188812256,0.6150966286659241,0.5659966468811035,0.563649594783783,0.5577952265739441,-0.004756406880915165,-0.008403639309108257,-0.007472153753042221,-0.00386239355430007,-0.008842045441269875,-0.01299299020320177,3.319446325302124,0.5532410740852356,-0.013745744712650776,-0.0009290135349147022,-0.13993129134178162,2.92390775680542,5952696.0
30.899999618530273,46.936283111572266,0.17519286274909973,-0.010102570056915283,875.1781616210938,-0.3114323318004608,1143.3599853515625,-0.5476065278053284,1067.845947265625,-0.4769762456417084,1162.0296630859375,-0.5796912908554077,0.9093170762062073,0.8090778589248657,0.6143456101417542,0.5655956268310547,0.5627451539039612,0.5564860105514526,-0.004768427927047014,-0.008421191945672035,-0.007547817192971706,-0.0041580162942409515,-0.009243790060281754,-0.013187468983232975,3.3111822605133057,0.5518637299537659,-0.013821594417095184,-0.0009398609981872141,-0.14156517386436462,2.923661708831787,5952195.5
31.0,46.95370101928711,0.1741941273212433,-0.009987309575080872,875.14697265625,-0.311547189950943,1143.30517578125,-0.5485131144523621,1067.7982177734375,-0.4774336814880371,1161.9715576171875,-0.5817229747772217,0.9088395833969116,0.8082348704338074,0.6135870814323425,0.5651653409004211,0.5618019104003906,0.5551589727401733,-0.0047805290669202805,-0.00843892339617014,-0.0076234410516917706,-0.004446980077773333,-0.009618701413273811,-0.013351546600461006,3.302874803543091,0.5504791140556335,-0.013890373520553112,-0.0009506174828857183,-0.14318536221981049,2.9234156608581543,5951694.0
31.100000381469727,46.97105407714844,0.17351607978343964,-0.006780543830245733,875.1158447265625,-0.31167352199554443,1143.250244140625,-0.5494441390037537,1067.7503662109375,-0.47791731357574463,1161.913330078125,-0.5837588906288147,0.9083609580993652,0.8073900938034058,0.6128209233283997,0.5647064447402954,0.5608223676681519,0.553816556930542,-0.004792720079421997,-0.008456856943666935,-0.007699111942201853,-0.004729697946459055,-0.009969557635486126,-0.013494637794792652,3.2945194244384766,0.5490865707397461,-0.0139735396951437,-0.0009613097063265741,-0.14479586482048035,2.9231693744659424,5951193.0
31.200000762939453,46.988380432128906,0.17328035831451416,-0.0023572042118757963,875.0846557617188,-0.3118116557598114,1143.1951904296875,-0.5503999590873718,1067.70263671875,-0.4784265160560608,1161.8548583984375,-0.585802435874939,0.9078810811042786,0.8065434694290161,0.6120472550392151,0.56421959400177,0.5598087906837463,0.5524604320526123,-0.004805026575922966,-0.008475054055452347,-0.007775059901177883,-0.005006927996873856,-0.01029987819492817,-0.013626748695969582,3.286104917526245,0.5476841926574707,-0.01407846063375473,-0.0009719748632051051,-0.1464022845029831,2.9229230880737305,5950691.5
31.299999237060547,47.00572967529297,0.17347514629364014,0.0019478780450299382,875.053466796875,-0.3119618892669678,1143.14013671875,-0.5513814091682434,1067.65478515625,-0.47896087169647217,1161.796142578125,-0.587857186794281,0.9073999524116516,0.8056950569152832,0.6112658977508545,0.5637052655220032,0.5587630867958069,0.5510913133621216,-0.004817476961761713,-0.008493584580719471,-0.007851537317037582,-0.005279469769448042,-0.010613076388835907,-0.013755920343101025,3.277618408203125,0.5462697744369507,-0.014204764738678932,-0.0009826489258557558,-0.1480100452899933,2.9226768016815186,5950190.0
31.399999618530273,47.0230827331543,0.17353695631027222,0.0006181291537359357,875.0222778320312,-0.31212449073791504,1143.0849609375,-0.552388072013855,1067.6068115234375,-0.47951996326446533,1161.7373046875,-0.5899227857589722,0.9069175720214844,0.8048447370529175,0.6104769110679626,0.5631638765335083,0.5576868057250977,0.5497093796730042,-0.004830066580325365,-0.008512437343597412,-0.007928501814603806,-0.005547374486923218,-0.010910294018685818,-0.013882036320865154,3.269061803817749,0.5448436141014099,-0.014316286891698837,-0.000993320718407631,-0.14961746335029602,2.9224300384521484,5949688.0
31.5,47.04042053222656,0.1733776181936264,-0.0015933429822325706,874.9910278320312,-0.3122996389865875,1143.0296630859375,-0.5534186959266663,1067.558837890625,-0.48010340332984924,1161.67822265625,-0.5919966101646423,0.9064339399337769,0.8039925694465637,0.60968017578125,0.5625959634780884,0.5565816164016724,0.548315167427063,-0.004842773079872131,-0.008531555533409119,-0.008005746640264988,-0.0058102793991565704,-0.011191464960575104,-0.01400167215615511,3.2604448795318604,0.5434074401855469,-0.01440998911857605,-0.0010039713233709335,-0.15122170746326447,2.9221835136413574,5949185.5
31.600000381469727,47.05770492553711,0.17285974323749542,-0.005178784020245075,874.9597778320312,-0.31248754262924194,1142.9742431640625,-0.5544718503952026,1067.5107421875,-0.4807107448577881,1161.618896484375,-0.5940748453140259,0.9059489965438843,0.8031384348869324,0.6088757514953613,0.5620020627975464,0.5554491877555847,0.546909511089325,-0.004855564795434475,-0.008550862781703472,-0.008082983084022999,-0.006067625246942043,-0.011455961503088474,-0.014110511168837547,3.251781940460205,0.5419636368751526,-0.014477008022367954,-0.0010145707055926323,-0.1528182327747345,2.921936511993408,5948683.0
31.700000762939453,47.074893951416016,0.17188216745853424,-0.009775817394256592,874.9285278320312,-0.31268835067749023,1142.9188232421875,-0.5555456876754761,1067.462646484375,-0.4813414514064789,1161.559326171875,-0.5961525440216064,0.9054628014564514,0.8022823929786682,0.6080636382102966,0.5613827109336853,0.5542911887168884,0.5454937219619751,-0.0048684002831578255,-0.00857025571167469,-0.00815984234213829,-0.006318661384284496,-0.011702636256814003,-0.01420357171446085,3.243091583251953,0.5405152440071106,-0.014511195942759514,-0.0010250800987705588,-0.15440116822719574,2.921689748764038,5948180.5
31.799999237060547,47.0919075012207,0.17013420164585114,-0.0174795500934124,874.8972778320312,-0.3129022419452667,1142.8631591796875,-0.5566374659538269,1067.41455078125,-0.4819948971271515,1161.4996337890625,-0.5982222557067871,0.9049753546714783,0.8014243841171265,0.6072438359260559,0.5607386231422424,0.5531094670295715,0.544069766998291,-0.004881218541413546,-0.00858958438038826,-0.00823577493429184,-0.006562198977917433,-0.01192917674779892,-0.014273245818912983,3.234401226043701,0.5390669107437134,-0.014492608606815338,-0.00103543431032449,-0.15596076846122742,2.9214425086975098,5947677.0
31.899999618530273,47.10868835449219,0.16780751943588257,-0.02326686680316925,874.865966796875,-0.3131292760372162,1142.8074951171875,-0.557744562625885,1067.3663330078125,-0.48267024755477905,1161.439697265625,-0.6002769470214844,0.9044865965843201,0.8005644679069519,0.6064165234565735,0.5600706338882446,0.5519062280654907,0.5426402688026428,-0.004893960896879435,-0.008608706295490265,-0.008310267701745033,-0.006797158159315586,-0.012133665382862091,-0.014314509928226471,3.2257375717163086,0.5376229286193848,-0.014434521086513996,-0.0010455845622345805,-0.15748964250087738,2.9211952686309814,5947173.5
32.0,47.12520217895508,0.1651308536529541,-0.026766715571284294,874.8346557617188,-0.3133695125579834,1142.7515869140625,-0.5588648915290833,1067.3179931640625,-0.4833666682243347,1161.3795166015625,-0.602311909198761,0.9039965271949768,0.7997026443481445,0.6055818796157837,0.5593795776367188,0.5506836771965027,0.5412080883979797,-0.004906587302684784,-0.008627521805465221,-0.008382970467209816,-0.007022886537015438,-0.012315421365201473,-0.014326895587146282,3.217118501663208,0.5361863970756531,-0.014350329525768757,-0.001055501401424408,-0.15898333489894867,2.920947790145874,5946670.0
32.099998474121094,47.141422271728516,0.16222205758094788,-0.029087897390127182,874.8032836914062,-0.31362298130989075,1142.6956787109375,-0.5599967241287231,1067.2696533203125,-0.4840831756591797,1161.3192138671875,-0.6043237447738647,0.903505265712738,0.7988389730453491,0.6047400236129761,0.5586664080619812,0.5494440793991089,0.5397760272026062,-0.004919068422168493,-0.008645961992442608,-0.00845364574342966,-0.007239012513309717,-0.01247453037649393,-0.01431221142411232,3.20855712890625,0.534759521484375,-0.014246615581214428,-0.0010651650372892618,-0.1604389101266861,2.9207000732421875,5946165.5
32.20000076293945,47.157352447509766,0.15930874645709991,-0.029133077710866928,874.7719116210938,-0.31388965249061584,1142.6396484375,-0.5611389875411987,1067.22119140625,-0.48481884598731995,1161.2586669921875,-0.6063110828399658,0.903012752532959,0.7979735136032104,0.6038911938667297,0.5579321384429932,0.548189640045166,0.5383466482162476,-0.004931391216814518,-0.008663995191454887,-0.008522197604179382,-0.007445524912327528,-0.012612028047442436,-0.014274747110903263,3.200059413909912,0.5333431959152222,-0.014137614518404007,-0.001074574887752533,-0.1618562638759613,2.920452117919922,5945661.0
32.29999923706055,47.17295837402344,0.15604805946350098,-0.03260684385895729,874.740478515625,-0.3141694664955139,1142.58349609375,-0.5622898936271667,1067.172607421875,-0.4855727255344391,1161.197998046875,-0.6082708835601807,0.9025189876556396,0.7971062064170837,0.6030356884002686,0.557177722454071,0.5469225645065308,0.5369220972061157,-0.0049435291439294815,-0.008681554347276688,-0.008588406257331371,-0.007642101030796766,-0.012728004716336727,-0.014215025119483471,3.1916375160217285,0.5319396257400513,-0.014000901021063328,-0.0010837017325684428,-0.1632309854030609,2.920203924179077,5945155.5
32.400001525878906,47.18815994262695,0.1520182341337204,-0.04029839485883713,874.7091064453125,-0.3144623339176178,1142.5272216796875,-0.5634466409683228,1067.1240234375,-0.48634377121925354,1161.1370849609375,-0.610196053981781,0.9020240306854248,0.7962372303009033,0.6021736264228821,0.556404173374176,0.545644998550415,0.5355048775672913,-0.0049554225988686085,-0.008698497898876667,-0.008651765063405037,-0.007827711291611195,-0.012820586562156677,-0.014127448201179504,3.1833183765411377,0.5305531024932861,-0.013811493292450905,-0.001092480611987412,-0.16455328464508057,2.9199554920196533,5944650.0
32.5,47.20287322998047,0.1471165418624878,-0.04901685565710068,874.6776123046875,-0.31476813554763794,1142.470703125,-0.564605712890625,1067.0753173828125,-0.4871308207511902,1161.075927734375,-0.6120775938034058,0.9015279412269592,0.7953665256500244,0.6013054847717285,0.5556126832962036,0.5443595051765442,0.5340981483459473,-0.004966997541487217,-0.008714644238352776,-0.008711637929081917,-0.008001011796295643,-0.012887117452919483,-0.014005005359649658,3.175135612487793,0.5291892290115356,-0.01356431283056736,-0.001100837835110724,-0.16581207513809204,2.9197070598602295,5944144.0
32.599998474121094,47.21698760986328,0.14114874601364136,-0.05967797338962555,874.6461181640625,-0.31508669257164,1142.4141845703125,-0.565762996673584,1067.026611328125,-0.4879325032234192,1161.0146484375,-0.613905131816864,0.9010306596755981,0.7944943308830261,0.600431501865387,0.5548045635223389,0.5430687665939331,0.5327057242393494,-0.00497816689312458,-0.008729780092835426,-0.008767273277044296,-0.00816040113568306,-0.012924340553581715,-0.01383991539478302,3.167128324508667,0.5278547406196594,-0.01324690505862236,-0.0011086834128946066,-0.16699381172657013,2.9194581508636475,5943637.5
32.70000076293945,47.23040008544922,0.13413062691688538,-0.07018110901117325,874.6146240234375,-0.3154178261756897,1142.357666015625,-0.5669140815734863,1066.977783203125,-0.4887472987174988,1160.953125,-0.615667462348938,0.9005323052406311,0.7936206459999084,0.5995522141456604,0.5539812445640564,0.5417760014533997,0.5313323140144348,-0.0049888379871845245,-0.008743681944906712,-0.008817890658974648,-0.008304229006171227,-0.01292900089174509,-0.0136255556717515,3.1593387126922607,0.5265564322471619,-0.012860416434705257,-0.0011159286368638277,-0.16808509826660156,2.9192090034484863,5943130.5
32.79999923706055,47.24302673339844,0.12626676261425018,-0.07863868027925491,874.5830688476562,-0.3157612085342407,1142.3009033203125,-0.5680548548698425,1066.9288330078125,-0.4895734488964081,1160.8914794921875,-0.6173551678657532,0.9000329375267029,0.7927456498146057,0.5986681580543518,0.5531443953514099,0.5404844284057617,0.5299829244613647,-0.00499893119558692,-0.008756155148148537,-0.008862818591296673,-0.008431142196059227,-0.012898792512714863,-0.013359072618186474,3.1518027782440186,0.5253004431724548,-0.012416803278028965,-0.0011225019115954638,-0.16907520592212677,2.918959856033325,5942622.5
32.900001525878906,47.254817962646484,0.117915078997612,-0.08351684361696243,874.5514526367188,-0.3161165714263916,1142.2440185546875,-0.5691820979118347,1066.8798828125,-0.49040913581848145,1160.8297119140625,-0.61896151304245,0.8995325565338135,0.7918694615364075,0.5977799296379089,0.5522957444190979,0.5391976833343506,0.5286626815795898,-0.005008389241993427,-0.008767064660787582,-0.008901610039174557,-0.008540365844964981,-0.0128330634906888,-0.013042805716395378,3.1445465087890625,0.5240910649299622,-0.011936997063457966,-0.0011283622588962317,-0.16995790600776672,2.918710231781006,5942114.5
33.0,47.2657585144043,0.10940345376729965,-0.08511631190776825,874.5198364257812,-0.3164834976196289,1142.18701171875,-0.5702933073043823,1066.830810546875,-0.49125251173973083,1160.7677001953125,-0.6204832196235657,0.8990312814712524,0.7909923195838928,0.5968881249427795,0.5514370203018188,0.537919282913208,0.5273762941360474,-0.005017181858420372,-0.008776336908340454,-0.008934054523706436,-0.008631723932921886,-0.012732789851725101,-0.012683331966400146,3.1375842094421387,0.5229306817054749,-0.011439759284257889,-0.0011334961745887995,-0.17073118686676025,2.9184601306915283,5941605.5
33.099998474121094,47.275856018066406,0.10096513479948044,-0.08438311517238617,874.4881591796875,-0.3168615996837616,1142.1298828125,-0.5713868141174316,1066.7816162109375,-0.49210166931152344,1160.70556640625,-0.6219194531440735,0.8985291123390198,0.7901142835617065,0.5959933400154114,0.5505701303482056,0.5366525053977966,0.5261276364326477,-0.005025298334658146,-0.008783950470387936,-0.008960127830505371,-0.008705496788024902,-0.012600098736584187,-0.012289325706660748,3.130920648574829,0.5218201279640198,-0.010938487015664577,-0.0011379097122699022,-0.17139597237110138,2.918210029602051,5941096.0
33.20000076293945,47.28515625,0.09298814088106155,-0.07977000623941422,874.4564208984375,-0.31725040078163147,1142.07275390625,-0.5724619030952454,1066.732421875,-0.49295493960380554,1160.643310546875,-0.6232725977897644,0.8980262279510498,0.7892355918884277,0.5950963497161865,0.5496966242790222,0.5354004502296448,0.5249195694923401,-0.005032755434513092,-0.008789949119091034,-0.008980046957731247,-0.008762558922171593,-0.012438591569662094,-0.011872363276779652,3.124549150466919,0.5207582116127014,-0.01045678835362196,-0.0011416421039029956,-0.17195816338062286,2.917959451675415,5940586.0
33.29999923706055,47.29373550415039,0.08582993596792221,-0.07158202677965164,874.4246826171875,-0.31764936447143555,1142.0155029296875,-0.5735191106796265,1066.6829833984375,-0.4938107132911682,1160.5809326171875,-0.6245487928390503,0.8975226283073425,0.788356363773346,0.5941975712776184,0.5488182306289673,0.5341657400131226,0.5237536430358887,-0.005039599258452654,-0.008794448338449001,-0.008994288742542267,-0.008804414421319962,-0.012253367342054844,-0.011446604505181313,3.1184492111206055,0.5197415351867676,-0.010015997104346752,-0.0011447625001892447,-0.172428160905838,2.9177086353302,5940075.5
33.400001525878906,47.30168914794922,0.07949972152709961,-0.06330209970474243,874.3928833007812,-0.3180580139160156,1141.9580078125,-0.5745593309402466,1066.633544921875,-0.49466758966445923,1160.5184326171875,-0.6257551908493042,0.897018313407898,0.7874767184257507,0.5932976603507996,0.5479363203048706,0.5329505205154419,0.5226302146911621,-0.005045884754508734,-0.00879758596420288,-0.009003414772450924,-0.008832736872136593,-0.012049688957631588,-0.011024415493011475,3.1125965118408203,0.5187661051750183,-0.00961651373654604,-0.0011473409831523895,-0.17281655967235565,2.9174575805664062,5939564.5
33.5,47.309085845947266,0.07396946102380753,-0.05530266836285591,874.361083984375,-0.31847575306892395,1141.9005126953125,-0.5755835771560669,1066.5841064453125,-0.495524525642395,1160.455810546875,-0.626899003982544,0.8965134620666504,0.7865968942642212,0.5923970937728882,0.5470521450042725,0.5317564010620117,0.5215483903884888,-0.005051667336374521,-0.00879950076341629,-0.009007975459098816,-0.008849147707223892,-0.011832385323941708,-0.010615060105919838,3.106966495513916,0.5178277492523193,-0.009257975965738297,-0.001149445422925055,-0.17313352227210999,2.917206048965454,5939052.5
33.599998474121094,47.31602096557617,0.06935697793960571,-0.046124815940856934,874.3292236328125,-0.31890207529067993,1141.8428955078125,-0.576593279838562,1066.5345458984375,-0.496380478143692,1160.39306640625,-0.6279882788658142,0.8960080146789551,0.7857168912887573,0.5914962291717529,0.5461668968200684,0.530584454536438,0.5205065011978149,-0.005057008937001228,-0.00880034826695919,-0.00900858361274004,-0.008855387568473816,-0.011606351472437382,-0.01022692583501339,3.1015312671661377,0.516921877861023,-0.008948885835707188,-0.0011511534685268998,-0.17339079082012177,2.916954278945923,5938539.5
33.70000076293945,47.322608947753906,0.06587663292884827,-0.03480341285467148,874.2973022460938,-0.3193363547325134,1141.78515625,-0.5775905251502991,1066.48486328125,-0.4972347915172577,1160.3302001953125,-0.6290329694747925,0.8955020904541016,0.7848368287086487,0.5905954837799072,0.5452814102172852,0.5294352769851685,0.5195018649101257,-0.005061989184468985,-0.008800323121249676,-0.009005988016724586,-0.008853504434227943,-0.011377067305147648,-0.00986932311207056,3.0962557792663574,0.5160425901412964,-0.008703052997589111,-0.0011525608133524656,-0.17360277473926544,2.9167020320892334,5938026.5
33.79999923706055,47.328922271728516,0.06313810497522354,-0.027385273948311806,874.2653198242188,-0.31977811455726624,1141.7274169921875,-0.5785771012306213,1066.43505859375,-0.49808695912361145,1160.2672119140625,-0.6300411820411682,0.8949956297874451,0.7839568257331848,0.589695155620575,0.5443964600563049,0.5283089876174927,0.518531322479248,-0.005066670477390289,-0.008799581788480282,-0.009000795893371105,-0.008845148608088493,-0.011148637160658836,-0.009546338580548763,3.091111421585083,0.5151852369308472,-0.008497059345245361,-0.001153730321675539,-0.1737789362668991,2.916449546813965,5937512.5
33.900001525878906,47.33500289916992,0.06080789491534233,-0.023302126675844193,874.2333374023438,-0.3202267587184906,1141.6695556640625,-0.5795539021492004,1066.38525390625,-0.49893665313720703,1160.2042236328125,-0.6310175657272339,0.8944887518882751,0.7830769419670105,0.5887954235076904,0.5435125827789307,0.5272054672241211,0.5175913572311401,-0.005071090999990702,-0.008798218332231045,-0.008993370458483696,-0.008831341750919819,-0.010923253372311592,-0.009256226010620594,3.0860819816589355,0.5143470168113708,-0.00831321906298399,-0.0011546966852620244,-0.1739244908094406,2.916196823120117,5936997.5
34.0,47.34088134765625,0.05877920612692833,-0.020286893472075462,874.2012939453125,-0.3206818401813507,1141.6114501953125,-0.5805214643478394,1066.3353271484375,-0.49978357553482056,1160.14111328125,-0.6319655776023865,0.893981397151947,0.7821972370147705,0.5878965258598328,0.5426303744316101,0.5261241793632507,0.5166789293289185,-0.005075275897979736,-0.008796297013759613,-0.008983965963125229,-0.00881281029433012,-0.01070220023393631,-0.0089954799041152,3.081155776977539,0.5135259628295898,-0.008146671578288078,-0.0011554855154827237,-0.17404331266880035,2.9159436225891113,5936482.0
34.099998474121094,47.34657669067383,0.05695253238081932,-0.018266739323735237,874.169189453125,-0.3211428225040436,1141.5533447265625,-0.5814799666404724,1066.2852783203125,-0.5006275177001953,1160.0777587890625,-0.6328874826431274,0.8934736847877502,0.7813177108764648,0.586998701095581,0.5417501926422119,0.5250648260116577,0.5157912969589233,-0.005079243332147598,-0.008793862536549568,-0.008972768671810627,-0.008790095336735249,-0.010486225597560406,-0.008760141208767891,3.076324939727783,0.5127208232879639,-0.007991834543645382,-0.0011561139253899455,-0.17413796484470367,2.9156899452209473,5935966.0
34.20000076293945,47.35210418701172,0.05527478829026222,-0.016777433454990387,874.1370849609375,-0.3216092586517334,1141.4952392578125,-0.5824297666549683,1066.235107421875,-0.501468300819397,1160.0145263671875,-0.6337850689888,0.89296555519104,0.7804384827613831,0.5861020684242249,0.5408725142478943,0.5240267515182495,0.5149261355400085,-0.005083007272332907,-0.008790948428213596,-0.008959917351603508,-0.008763616904616356,-0.010275714099407196,-0.008546322584152222,3.0715832710266113,0.5119305849075317,-0.007845889776945114,-0.001156594604253769,-0.17421036958694458,2.915436029434204,5935449.0
34.29999923706055,47.357486724853516,0.05382099002599716,-0.014537990093231201,874.1049194335938,-0.32208070158958435,1141.4368896484375,-0.5833709836006165,1066.1849365234375,-0.5023056864738464,1159.9510498046875,-0.6346604824066162,0.892457127571106,0.7795595526695251,0.5852068066596985,0.5399976372718811,0.5230094194412231,0.5140813589096069,-0.00508658355101943,-0.00878759752959013,-0.008945576846599579,-0.008733845315873623,-0.010071204975247383,-0.008351685479283333,3.0669240951538086,0.5111539959907532,-0.007713546045124531,-0.0011569466441869736,-0.1742633879184723,2.915181875228882,5934931.0
34.400001525878906,47.36274719238281,0.05262582004070282,-0.011951697990298271,874.0726318359375,-0.3225567042827606,1141.3785400390625,-0.5843042731285095,1066.1346435546875,-0.5031395554542542,1159.8875732421875,-0.6355162858963013,0.8919482827186584,0.7786809802055359,0.5843129754066467,0.5391258597373962,0.5220122337341309,0.5132551193237305,-0.005089992191642523,-0.008783858269453049,-0.008929942734539509,-0.008701321668922901,-0.009873414412140846,-0.008175144903361797,3.062337875366211,0.5103896260261536,-0.0075966292060911655,-0.001157191931270063,-0.17430032789707184,2.9149272441864014,5934412.5
34.5,47.36790466308594,0.051576536148786545,-0.010492837056517601,874.0404052734375,-0.3230368494987488,1141.320068359375,-0.5852298140525818,1066.0843505859375,-0.5039699077606201,1159.823974609375,-0.6363542675971985,0.8914390802383423,0.7778027653694153,0.5834208130836487,0.5382574200630188,0.5210344791412354,0.5124456882476807,-0.0050932480953633785,-0.008779766969382763,-0.008913160301744938,-0.008666449226439,-0.009682675823569298,-0.00801487173885107,3.0578184127807617,0.509636402130127,-0.007488336879760027,-0.0011573429219424725,-0.17432306706905365,2.9146721363067627,5933893.5
34.599998474121094,47.37294387817383,0.05040396749973297,-0.011725680902600288,874.008056640625,-0.32352080941200256,1141.261474609375,-0.5861474275588989,1066.033935546875,-0.50479656457901,1159.76025390625,-0.6371742486953735,0.890929639339447,0.7769250273704529,0.5825304388999939,0.5373926162719727,0.5200755000114441,0.5116516947746277,-0.0050963484682142735,-0.008775319904088974,-0.008895219303667545,-0.008629240095615387,-0.009498249739408493,-0.00786628294736147,3.0533668994903564,0.5088945031166077,-0.007372913416475058,-0.0011573892552405596,-0.17433004081249237,2.914416551589966,5933373.5
34.70000076293945,47.37788391113281,0.049383971840143204,-0.010199958458542824,873.9756469726562,-0.32400813698768616,1141.202880859375,-0.5870571136474609,1065.9833984375,-0.5056193470954895,1159.696533203125,-0.637977123260498,0.8904198408126831,0.7760477066040039,0.5816418528556824,0.5365316867828369,0.5191345810890198,0.5108720660209656,-0.005099300295114517,-0.008770531974732876,-0.008876191452145576,-0.008589903824031353,-0.009320009499788284,-0.00772769283503294,3.048980712890625,0.5081634521484375,-0.007267855107784271,-0.001157343853265047,-0.1743232160806656,2.914160966873169,5932852.5
34.79999923706055,47.382728576660156,0.04844486340880394,-0.009391073137521744,873.9432373046875,-0.32449856400489807,1141.14404296875,-0.5879589915275574,1065.9327392578125,-0.5064383149147034,1159.6326904296875,-0.638763964176178,0.8899097442626953,0.7751709222793579,0.5807552337646484,0.5356747508049011,0.5182112455368042,0.5101057887077332,-0.005102112423628569,-0.008765426464378834,-0.008856168016791344,-0.008548700250685215,-0.009147983975708485,-0.007598227821290493,3.0446553230285645,0.5074425935745239,-0.007167529314756393,-0.0011572137009352446,-0.17430360615253448,2.9139046669006348,5932331.0
34.900001525878906,47.387451171875,0.04723350703716278,-0.01211356371641159,873.9107666015625,-0.3249916732311249,1141.085205078125,-0.58885258436203,1065.882080078125,-0.5072532296180725,1159.5687255859375,-0.6395333409309387,0.8893994092941284,0.7742946743965149,0.5798706412315369,0.5348220467567444,0.5173048377037048,0.5093522667884827,-0.0051047722809016705,-0.008759974502027035,-0.008835048414766788,-0.00850540678948164,-0.008980904705822468,-0.007473246194422245,3.0403969287872314,0.5067328214645386,-0.00705107394605875,-0.0011569757480174303,-0.17426776885986328,2.9136481285095215,5931808.5
35.0,47.392005920410156,0.045527637004852295,-0.01705869287252426,873.8782348632812,-0.3254871964454651,1141.0262451171875,-0.5897364020347595,1065.831298828125,-0.5080639719963074,1159.5047607421875,-0.6402813196182251,0.8888888359069824,0.7734189629554749,0.578988254070282,0.533973753452301,0.516414999961853,0.5086113214492798,-0.005107248201966286,-0.008754096925258636,-0.008812555111944675,-0.008459360338747501,-0.008816385641694069,-0.007345548365265131,3.036219835281372,0.506036639213562,-0.006906155496835709,-0.001156588434241712,-0.17420943081378937,2.91339111328125,5931285.5
35.099998474121094,47.39635467529297,0.04349232092499733,-0.020353170111775398,873.845703125,-0.3259848356246948,1140.96728515625,-0.5906092524528503,1065.780517578125,-0.5088701844215393,1159.440673828125,-0.6410043835639954,0.8883779644966125,0.7725438475608826,0.5781081914901733,0.5331302881240845,0.5155415534973145,0.5078834891319275,-0.005109510850161314,-0.008747724816203117,-0.00878844503313303,-0.008409999310970306,-0.00865246169269085,-0.0072104670107364655,3.032137155532837,0.5053561925888062,-0.006742752622812986,-0.0011560238199308515,-0.17412437498569489,2.9131336212158203,5930761.5
35.20000076293945,47.40048599243164,0.041305381804704666,-0.02186940796673298,873.8130493164062,-0.32648423314094543,1140.908203125,-0.5914703011512756,1065.7294921875,-0.5096715688705444,1159.3765869140625,-0.6417006850242615,0.8878669142723083,0.7716694474220276,0.5772306323051453,0.5322919487953186,0.5146844983100891,0.5071696043014526,-0.005111544858664274,-0.008740819990634918,-0.00876259058713913,-0.008357061073184013,-0.008488098159432411,-0.0070668482221663,3.02815580368042,0.5046926140785217,-0.0065701925195753574,-0.0011552692158147693,-0.1740107238292694,2.9128758907318115,5930237.0
35.29999923706055,47.40438461303711,0.038997940719127655,-0.023074399679899216,873.7803955078125,-0.32698512077331543,1140.8489990234375,-0.5923188328742981,1065.6785888671875,-0.5104677081108093,1159.3123779296875,-0.6423689723014832,0.8873556852340698,0.7707957029342651,0.5763557553291321,0.5314590334892273,0.5138440132141113,0.5064705610275269,-0.005113339517265558,-0.008733357302844524,-0.008734912611544132,-0.008300398476421833,-0.00832263845950365,-0.006914702244102955,3.0242812633514404,0.5040468573570251,-0.0063893976621329784,-0.0011543144937604666,-0.17386691272258759,2.9126176834106445,5929711.0
35.400001525878906,47.40798568725586,0.03603353723883629,-0.029644040390849113,873.7476806640625,-0.32748720049858093,1140.7896728515625,-0.5931530594825745,1065.62744140625,-0.5112581849098206,1159.248046875,-0.6430043578147888,0.886844277381897,0.7699227929115295,0.5754837393760681,0.5306320190429688,0.5130201578140259,0.5057873129844666,-0.005114854779094458,-0.008725238963961601,-0.008705073036253452,-0.008239228278398514,-0.008153721690177917,-0.006748600397258997,3.020531415939331,0.5034219026565552,-0.0061679924838244915,-0.0011531042400747538,-0.17368462681770325,2.9123592376708984,5929185.0
35.5,47.41124725341797,0.03259479999542236,-0.03438737243413925,873.7149047851562,-0.32799017429351807,1140.7303466796875,-0.5939711332321167,1065.5762939453125,-0.5120424628257751,1159.1837158203125,-0.643601655960083,0.8863327503204346,0.7690507173538208,0.5746148824691772,0.5298113822937012,0.5122134685516357,0.505121648311615,-0.00511604780331254,-0.00871636439114809,-0.008672711439430714,-0.008172729052603245,-0.007979022338986397,-0.006564073730260134,3.01692533493042,0.5028209090232849,-0.005918402690440416,-0.0011515984078869224,-0.17345783114433289,2.912100315093994,5928657.5
35.599998474121094,47.41417694091797,0.029286911711096764,-0.033078882843256,873.6820678710938,-0.32849371433258057,1140.6708984375,-0.5947723984718323,1065.5250244140625,-0.5128198862075806,1159.119384765625,-0.6441603302955627,0.8858211040496826,0.7681795358657837,0.573749303817749,0.5289977192878723,0.5114246010780334,0.5044751763343811,-0.005116913467645645,-0.008706717751920223,-0.008637799881398678,-0.00810091383755207,-0.007798620965331793,-0.006364593282341957,3.0134661197662354,0.5022443532943726,-0.005675146356225014,-0.0011498084058985114,-0.1731881946325302,2.9118409156799316,5928129.5
35.70000076293945,47.41679000854492,0.02615022473037243,-0.03136686608195305,873.649169921875,-0.32899752259254456,1140.6114501953125,-0.5955567955970764,1065.4737548828125,-0.5135899782180786,1159.054931640625,-0.6446815133094788,0.8853093385696411,0.7673093676567078,0.5728874206542969,0.5281914472579956,0.5106539726257324,0.50384920835495,-0.005117460153996944,-0.008696324191987514,-0.008600445464253426,-0.008024130947887897,-0.007613496854901314,-0.006155448500066996,3.0101499557495117,0.5016916394233704,-0.005438310094177723,-0.0011477486696094275,-0.1728779524564743,2.91158127784729,5927601.0
35.79999923706055,47.419097900390625,0.023054180666804314,-0.030960436910390854,873.6162719726562,-0.32950130105018616,1140.5517578125,-0.5963240265846252,1065.42236328125,-0.5143520832061768,1158.990478515625,-0.6451656818389893,0.8847975730895996,0.7664403319358826,0.5720293521881104,0.527393102645874,0.5099021196365356,0.5032444596290588,-0.0051176901906728745,-0.008685190230607986,-0.008560692891478539,-0.007942568510770798,-0.007424146868288517,-0.005939371418207884,3.0069758892059326,0.5011626482009888,-0.005200536455959082,-0.0011454230407252908,-0.17252765595912933,2.9113211631774902,5927071.0
35.900001525878906,47.421138763427734,0.02041720785200596,-0.026369733735919,873.5833129882812,-0.3300047218799591,1140.4921875,-0.5970744490623474,1065.370849609375,-0.5151057839393616,1158.9259033203125,-0.6456156373023987,0.8842858076095581,0.7655723690986633,0.5711753368377686,0.526603102684021,0.5091692805290222,0.502661406993866,-0.005117625463753939,-0.008673370815813541,-0.008518769405782223,-0.00785685796290636,-0.007232252042740583,-0.00572222238406539,3.003934383392334,0.5006557106971741,-0.004987549968063831,-0.0011428702855482697,-0.17214316129684448,2.9110605716705322,5926541.0
36.0,47.42300033569336,0.01861938089132309,-0.017978258430957794,873.5502319335938,-0.33050745725631714,1140.432373046875,-0.5978098511695862,1065.3193359375,-0.5158507823944092,1158.861328125,-0.6460379362106323,0.8837741017341614,0.7647056579589844,0.5703256130218506,0.5258218050003052,0.5084556341171265,0.5020996928215027,-0.00511731905862689,-0.008660996332764626,-0.00847516767680645,-0.007768288720399141,-0.007041208446025848,-0.005514057353138924,3.0010018348693848,0.5001669526100159,-0.004820887930691242,-0.0011401618830859661,-0.17173519730567932,2.910799503326416,5926009.5
36.099998474121094,47.42475891113281,0.017575589939951897,-0.010437923483550549,873.5172119140625,-0.33100923895835876,1140.37255859375,-0.5985319018363953,1065.2677001953125,-0.5165867805480957,1158.7967529296875,-0.6464397311210632,0.8832623958587646,0.7638401985168457,0.5694803595542908,0.5250495076179504,0.5077608823776245,0.5015579462051392,-0.005116827320307493,-0.00864820834249258,-0.0084304204210639,-0.007678214926272631,-0.006854412145912647,-0.005323209799826145,2.998152732849121,0.4996921122074127,-0.004695309326052666,-0.0011373615125194192,-0.17131340503692627,2.9105381965637207,5925477.5
36.20000076293945,47.42649459838867,0.01738852448761463,-0.0018706568516790867,873.4840698242188,-0.3315097391605377,1140.312744140625,-0.5992429256439209,1065.2159423828125,-0.5173138380050659,1158.7320556640625,-0.6468287706375122,0.8827507495880127,0.7629760503768921,0.5686395764350891,0.524286150932312,0.5070844292640686,0.5010340809822083,-0.005116212647408247,-0.008635157719254494,-0.008385094814002514,-0.007588057778775692,-0.006675275973975658,-0.005156869534403086,2.995359182357788,0.49922654032707214,-0.004618626553565264,-0.0011345420498400927,-0.1708887219429016,2.910276412963867,5924944.5
36.29999923706055,47.42829895019531,0.01801910065114498,0.006305767223238945,873.4508666992188,-0.3320087194442749,1140.252685546875,-0.5999451279640198,1065.1641845703125,-0.5180321335792542,1158.6673583984375,-0.6472128033638,0.8822391629219055,0.7621131539344788,0.5678033232688904,0.5235317945480347,0.5064253807067871,0.5005253553390503,-0.005115538369864225,-0.00862200278788805,-0.008339769206941128,-0.007499239407479763,-0.006507053971290588,-0.005020779557526112,2.9925930500030518,0.4987654983997345,-0.004589262418448925,-0.0011317726457491517,-0.17047159373760223,2.9100143909454346,5924411.0
36.400001525878906,47.43024826049805,0.019490063190460205,0.014709621667861938,873.4176635742188,-0.3325059115886688,1140.1927490234375,-0.6006410717964172,1065.1124267578125,-0.5187419056892395,1158.6025390625,-0.647599995136261,0.8817276358604431,0.7612516283988953,0.5669716000556946,0.5227862000465393,0.505782425403595,0.5000284910202026,-0.0051148696802556515,-0.00860890094190836,-0.008295032195746899,-0.007413179147988558,-0.006352843251079321,-0.004919593688100576,2.9898247718811035,0.4983041286468506,-0.004609900992363691,-0.0011291245464235544,-0.17007271945476532,2.9097518920898438,5923876.5
36.5,47.43241882324219,0.021710533648729324,0.02220470830798149,873.3843994140625,-0.33300110697746277,1140.132568359375,-0.6013331413269043,1065.0604248046875,-0.5194437503814697,1158.537841796875,-0.6479979157447815,0.8812161684036255,0.760391354560852,0.5661442875862122,0.5220490097999573,0.5051541328430176,0.499539852142334,-0.0051142689771950245,-0.008596007712185383,-0.008251436986029148,-0.007331191562116146,-0.006215314380824566,-0.0048562632873654366,2.9870262145996094,0.49783769249916077,-0.00467608543112874,-0.0011266611982136965,-0.1697016805410385,2.9094889163970947,5923341.0
36.599998474121094,47.434879302978516,0.024614738300442696,0.029042044654488564,873.35107421875,-0.3334941267967224,1140.0723876953125,-0.6020238399505615,1065.008544921875,-0.5201382040977478,1158.4730224609375,-0.6484136581420898,0.8807047605514526,0.7595323920249939,0.5653212666511536,0.5213197469711304,0.5045385956764221,0.4990555942058563,-0.005113794468343258,-0.008583463728427887,-0.00820949487388134,-0.007254455238580704,-0.006096662022173405,-0.004832215141505003,2.984171152114868,0.49736183881759644,-0.0047851731069386005,-0.001124440343119204,-0.16936717927455902,2.9092257022857666,5922805.0
36.70000076293945,47.437713623046875,0.028323430567979813,0.03708692640066147,873.3176879882812,-0.3339848220348358,1140.01220703125,-0.6027159094810486,1064.9564208984375,-0.520825982093811,1158.4080810546875,-0.6488550901412964,0.8801934123039246,0.758674681186676,0.5645022988319397,0.5205978751182556,0.5039339065551758,0.49857163429260254,-0.005113510414958,-0.008571426384150982,-0.008169764652848244,-0.007184253539890051,-0.0059992787428200245,-0.004849698394536972,2.9812307357788086,0.49687179923057556,-0.004945277702063322,-0.0011225302005186677,-0.16907945275306702,2.9089620113372803,5922268.5
36.79999923706055,47.441043853759766,0.03330240026116371,0.04978968948125839,873.2842407226562,-0.3344731032848358,1139.951904296875,-0.6034131646156311,1064.904296875,-0.5215080976486206,1158.34326171875,-0.6493334770202637,0.8796820640563965,0.7578181028366089,0.5636871457099915,0.5198825597763062,0.5033377408981323,0.49808356165885925,-0.005113509017974138,-0.00856012012809515,-0.0081330556422472,-0.007122466806322336,-0.0059271082282066345,-0.004915778059512377,2.978163242340088,0.49636054039001465,-0.005184306297451258,-0.0011210381053388119,-0.1688547134399414,2.9086978435516357,5921730.5
36.900001525878906,47.445003509521484,0.03959430381655693,0.06291903555393219,873.2507934570312,-0.3349589407444,1139.8914794921875,-0.6041201949119568,1064.8521728515625,-0.5221856832504272,1158.2783203125,-0.6498618125915527,0.8791706562042236,0.7569625973701477,0.562875509262085,0.5191729068756104,0.5027472972869873,0.49758607149124146,-0.005113896448165178,-0.008549804799258709,-0.008100291714072227,-0.007071229629218578,-0.005884611047804356,-0.005038261879235506,2.9749207496643066,0.49582013487815857,-0.005504226312041283,-0.0011200751177966595,-0.1687096655368805,2.908433437347412,5921192.5
37.0,47.44969177246094,0.046916041523218155,0.07321739196777344,873.21728515625,-0.3354422450065613,1139.8310546875,-0.6048411130905151,1064.7999267578125,-0.522860050201416,1158.2132568359375,-0.6504513025283813,0.8786592483520508,0.7561081051826477,0.562066912651062,0.5184677839279175,0.5021594166755676,0.49707335233688354,-0.005114766303449869,-0.00854070670902729,-0.008072269149124622,-0.007032323163002729,-0.0058750915341079235,-0.005220559425652027,2.9714608192443848,0.49524348974227905,-0.005889630410820246,-0.001119728316552937,-0.16865742206573486,2.9081685543060303,5920653.0
37.099998474121094,47.45519256591797,0.05500569939613342,0.08089659363031387,873.1837158203125,-0.3359231650829315,1139.7705078125,-0.605579674243927,1064.74755859375,-0.5235327482223511,1158.148193359375,-0.6511109471321106,0.8781477212905884,0.7552543878555298,0.5612608194351196,0.5177658796310425,0.5015708208084106,0.4965394139289856,-0.005116192623972893,-0.008533005602657795,-0.008049607276916504,-0.007007059175521135,-0.00590044679120183,-0.005461758002638817,2.967750072479248,0.4946250319480896,-0.006327048409730196,-0.0011200624285265803,-0.16870775818824768,2.9079031944274902,5920113.0
37.20000076293945,47.46155548095703,0.06362641602754593,0.08620714396238327,873.1500854492188,-0.3364017605781555,1139.7099609375,-0.6063388586044312,1064.6951904296875,-0.5242055058479309,1158.0830078125,-0.6518474817276001,0.8776359558105469,0.7544013857841492,0.5604567527770996,0.5170658230781555,0.5009778738021851,0.49597856402397156,-0.005118232686072588,-0.00852684024721384,-0.008032763376832008,-0.006996325217187405,-0.0059613692574203014,-0.0057579707354307175,2.9637622833251953,0.49396035075187683,-0.006803757045418024,-0.0011211225064471364,-0.16886742413043976,2.907637596130371,5919572.5
37.29999923706055,47.46879196166992,0.07235008478164673,0.0872366726398468,873.1163940429688,-0.3368781805038452,1139.6492919921875,-0.607120931148529,1064.6427001953125,-0.5248798727989197,1158.017822265625,-0.6526642441749573,0.877124011516571,0.7535489797592163,0.5596540570259094,0.5163660049438477,0.5003771185874939,0.4953857362270355,-0.0051209162920713425,-0.008522278629243374,-0.008021941408514977,-0.007000369019806385,-0.006056817248463631,-0.0061011235229671,2.9594833850860596,0.49324724078178406,-0.007295235060155392,-0.001122916815802455,-0.16913768649101257,2.907371759414673,5919031.0
37.400001525878906,47.4769172668457,0.08123928308486938,0.08889203518629074,873.0827026367188,-0.3373527228832245,1139.5885009765625,-0.6079277396202087,1064.5902099609375,-0.5255575776100159,1157.9525146484375,-0.6535637378692627,0.8766117691993713,0.7526968717575073,0.5588521361351013,0.5156651139259338,0.4997651278972626,0.4947565495967865,-0.005124266725033522,-0.008519375696778297,-0.008017286658287048,-0.007019288372248411,-0.006185449194163084,-0.006484041456133127,2.9549031257629395,0.49248385429382324,-0.007806130684912205,-0.0011254593264311552,-0.16952066123485565,2.9071054458618164,5918488.5
37.5,47.48595428466797,0.09038712829351425,0.09147844463586807,873.0489501953125,-0.33782556653022766,1139.5277099609375,-0.6087615489959717,1064.53759765625,-0.5262402296066284,1157.8870849609375,-0.6545491814613342,0.876099169254303,0.7518450021743774,0.5580503344535828,0.5149615406990051,0.49913865327835083,0.494087278842926,-0.005128312390297651,-0.008518197573721409,-0.008018993772566319,-0.007053308188915253,-0.006346388719975948,-0.006902419961988926,2.950007677078247,0.4916679263114929,-0.008340738713741302,-0.0011287718079984188,-0.17001959681510925,2.9068386554718018,5917945.5
37.599998474121094,47.49590301513672,0.09949152916669846,0.09104400128126144,873.01513671875,-0.33829712867736816,1139.466796875,-0.6096239686012268,1064.4849853515625,-0.5269294381141663,1157.821533203125,-0.6556220650672913,0.8755860924720764,0.7509931921958923,0.557248055934906,0.5142538547515869,0.49849456548690796,0.49337467551231384,-0.005133067723363638,-0.008518777787685394,-0.008027120493352413,-0.007102312054485083,-0.006537914741784334,-0.007350176572799683,2.9447903633117676,0.49079838395118713,-0.00888037122786045,-0.0011328504187986255,-0.1706339418888092,2.906571388244629,5917401.5
37.70000076293945,47.50676345825195,0.10859768092632294,0.09106151759624481,872.9812622070312,-0.3387677073478699,1139.40576171875,-0.610516369342804,1064.4322509765625,-0.5276268124580383,1157.7559814453125,-0.6567830443382263,0.8750724792480469,0.7501412034034729,0.5564446449279785,0.513540506362915,0.4978298842906952,0.49261605739593506,-0.005138542037457228,-0.008521133102476597,-0.008041677065193653,-0.007166070397943258,-0.006758126430213451,-0.007821816019713879,2.939246654510498,0.4898744523525238,-0.009428097866475582,-0.001137695275247097,-0.1713636815547943,2.906304121017456,5916857.0
37.79999923706055,47.518558502197266,0.11795049160718918,0.09352807700634003,872.9473876953125,-0.3392377197742462,1139.3447265625,-0.6114406585693359,1064.37939453125,-0.528333842754364,1157.690185546875,-0.6580344438552856,0.8745583295822144,0.7492888569831848,0.5556394457817078,0.5128200054168701,0.4971417784690857,0.4918091893196106,-0.005144755821675062,-0.008525312878191471,-0.008062792010605335,-0.007244650740176439,-0.00700607942417264,-0.008315675891935825,2.9333667755126953,0.4888944625854492,-0.009997046552598476,-0.0011433272156864405,-0.17221197485923767,2.906036138534546,5916312.0
37.900001525878906,47.53130340576172,0.12746460735797882,0.09514120221138,872.9134521484375,-0.339707612991333,1139.283447265625,-0.6123988628387451,1064.3265380859375,-0.5290520787239075,1157.6243896484375,-0.659378707408905,0.8740435242652893,0.7484360337257385,0.5548318028450012,0.5120909214019775,0.4964275360107422,0.49095186591148376,-0.005151731893420219,-0.008531366474926472,-0.008090588264167309,-0.007338115479797125,-0.007280887104570866,-0.008830406703054905,2.927140474319458,0.48785674571990967,-0.010580658912658691,-0.0011497597442939878,-0.17318086326122284,2.9057679176330566,5915766.0
38.0,47.545021057128906,0.1371803879737854,0.09715781360864639,872.8794555664062,-0.34017786383628845,1139.22216796875,-0.61339271068573,1064.2735595703125,-0.5297830104827881,1157.558349609375,-0.6608179211616516,0.8735279440879822,0.7475825548171997,0.5540210604667664,0.5113517642021179,0.49568450450897217,0.4900420606136322,-0.005159489810466766,-0.008539342321455479,-0.008125180378556252,-0.0074465032666921616,-0.007581683807075024,-0.009364859201014042,2.920557737350464,0.48675960302352905,-0.01118110865354538,-0.0011570100905373693,-0.17427293956279755,2.9054994583129883,5915219.0
38.099998474121094,47.55975341796875,0.1472947746515274,0.1011437475681305,872.8453979492188,-0.34064894914627075,1139.1607666015625,-0.6144245266914368,1064.2205810546875,-0.5305283069610596,1157.4921875,-0.6623556613922119,0.873011589050293,0.7467281222343445,0.5532065033912659,0.5106009840965271,0.4949100911617279,0.4890778064727783,-0.00516806123778224,-0.008549310266971588,-0.008166776038706303,-0.007570086978375912,-0.007908312603831291,-0.009920136071741581,2.913604259490967,0.48560070991516113,-0.011808962561190128,-0.001165111898444593,-0.1754932701587677,2.9052302837371826,5914671.5
38.20000076293945,47.57551193237305,0.1575898677110672,0.10295096784830093,872.8113403320312,-0.3411214351654053,1139.0992431640625,-0.6154963374137878,1064.16748046875,-0.5312893390655518,1157.4259033203125,-0.6639944314956665,0.8724943399429321,0.7458725571632385,0.5523874163627625,0.5098370909690857,0.49410176277160645,0.4880569875240326,-0.005177468527108431,-0.008561325259506702,-0.008215508423745632,-0.0077089532278478146,-0.008260141126811504,-0.010495521128177643,2.9062693119049072,0.48437821865081787,-0.01245034858584404,-0.0011740808840841055,-0.17684419453144073,2.904961109161377,5914123.0
38.29999923706055,47.59230041503906,0.16788515448570251,0.10295291990041733,872.7771606445312,-0.341595858335495,1139.0377197265625,-0.616609513759613,1064.1143798828125,-0.5320678353309631,1157.359375,-0.6657348275184631,0.8719760775566101,0.7450157403945923,0.5515630841255188,0.5090585947036743,0.4932570457458496,0.48697778582572937,-0.005187720526009798,-0.00857540126889944,-0.008271372877061367,-0.007862850092351437,-0.00863567367196083,-0.011087691411376,2.8985486030578613,0.48309144377708435,-0.013095206581056118,-0.0011839168146252632,-0.17832572758197784,2.904691219329834,5913574.0
38.400001525878906,47.6100959777832,0.17794857919216156,0.10063429921865463,872.7429809570312,-0.34207284450531006,1138.9759521484375,-0.617764949798584,1064.0611572265625,-0.5328651070594788,1157.292724609375,-0.6675755381584167,0.8714567422866821,0.7441574335098267,0.5507328510284424,0.5082639455795288,0.4923737049102783,0.48583877086639404,-0.00519880885258317,-0.008591515012085438,-0.008334220387041569,-0.008031167089939117,-0.009032531641423702,-0.011691074818372726,2.8904457092285156,0.48174095153808594,-0.013730050064623356,-0.0011946004815399647,-0.17993493378162384,2.904421329498291,5913024.0
38.5,47.62886428833008,0.18770593404769897,0.09757351875305176,872.708740234375,-0.34255295991897583,1138.9141845703125,-0.6189630627632141,1064.0078125,-0.533682644367218,1157.225830078125,-0.669514000415802,0.8709362745285034,0.7432973384857178,0.5498959422111511,0.5074517726898193,0.4914497435092926,0.48463910818099976,-0.005210714414715767,-0.008609618060290813,-0.00840381346642971,-0.008213093504309654,-0.009447936899960041,-0.012299693189561367,2.881967782974243,0.4803279638290405,-0.014350531622767448,-0.0012061058077961206,-0.18166790902614594,2.9041507244110107,5912473.5
38.599998474121094,47.648597717285156,0.19731193780899048,0.09606003016233444,872.6744995117188,-0.34303686022758484,1138.8521728515625,-0.6202044486999512,1063.954345703125,-0.5345216393470764,1157.1588134765625,-0.6715483069419861,0.8704145550727844,0.7424353957176208,0.549051821231842,0.5066208243370056,0.4904834032058716,0.48337849974632263,-0.005223425570875406,-0.008629674091935158,-0.00847996398806572,-0.008407959714531898,-0.00987966451793909,-0.012910079210996628,2.8731205463409424,0.4788534343242645,-0.014964629895985126,-0.0012184202205389738,-0.18352274596691132,2.9038798809051514,5911922.0
38.70000076293945,47.66923522949219,0.206379696726799,0.09067751467227936,872.64013671875,-0.34352514147758484,1138.7900390625,-0.6214888691902161,1063.90087890625,-0.535383403301239,1157.091552734375,-0.6736743450164795,0.8698915243148804,0.7415713667869568,0.5481997132301331,0.5057697296142578,0.48947322368621826,0.4820570647716522,-0.005236911121755838,-0.008651605807244778,-0.008562330156564713,-0.008614723570644855,-0.010324583388864994,-0.013516241684556007,2.8639168739318848,0.47731950879096985,-0.015548926778137684,-0.0012314982013776898,-0.185492604970932,2.903608798980713,5911370.0
38.79999923706055,47.69074630737305,0.21512585878372192,0.08746170252561569,872.6057739257812,-0.34401848912239075,1138.7279052734375,-0.622816264629364,1063.8472900390625,-0.5362688302993774,1157.0240478515625,-0.6758884191513062,0.8693671226501465,0.7407050132751465,0.5473390817642212,0.50489741563797,0.48841801285743713,0.4806753695011139,-0.0052511426620185375,-0.008675338700413704,-0.008650586009025574,-0.008832407183945179,-0.01077992096543312,-0.0141140753403306,2.854369640350342,0.47572827339172363,-0.016116350889205933,-0.001245312625542283,-0.1875733882188797,2.903337001800537,5910817.0
38.900001525878906,47.71311950683594,0.22372084856033325,0.08594991266727448,872.5713500976562,-0.3445175290107727,1138.66552734375,-0.6241868734359741,1063.7935791015625,-0.5371789932250977,1156.9564208984375,-0.678188145160675,0.868841290473938,0.7398362159729004,0.5464693903923035,0.5040028095245361,0.4873168170452118,0.47923439741134644,-0.005266102962195873,-0.008700828067958355,-0.008744521997869015,-0.009060340002179146,-0.011243890039622784,-0.01470279786735773,2.8444855213165283,0.4740809500217438,-0.016674581915140152,-0.001259851036593318,-0.18976321816444397,2.9030649662017822,5910263.0
39.0,47.73631286621094,0.23194602131843567,0.08225162327289581,872.536865234375,-0.34502288699150085,1138.60302734375,-0.6256005167961121,1063.7398681640625,-0.5381147265434265,1156.888427734375,-0.6805702447891235,0.8683139085769653,0.7389647960662842,0.5455899834632874,0.5030849575996399,0.48616892099380493,0.47773507237434387,-0.005281767807900906,-0.008728009648621082,-0.008843852207064629,-0.00929767545312643,-0.011714303866028786,-0.015280121006071568,2.834275722503662,0.47237926721572876,-0.017210207879543304,-0.001275082235224545,-0.19205738604068756,2.9027926921844482,5909708.5
39.099998474121094,47.760292053222656,0.23977243900299072,0.07826424390077591,872.5023193359375,-0.3455352187156677,1138.5404052734375,-0.6270567774772644,1063.68603515625,-0.5390768647193909,1156.8201904296875,-0.6830304861068726,0.8677849173545837,0.7380905747413635,0.5447003841400146,0.5021429061889648,0.4849737584590912,0.47617873549461365,-0.00529810506850481,-0.00875680148601532,-0.008948232047259808,-0.009543436579406261,-0.012188740074634552,-0.01584307849407196,2.823753595352173,0.4706256091594696,-0.017722005024552345,-0.0012909724609926343,-0.19445082545280457,2.902519941329956,5909153.0
39.20000076293945,47.785030364990234,0.2474094033241272,0.07636962831020355,872.4677734375,-0.34605512022972107,1138.4776611328125,-0.6285555362701416,1063.632080078125,-0.5400660037994385,1156.7518310546875,-0.6855660080909729,0.8672542572021484,0.7372133731842041,0.5438001155853271,0.5011759400367737,0.4837310314178467,0.47456687688827515,-0.005315091460943222,-0.008787145838141441,-0.009057405404746532,-0.009796887636184692,-0.01266554743051529,-0.016391227021813393,2.812929630279541,0.46882161498069763,-0.018220974132418633,-0.0013075058814138174,-0.19694115221500397,2.9022467136383057,5908597.0
39.29999923706055,47.81050491333008,0.254741370677948,0.07331977039575577,872.4331665039062,-0.3465832471847534,1138.4146728515625,-0.6300963759422302,1063.5780029296875,-0.5410827994346619,1156.68310546875,-0.6881735324859619,0.8667218685150146,0.7363330721855164,0.5428887009620667,0.5001832246780396,0.4824405610561371,0.47290095686912537,-0.005332702770829201,-0.008818978443741798,-0.00917109940201044,-0.010057264938950539,-0.013143070042133331,-0.01692376658320427,2.801814079284668,0.46696901321411133,-0.018699463456869125,-0.001324657117947936,-0.19952452182769775,2.901973009109497,5908039.5
39.400001525878906,47.836666107177734,0.26158833503723145,0.06846944242715836,872.3984375,-0.34712016582489014,1138.3515625,-0.6316786408424377,1063.5238037109375,-0.5421278476715088,1156.6141357421875,-0.6908484101295471,0.8661876916885376,0.735449492931366,0.5419657230377197,0.4991642236709595,0.4811024069786072,0.4711826741695404,-0.005350902210921049,-0.00885220617055893,-0.009288935922086239,-0.010323557071387768,-0.013619054108858109,-0.017437856644392014,2.7904233932495117,0.46507057547569275,-0.019147839397192,-0.0013423848431557417,-0.20219473540782928,2.9016988277435303,5907482.0
39.5,47.863468170166016,0.26804590225219727,0.0645756646990776,872.3637084960938,-0.3476664423942566,1138.288330078125,-0.6333013772964478,1063.4696044921875,-0.5432014465332031,1156.544921875,-0.6935860514640808,0.8656516671180725,0.7345625758171082,0.541030764579773,0.4981183111667633,0.47971683740615845,0.46941402554512024,-0.0053696539252996445,-0.008886739611625671,-0.009410550817847252,-0.010594804771244526,-0.014091487042605877,-0.017931565642356873,2.778773307800293,0.46312886476516724,-0.019571607932448387,-0.001360656344331801,-0.2049468606710434,2.9014244079589844,5906923.0
39.599998474121094,47.89091491699219,0.27445948123931885,0.06413599103689194,872.3289184570312,-0.3482227027416229,1138.2249755859375,-0.6349644064903259,1063.4151611328125,-0.5443040132522583,1156.4754638671875,-0.6963842511177063,0.8651137351989746,0.7336720824241638,0.5400834679603577,0.4970450699329376,0.47828423976898193,0.46759694814682007,-0.005388940684497356,-0.008922532200813293,-0.009535747580230236,-0.010870490223169327,-0.014559646137058735,-0.01840691640973091,2.7668709754943848,0.46114516258239746,-0.019988613203167915,-0.0013794682454317808,-0.2077803760766983,2.9011495113372803,5906363.5
39.70000076293945,47.91900634765625,0.28092288970947266,0.06463389098644257,872.2940673828125,-0.34878942370414734,1138.161376953125,-0.6366678476333618,1063.3607177734375,-0.5454357862472534,1156.4056396484375,-0.699242115020752,0.8645738363265991,0.732778012752533,0.5391234755516052,0.4959440231323242,0.47680503129959106,0.4657330811023712,-0.005408755503594875,-0.008959566242992878,-0.009664432145655155,-0.01115034706890583,-0.015023521147668362,-0.018867386505007744,2.7547194957733154,0.45911991596221924,-0.020402297377586365,-0.0013988250866532326,-0.21069596707820892,2.900874137878418,5905802.5
39.79999923706055,47.9477653503418,0.2875688076019287,0.0664592906832695,872.2591552734375,-0.3493671715259552,1138.09765625,-0.6384121179580688,1063.3060302734375,-0.5465971827507019,1156.3355712890625,-0.7021597027778625,0.864031970500946,0.7318801283836365,0.538150429725647,0.49481481313705444,0.47527962923049927,0.46382373571395874,-0.005429099779576063,-0.008997841738164425,-0.009796575643122196,-0.011434289626777172,-0.015483562834560871,-0.01931700110435486,2.7423176765441895,0.45705297589302063,-0.020819347351789474,-0.0014187428168952465,-0.21369604766368866,2.9005982875823975,5905241.0
39.900001525878906,47.97721481323242,0.29451748728752136,0.06948674470186234,872.2241821289062,-0.3499564230442047,1138.03369140625,-0.6401978731155396,1063.2513427734375,-0.5477885007858276,1156.2652587890625,-0.7051380276679993,0.8634880185127258,0.7309783697128296,0.537164032459259,0.4936569929122925,0.4737083911895752,0.4618697464466095,-0.005449982360005379,-0.009037378244102001,-0.00993222463876009,-0.011722411029040813,-0.015940673649311066,-0.01976027525961399,2.729661703109741,0.45494362711906433,-0.02124546281993389,-0.0014392476296052337,-0.2167845517396927,2.900322198867798,5904678.5
40.0,48.00736999511719,0.30155614018440247,0.07038667052984238,872.1891479492188,-0.35055768489837646,1137.9696044921875,-0.6420254707336426,1063.196533203125,-0.549010157585144,1156.194580078125,-0.7081771492958069,0.8629419207572937,0.7300726175308228,0.536163866519928,0.4924701452255249,0.47209155559539795,0.45987167954444885,-0.005471403244882822,-0.009078174829483032,-0.010071348398923874,-0.012014617212116718,-0.016395175829529762,-0.020199017599225044,2.7167506217956543,0.4527917504310608,-0.02166886255145073,-0.001460347673855722,-0.2199627161026001,2.900045394897461,5904115.5
40.099998474121094,48.0382080078125,0.30836156010627747,0.06805399060249329,872.154052734375,-0.3511714041233063,1137.9052734375,-0.6438945531845093,1063.1416015625,-0.5502623915672302,1156.1236572265625,-0.7112746238708496,0.8623936772346497,0.7291626930236816,0.5351496338844299,0.49125391244888306,0.4704294502735138,0.4578300714492798,-0.005493344739079475,-0.009120183065533638,-0.010213742963969707,-0.01231038011610508,-0.01684616506099701,-0.020630912855267525,2.703592538833618,0.4505987763404846,-0.022073399275541306,-0.001482023624703288,-0.2232276201248169,2.899768114089966,5903551.0
40.20000076293945,48.069679260253906,0.3147195279598236,0.06357980519533157,872.1189575195312,-0.35179808735847473,1137.8408203125,-0.6458041667938232,1063.08642578125,-0.5515455603599548,1156.0523681640625,-0.7144261002540588,0.8618432283401489,0.7282485365867615,0.5341209769248962,0.4900079667568207,0.46872249245643616,0.4557458162307739,-0.005515770986676216,-0.009163315407931805,-0.010359060019254684,-0.012608827091753483,-0.01729183830320835,-0.021051254123449326,2.6902031898498535,0.448367178440094,-0.022448981180787086,-0.0015042375307530165,-0.22657355666160583,2.8994903564453125,5902985.5
40.29999923706055,48.101741790771484,0.32060256600379944,0.05883041024208069,872.083740234375,-0.3524381220340729,1137.776123046875,-0.647753119468689,1063.03125,-0.5528597831726074,1155.980712890625,-0.7176266312599182,0.8612905144691467,0.7273299694061279,0.5330777168273926,0.48873206973075867,0.46697133779525757,0.4536203145980835,-0.005538642406463623,-0.009207471273839474,-0.010506910271942616,-0.012909000739455223,-0.017730223014950752,-0.02145557850599289,2.6765997409820557,0.4460999667644501,-0.022794730961322784,-0.0015269492287188768,-0.2299944907426834,2.899212121963501,5902419.0
40.400001525878906,48.134361267089844,0.32622843980789185,0.05625876411795616,872.0484619140625,-0.35309192538261414,1137.711181640625,-0.6497403979301453,1062.9759521484375,-0.5542051196098328,1155.9088134765625,-0.7208724617958069,0.8607355356216431,0.726406991481781,0.5320194959640503,0.48742610216140747,0.4651767611503601,0.4514552652835846,-0.005561928264796734,-0.009252574294805527,-0.010656996630132198,-0.013210183940827847,-0.018160104751586914,-0.021842362359166145,2.6627960205078125,0.44379934668540955,-0.023121647536754608,-0.001550137298181653,-0.23348715901374817,2.8989334106445312,5901851.5
40.5,48.167518615722656,0.3315613567829132,0.0533289760351181,872.0131225585938,-0.3537599444389343,1137.6461181640625,-0.6517651081085205,1062.92041015625,-0.5555815696716309,1155.8365478515625,-0.7241600751876831,0.8601781129837036,0.7254794239997864,0.5309461951255798,0.4860900044441223,0.4633396565914154,0.4492524564266205,-0.005585601553320885,-0.009298554621636868,-0.010809042491018772,-0.01351172849535942,-0.018580486997961998,-0.022210804745554924,2.6488044261932373,0.44146737456321716,-0.023426923900842667,-0.0015737770590931177,-0.23704785108566284,2.8986542224884033,5901283.0
40.599998474121094,48.201171875,0.33651965856552124,0.04958310350775719,871.9777221679688,-0.3544424772262573,1137.5809326171875,-0.653826117515564,1062.86474609375,-0.5569890737533569,1155.763916015625,-0.7274854183197021,0.8596183657646179,0.724547266960144,0.5298576354980469,0.4847237765789032,0.46146103739738464,0.447013795375824,-0.005609628278762102,-0.009345329366624355,-0.010962733998894691,-0.013812900520861149,-0.018990162760019302,-0.022559422999620438,2.634639024734497,0.4391065239906311,-0.023706680163741112,-0.0015978367300704122,-0.2406718134880066,2.898374319076538,5900713.5
40.70000076293945,48.23526382446289,0.3409203588962555,0.04400698468089104,871.9421997070312,-0.35513991117477417,1137.515380859375,-0.6559218168258667,1062.8089599609375,-0.5584275126457214,1155.6910400390625,-0.7308433651924133,0.8590561747550964,0.7236103415489197,0.5287536382675171,0.4833274781703949,0.45954206585884094,0.4447413682937622,-0.005633966065943241,-0.009392793290317059,-0.011117673479020596,-0.014112771488726139,-0.019387440755963326,-0.022885289043188095,2.620319366455078,0.4367198944091797,-0.023952148854732513,-0.0016222690464928746,-0.24435187876224518,2.8980941772460938,5900143.0
40.79999923706055,48.26973342895508,0.3446851074695587,0.037647586315870285,871.9066772460938,-0.35585257411003113,1137.44970703125,-0.6580504179000854,1062.7530517578125,-0.5598965287208557,1155.6177978515625,-0.7342278361320496,0.8584915399551392,0.7226686477661133,0.5276340842247009,0.48190128803253174,0.45758408308029175,0.44243767857551575,-0.005658566951751709,-0.009440825320780277,-0.011273408308625221,-0.014410296455025673,-0.019770372658967972,-0.023185022175312042,2.6058669090270996,0.4343111515045166,-0.02416030503809452,-0.001647019642405212,-0.24807991087436676,2.897813320159912,5899571.0
40.900001525878906,48.30449676513672,0.3476354777812958,0.029503503814339638,871.8710327148438,-0.3565807044506073,1137.3837890625,-0.6602096557617188,1062.697021484375,-0.5613958239555359,1155.544189453125,-0.7376318573951721,0.8579244613647461,0.7217221856117249,0.5264989137649536,0.48044553399086,0.4555886387825012,0.44010552763938904,-0.005683372262865305,-0.009489282965660095,-0.011429415084421635,-0.01470426470041275,-0.020136620849370956,-0.02345440723001957,2.5913074016571045,0.4318845570087433,-0.02432284876704216,-0.0016720191342756152,-0.25184541940689087,2.897531747817993,5898998.0
41.0,48.339454650878906,0.34957820177078247,0.019427461549639702,871.8353271484375,-0.3573245704174042,1137.317626953125,-0.6623967885971069,1062.640869140625,-0.5629248023033142,1155.47021484375,-0.7410470247268677,0.8573548793792725,0.7207707762718201,0.5253481864929199,0.47896063327789307,0.4535575211048126,0.4377481937408447,-0.005708314012736082,-0.009537997655570507,-0.011585072614252567,-0.014993250370025635,-0.020483363419771194,-0.02368820272386074,2.576671600341797,0.4294452667236328,-0.024431396275758743,-0.001697181141935289,-0.25563541054725647,2.897249698638916,5898424.0
41.099998474121094,48.3745002746582,0.35046225786209106,0.008840364404022694,871.799560546875,-0.35808438062667847,1137.2513427734375,-0.6646087169647217,1062.58447265625,-0.5644828081130981,1155.39599609375,-0.7444643974304199,0.8567827939987183,0.7198145389556885,0.5241819620132446,0.47744715213775635,0.4514928460121155,0.43536949157714844,-0.005733319092541933,-0.009586788713932037,-0.011739726178348064,-0.015275765210390091,-0.020807720720767975,-0.023881608620285988,2.561992645263672,0.4269987642765045,-0.024484656751155853,-0.001722414861433208,-0.2594361901283264,2.8969671726226807,5897848.5
41.20000076293945,48.40953826904297,0.35038045048713684,-0.0008179991855286062,871.7637329101562,-0.3588603138923645,1137.1846923828125,-0.666842520236969,1062.5279541015625,-0.5660689473152161,1155.3214111328125,-0.7478755712509155,0.8562082052230835,0.7188534736633301,0.5230002999305725,0.47590577602386475,0.4493969678878784,0.43297359347343445,-0.005758317653089762,-0.009635486640036106,-0.011892768554389477,-0.015550459735095501,-0.021107297390699387,-0.024031810462474823,2.5473015308380127,0.42455023527145386,-0.024487797170877457,-0.0017476372886449099,-0.26323530077934265,2.896683931350708,5897272.0
41.29999923706055,48.44449234008789,0.3495498597621918,-0.008306005969643593,871.727783203125,-0.35965248942375183,1137.117919921875,-0.669095516204834,1062.47119140625,-0.5676822066307068,1155.2464599609375,-0.7512737512588501,0.8556311726570129,0.7178874611854553,0.5218034982681274,0.4743373990058899,0.4472724497318268,0.43056485056877136,-0.005783252418041229,-0.009683952666819096,-0.012043701484799385,-0.015816286206245422,-0.021380623802542686,-0.024138914421200752,2.532623767852783,0.42210397124290466,-0.024451402947306633,-0.0017727840458974242,-0.2670229971408844,2.896399974822998,5896694.0
41.400001525878906,48.47928237915039,0.3479190170764923,-0.016308415681123734,871.6917724609375,-0.36046096682548523,1137.0509033203125,-0.6713650226593018,1062.4144287109375,-0.5693215727806091,1155.171142578125,-0.7546523809432983,0.855051577091217,0.7169166803359985,0.520591676235199,0.4727429151535034,0.4451219439506531,0.428147554397583,-0.005808069370687008,-0.009732049889862537,-0.012192053720355034,-0.01607227697968483,-0.021626465022563934,-0.02420334331691265,2.517984390258789,0.41966408491134644,-0.02437288500368595,-0.0017977862153202295,-0.27078890800476074,2.89611554145813,5896114.5
41.5,48.51383972167969,0.34556683897972107,-0.02352161332964897,871.6557006835938,-0.3612857460975647,1136.983642578125,-0.673648476600647,1062.3572998046875,-0.5709857940673828,1155.095458984375,-0.7580052018165588,0.8544695377349854,0.7159410715103149,0.5193651914596558,0.4711233675479889,0.44294828176498413,0.42572590708732605,-0.005832715891301632,-0.009779654443264008,-0.012337390333414078,-0.016317561268806458,-0.021843889728188515,-0.02422603778541088,2.5034067630767822,0.41723448038101196,-0.024256961420178413,-0.0018225813983008265,-0.27452364563941956,2.8958303928375244,5895534.0
41.599998474121094,48.548133850097656,0.3429460823535919,-0.02620762772858143,871.6195678710938,-0.3621268570423126,1136.9161376953125,-0.6759440302848816,1062.3001708984375,-0.5726737380027771,1155.01953125,-0.7613288164138794,0.8538850545883179,0.7149607539176941,0.5181243419647217,0.46947985887527466,0.4407542943954468,0.42330387234687805,-0.005857161711901426,-0.009826692752540112,-0.012479472905397415,-0.016551781445741653,-0.022033363580703735,-0.02421177551150322,2.4889047145843506,0.4148174226284027,-0.024125058203935623,-0.001847146195359528,-0.2782236933708191,2.8955445289611816,5894952.5
41.70000076293945,48.58213806152344,0.34003955125808716,-0.02906518056988716,871.5833129882812,-0.36298421025276184,1136.8485107421875,-0.6782499551773071,1062.2427978515625,-0.5743840932846069,1154.9432373046875,-0.7646207213401794,0.8532981276512146,0.7139757871627808,0.5168694257736206,0.4678134620189667,0.4385427236557007,0.4208848774433136,-0.005881384946405888,-0.009873109869658947,-0.012618131004273891,-0.016774747520685196,-0.022195741534233093,-0.02416541613638401,2.4744882583618164,0.41241469979286194,-0.023975254967808723,-0.001871455810032785,-0.2818852663040161,2.8952581882476807,5894369.0
41.79999923706055,48.6158447265625,0.33705949783325195,-0.02980055660009384,871.5469360351562,-0.3638576865196228,1136.780517578125,-0.6805649995803833,1062.185302734375,-0.5761157274246216,1154.8665771484375,-0.7678794264793396,0.8527087569236755,0.712986171245575,0.515600860118866,0.46612536907196045,0.43631619215011597,0.41847190260887146,-0.005905370227992535,-0.009918872267007828,-0.012753278017044067,-0.016986476257443428,-0.022332364693284035,-0.024092309176921844,2.4601640701293945,0.4100273549556732,-0.023818133398890495,-0.001895503606647253,-0.2855074405670166,2.8949708938598633,5893784.5
41.900001525878906,48.6492919921875,0.3344653248786926,-0.025941671803593636,871.510498046875,-0.36474713683128357,1136.71240234375,-0.6828886866569519,1062.1275634765625,-0.5778673887252808,1154.7896728515625,-0.7711063623428345,0.8521170616149902,0.7119920253753662,0.5143188834190369,0.46441659331321716,0.4340771734714508,0.4160671830177307,-0.005929127801209688,-0.009964004158973694,-0.012885035946965218,-0.01718750409781933,-0.022445881739258766,-0.024000834673643112,2.4459283351898193,0.40765470266342163,-0.023674234747886658,-0.0019193225307390094,-0.2890951335430145,2.8946831226348877,5893198.5
42.0,48.682559967041016,0.3326842486858368,-0.01781100034713745,871.4739990234375,-0.3656523823738098,1136.6439208984375,-0.6852214932441711,1062.0697021484375,-0.5796381831169128,1154.71240234375,-0.774306058883667,0.8515229821205139,0.7109934091567993,0.5130239725112915,0.46268823742866516,0.4318277835845947,0.4136720597743988,-0.005952691193670034,-0.01000859122723341,-0.013013751246035099,-0.017378907650709152,-0.022540247067809105,-0.023901941254734993,2.43176531791687,0.4052942395210266,-0.02356148138642311,-0.0019429826643317938,-0.29265889525413513,2.894394636154175,5892611.0
42.099998474121094,48.71573257446289,0.3317078649997711,-0.009763670153915882,871.4373779296875,-0.3665732145309448,1136.5753173828125,-0.6875641942024231,1062.01171875,-0.5814271569252014,1154.634765625,-0.7774838209152222,0.8509265184402466,0.7099903225898743,0.5117162466049194,0.4609411656856537,0.42956972122192383,0.41128674149513245,-0.005976101383566856,-0.010052732191979885,-0.013139819726347923,-0.017561865970492363,-0.0226194616407156,-0.023804910480976105,2.4176576137542725,0.4029429256916046,-0.02347826398909092,-0.0019665532745420933,-0.2962091863155365,2.8941054344177246,5892022.0
42.20000076293945,48.74882888793945,0.3309919238090515,-0.007159456145018339,871.4006958007812,-0.3675093948841095,1136.5064697265625,-0.6899168491363525,1061.9534912109375,-0.5832335352897644,1154.556884765625,-0.7806419730186462,0.850327730178833,0.7089828848838806,0.5103960633277893,0.4591761827468872,0.42730438709259033,0.4089109003543854,-0.00599937466904521,-0.010096471756696701,-0.013263428583741188,-0.017737019807100296,-0.022685812786221504,-0.023712456226348877,2.403596878051758,0.40059947967529297,-0.023400792852044106,-0.0019900568295270205,-0.29974937438964844,2.893815279006958,5891432.0
42.29999923706055,48.78185272216797,0.3302161395549774,-0.0077578481286764145,871.3638916015625,-0.36846068501472473,1136.4373779296875,-0.6922787427902222,1061.89501953125,-0.585056722164154,1154.4786376953125,-0.7837803363800049,0.849726676940918,0.7079710364341736,0.5090636610984802,0.4573940634727478,0.4250330328941345,0.40654414892196655,-0.006022509653121233,-0.010139803402125835,-0.013384579680860043,-0.017904529348015785,-0.02274014987051487,-0.023622795939445496,2.389585018157959,0.39826416969299316,-0.02331722155213356,-0.0020134879741817713,-0.30327868461608887,2.893524646759033,5890840.0
42.400001525878906,48.8148078918457,0.32954442501068115,-0.006717185024172068,871.3269653320312,-0.36942681670188904,1136.3680419921875,-0.694649338722229,1061.83642578125,-0.5868959426879883,1154.400146484375,-0.7868990898132324,0.8491232395172119,0.7069548964500427,0.5077192783355713,0.45559555292129517,0.42275679111480713,0.40418627858161926,-0.0060455044731497765,-0.010182726196944714,-0.013503297232091427,-0.01806461252272129,-0.022783419117331505,-0.023535167798399925,2.375622034072876,0.3959369957447052,-0.023235859349370003,-0.002036856021732092,-0.30679845809936523,2.893233060836792,5890246.5
42.5,48.84773254394531,0.3292582333087921,-0.002861804561689496,871.2899780273438,-0.3704075515270233,1136.2984619140625,-0.6970285177230835,1061.777587890625,-0.5887506604194641,1154.3212890625,-0.7900001406669617,0.8485175371170044,0.7059345245361328,0.5063630938529968,0.453781396150589,0.4204767346382141,0.40183696150779724,-0.006068373564630747,-0.010225276462733746,-0.013619732111692429,-0.018217790871858597,-0.022817352786660194,-0.02345161698758602,2.3617019653320312,0.3936169743537903,-0.023168234154582024,-0.002060194034129381,-0.31031370162963867,2.8929407596588135,5889651.5
42.599998474121094,48.88065719604492,0.3292669355869293,8.692618575878441e-05,871.2529296875,-0.3714025914669037,1136.2286376953125,-0.6994163990020752,1061.7186279296875,-0.590620219707489,1154.2420654296875,-0.7930854558944702,0.8479095697402954,0.7049098610877991,0.5049954056739807,0.4519522488117218,0.41819363832473755,0.3994957208633423,-0.006091130897402763,-0.010267487727105618,-0.01373403612524271,-0.01836457848548889,-0.022843550890684128,-0.023373687639832497,2.347818374633789,0.39130306243896484,-0.02310946397483349,-0.0020835278555750847,-0.31382831931114197,2.8926477432250977,5889054.5
42.70000076293945,48.91359329223633,0.32932934165000916,0.0006241640076041222,871.2156982421875,-0.37241166830062866,1136.1585693359375,-0.7018125653266907,1061.6595458984375,-0.5925041437149048,1154.1627197265625,-0.7961554527282715,0.847299337387085,0.703881025314331,0.5036163926124573,0.45010873675346375,0.4159082770347595,0.3971620500087738,-0.00611377926543355,-0.010309367440640926,-0.013846258632838726,-0.01850522868335247,-0.022862806916236877,-0.02330045960843563,2.333970308303833,0.3889950215816498,-0.02304973639547825,-0.002106861677020788,-0.31734296679496765,2.8923537731170654,5888456.5
42.79999923706055,48.946533203125,0.32942354679107666,0.0009420175920240581,871.1784057617188,-0.37343448400497437,1136.0882568359375,-0.704216480255127,1061.6002197265625,-0.5944018959999084,1154.0828857421875,-0.799210250377655,0.846686840057373,0.7028480172157288,0.5022262334823608,0.4482514560222626,0.41362133622169495,0.394835501909256,-0.0061363172717392445,-0.010350914672017097,-0.013956413604319096,-0.01863989420235157,-0.022875607013702393,-0.023230521008372307,2.320158004760742,0.38669300079345703,-0.02298903279006481,-0.002130198758095503,-0.32085806131362915,2.892059326171875,5887856.5
42.900001525878906,48.9794807434082,0.3294731676578522,0.000496187771204859,871.1410522460938,-0.3744707703590393,1136.0177001953125,-0.706627607345581,1061.5406494140625,-0.5963128805160522,1154.0028076171875,-0.8022494912147522,0.8460720777511597,0.7018108367919922,0.5008251667022705,0.44638100266456604,0.4113334119319916,0.3925158679485321,-0.006158741191029549,-0.010392120108008385,-0.0140644870698452,-0.018768660724163055,-0.022882219403982162,-0.023162253201007843,2.3063838481903076,0.3843972980976105,-0.02292417362332344,-0.0021535351406782866,-0.3243730664253235,2.891763687133789,5887255.0
43.0,49.01238250732422,0.32900887727737427,-0.004642984829843044,871.103515625,-0.3755202293395996,1135.9468994140625,-0.7090446949005127,1061.48095703125,-0.5982367396354675,1153.9224853515625,-0.8052704334259033,0.8454551100730896,0.7007696032524109,0.4994134306907654,0.4444979727268219,0.40904515981674194,0.39020317792892456,-0.006181027740240097,-0.010432926937937737,-0.014170295558869839,-0.01889117993414402,-0.02288171835243702,-0.023090844973921776,2.2926578521728516,0.382109671831131,-0.022835958749055862,-0.0021768263541162014,-0.3278812766075134,2.891467571258545,5886652.0
43.099998474121094,49.04517364501953,0.3279009461402893,-0.011079376563429832,871.06591796875,-0.3765825629234314,1135.8758544921875,-0.7114658951759338,1061.4210205078125,-0.6001726984977722,1153.841796875,-0.8082690238952637,0.8448358774185181,0.6997243165969849,0.4979912340641022,0.4426030218601227,0.4067574143409729,0.3878980875015259,-0.006203142926096916,-0.010473252274096012,-0.01427355594933033,-0.019006870687007904,-0.02287258952856064,-0.02301066555082798,2.278995990753174,0.3798326551914215,-0.022720908746123314,-0.002200016286224127,-0.33137422800064087,2.8911702632904053,5886047.0
43.20000076293945,49.077823638916016,0.32649606466293335,-0.014048845507204533,871.0281982421875,-0.3776574730873108,1135.8045654296875,-0.713890016078949,1061.36083984375,-0.6021202206611633,1153.7607421875,-0.8112427592277527,0.8442144393920898,0.6986749768257141,0.49655881524086,0.4406968653202057,0.4044710397720337,0.3856015205383301,-0.006225064862519503,-0.010513044893741608,-0.014374099671840668,-0.019115444272756577,-0.022854182869195938,-0.022919803857803345,2.2654075622558594,0.37756791710853577,-0.022593751549720764,-0.002223079325631261,-0.3348480761051178,2.8908724784851074,5885440.5
43.29999923706055,49.11030578613281,0.3248429298400879,-0.01653132028877735,870.9904174804688,-0.3787446618080139,1135.7330322265625,-0.7163158655166626,1061.300537109375,-0.604078471660614,1153.6795654296875,-0.8141899108886719,0.8435908555984497,0.6976217031478882,0.4951165020465851,0.4387802183628082,0.40218695998191833,0.3833145797252655,-0.006246777717024088,-0.010552267543971539,-0.01447182148694992,-0.019216766580939293,-0.022826315835118294,-0.022818053141236305,2.2518999576568604,0.37531667947769165,-0.022455349564552307,-0.0022459938190877438,-0.3382995128631592,2.890573501586914,5884832.0
43.400001525878906,49.14257049560547,0.3226601183414459,-0.021827880293130875,870.9524536132812,-0.3798438012599945,1135.661376953125,-0.7187420725822449,1061.2401123046875,-0.6060467958450317,1153.597900390625,-0.817107617855072,0.8429651260375977,0.6965645551681519,0.49366459250450134,0.43685382604599,0.399906188249588,0.38103845715522766,-0.006268257275223732,-0.010590859688818455,-0.014566526748239994,-0.019310487434267998,-0.022788207978010178,-0.02270335704088211,2.2384846210479736,0.3730807602405548,-0.022294526919722557,-0.002268713666126132,-0.34172165393829346,2.8902738094329834,5884222.0
43.5,49.17453384399414,0.3196280002593994,-0.030321303755044937,870.9144287109375,-0.3809545636177063,1135.58935546875,-0.7211665511131287,1061.1793212890625,-0.6080244183540344,1153.51611328125,-0.8199911117553711,0.8423372507095337,0.6955035924911499,0.49220335483551025,0.43491846323013306,0.3976297974586487,0.3787746727466583,-0.006289463024586439,-0.010628724470734596,-0.014657886698842049,-0.019395926967263222,-0.02273821458220482,-0.022571345791220665,2.225179433822632,0.3708632290363312,-0.022099822759628296,-0.0022911645937711,-0.34510329365730286,2.8899734020233154,5883610.0
43.599998474121094,49.20607376098633,0.31538116931915283,-0.04246826469898224,870.8762817382812,-0.38207656145095825,1135.51708984375,-0.7235865592956543,1061.118408203125,-0.6100103259086609,1153.4339599609375,-0.8228334188461304,0.8417072296142578,0.6944388151168823,0.49073314666748047,0.43297502398490906,0.3953591585159302,0.37652522325515747,-0.006310338154435158,-0.010665724985301495,-0.014745425432920456,-0.019472049549221992,-0.022673802450299263,-0.02241560071706772,2.212010383605957,0.3686683773994446,-0.02185814455151558,-0.0023132406640797853,-0.3484284579753876,2.889671802520752,5882996.5
43.70000076293945,49.237030029296875,0.3095526397228241,-0.058285415172576904,870.8380126953125,-0.3832094967365265,1135.444580078125,-0.7259986996650696,1061.057373046875,-0.6120035648345947,1153.3515625,-0.8256257772445679,0.8410751819610596,0.6933704614639282,0.4892544448375702,0.4310244917869568,0.39309579133987427,0.37429293990135193,-0.006330808624625206,-0.0107016796246171,-0.014828518033027649,-0.019537467509508133,-0.022591590881347656,-0.022228097543120384,2.1990108489990234,0.3665018081665039,-0.021556692197918892,-0.002334804041311145,-0.35167643427848816,2.889369487762451,5882381.0
43.79999923706055,49.26721954345703,0.3019258975982666,-0.0762672871351242,870.7996215820312,-0.3843529522418976,1135.3719482421875,-0.7283990383148193,1060.99609375,-0.6140027642250061,1153.268798828125,-0.8283577561378479,0.840441107749939,0.6922985315322876,0.48776766657829285,0.42906802892684937,0.3908417224884033,0.37208136916160583,-0.0063507892191410065,-0.010736382566392422,-0.01490644458681345,-0.019590580835938454,-0.022487781941890717,-0.022000689059495926,2.1862196922302246,0.3643699586391449,-0.02118871733546257,-0.002355697564780712,-0.354823499917984,2.889066219329834,5881763.5
43.900001525878906,49.296478271484375,0.2925681173801422,-0.09357791393995285,870.7611083984375,-0.3855065107345581,1135.2989501953125,-0.7307835221290588,1060.9345703125,-0.61600661277771,1153.1859130859375,-0.8310192823410034,0.8398050665855408,0.6912232637405396,0.4862734079360962,0.42710694670677185,0.3885992765426636,0.3698948323726654,-0.006370195187628269,-0.010769628919661045,-0.01497850101441145,-0.01962984725832939,-0.022358935326337814,-0.021727435290813446,2.173675060272217,0.36227917671203613,-0.020758051425218582,-0.0023757698945701122,-0.35784685611724854,2.8887622356414795,5881144.0
44.0,49.32469940185547,0.2821994423866272,-0.10368680208921432,870.7225341796875,-0.38666969537734985,1135.2257080078125,-0.7331490516662598,1060.872802734375,-0.6180133819580078,1153.1026611328125,-0.8336036205291748,0.839167058467865,0.6901447176933289,0.4847722351551056,0.42514267563819885,0.38637104630470276,0.36773788928985596,-0.006388969719409943,-0.010801281780004501,-0.015044239349663258,-0.019654398784041405,-0.022203579545021057,-0.021409079432487488,2.161402940750122,0.3602338135242462,-0.020292717963457108,-0.0023949320893734694,-0.3607330918312073,2.8884570598602295,5880523.0
44.099998474121094,49.35181427001953,0.27118101716041565,-0.11018430441617966,870.6837768554688,-0.3878420889377594,1135.15234375,-0.7354932427406311,1060.8109130859375,-0.6200214624404907,1153.0191650390625,-0.8361068367958069,0.838527262210846,0.6890630722045898,0.4832648038864136,0.42317667603492737,0.3841596841812134,0.3656148314476013,-0.006407078355550766,-0.010831261053681374,-0.0151034165173769,-0.01966387964785099,-0.022021722048521042,-0.021050283685326576,2.149419069290161,0.35823652148246765,-0.01980452612042427,-0.0024131264071911573,-0.3634736239910126,2.888151168823242,5879900.0
44.20000076293945,49.377784729003906,0.2597006857395172,-0.11480316519737244,870.6449584960938,-0.389023095369339,1135.07861328125,-0.7378140687942505,1060.7489013671875,-0.6220293045043945,1152.9354248046875,-0.8385264277458191,0.8378856778144836,0.6879785060882568,0.48175182938575745,0.42121052742004395,0.38196781277656555,0.3635294437408447,-0.006424498278647661,-0.01085950993001461,-0.015155891887843609,-0.019658192992210388,-0.021814025938510895,-0.020656567066907883,2.137734889984131,0.3562891483306885,-0.019300062209367752,-0.0024303123354911804,-0.3660622239112854,2.8878443241119385,5879275.5
44.29999923706055,49.402565002441406,0.24778972566127777,-0.11910957098007202,870.6060180664062,-0.39021220803260803,1135.0047607421875,-0.7401096224784851,1060.6865234375,-0.624035120010376,1152.8514404296875,-0.8408601880073547,0.8372424244880676,0.6868912577629089,0.48023390769958496,0.4192456603050232,0.37979793548583984,0.36148494482040405,-0.006441208533942699,-0.010885985568165779,-0.015201558358967304,-0.019637329503893852,-0.02158132754266262,-0.020232737064361572,2.126359224319458,0.3543931841850281,-0.018780359998345375,-0.0024464514572173357,-0.36849313974380493,2.8875362873077393,5878648.5
44.400001525878906,49.426063537597656,0.2349851280450821,-0.12804602086544037,870.56689453125,-0.3914088308811188,1134.9306640625,-0.7423775792121887,1060.6240234375,-0.6260374188423157,1152.7672119140625,-0.8431042432785034,0.8365975022315979,0.6858013868331909,0.4787117838859558,0.41728368401527405,0.3776526153087616,0.35948431491851807,-0.006457174196839333,-0.01091060321778059,-0.015240170992910862,-0.019600925967097282,-0.021323444321751595,-0.019779471680521965,2.1153085231781006,0.3525514304637909,-0.0182283204048872,-0.002461464609950781,-0.3707544803619385,2.8872275352478027,5878020.0
44.5,49.44819259643555,0.22127710282802582,-0.13708023726940155,870.5277099609375,-0.3926123380661011,1134.8563232421875,-0.7446151971817017,1060.561279296875,-0.6280343532562256,1152.682861328125,-0.8452538251876831,0.835951030254364,0.6847091913223267,0.4771861732006073,0.41532614827156067,0.3755343556404114,0.35753050446510315,-0.006472354754805565,-0.010933267883956432,-0.015271439217031002,-0.019548514857888222,-0.021039877086877823,-0.0192963108420372,2.1046018600463867,0.35076698660850525,-0.01764540560543537,-0.0024752726312726736,-0.37283429503440857,2.88691782951355,5877389.5
44.599998474121094,49.4688835144043,0.2069195955991745,-0.14357514679431915,870.4884033203125,-0.3938220739364624,1134.78173828125,-0.7468201518058777,1060.4984130859375,-0.6300243735313416,1152.59814453125,-0.847305417060852,0.8353030681610107,0.6836148500442505,0.4756578207015991,0.413374662399292,0.3734457194805145,0.3556264340877533,-0.006486719008535147,-0.010953905992209911,-0.015295159071683884,-0.019479850307106972,-0.020730741322040558,-0.018784675747156143,2.0942535400390625,0.34904226660728455,-0.017041020095348358,-0.0024878177791833878,-0.374723881483078,2.8866071701049805,5876757.0
44.70000076293945,49.488094329833984,0.19211864471435547,-0.14800947904586792,870.448974609375,-0.3950374126434326,1134.7069091796875,-0.7489903569221497,1060.435302734375,-0.6320056319236755,1152.513427734375,-0.8492568135261536,0.8346536755561829,0.682518482208252,0.47412747144699097,0.41143083572387695,0.3713892698287964,0.3537748456001282,-0.006500245071947575,-0.010972469113767147,-0.015311220660805702,-0.01939491555094719,-0.02039676159620285,-0.018247511237859726,2.0842738151550293,0.3473789393901825,-0.016421981155872345,-0.0024990609381347895,-0.3764173686504364,2.8862955570220947,5876122.5
44.79999923706055,49.50575637817383,0.17662468552589417,-0.15493953227996826,870.4093627929688,-0.39625757932662964,1134.6319580078125,-0.7511236071586609,1060.3720703125,-0.633976399898529,1152.4283447265625,-0.8511050343513489,0.8340030312538147,0.6814204454421997,0.4725959002971649,0.40949636697769165,0.36936742067337036,0.35197821259498596,-0.006512905936688185,-0.010988893918693066,-0.015319458208978176,-0.019293557852506638,-0.020038211718201637,-0.01768580824136734,2.0746750831604004,0.3457791805267334,-0.0157785564661026,-0.002508940640836954,-0.3779055178165436,2.8859829902648926,5875486.0
44.900001525878906,49.52178955078125,0.16033577919006348,-0.16288907825946808,870.3696899414062,-0.39748191833496094,1134.556640625,-0.7532173991203308,1060.30859375,-0.6359350681304932,1152.3431396484375,-0.8528461456298828,0.8333511352539062,0.6803207993507385,0.47106391191482544,0.40757283568382263,0.3673827052116394,0.35023897886276245,-0.006524667609483004,-0.0110031021758914,-0.015319649130105972,-0.01917548105120659,-0.01965494640171528,-0.017099104821681976,2.065473794937134,0.3442456126213074,-0.015107855200767517,-0.002517387270927429,-0.3791777491569519,2.885669231414795,5874847.5
45.0,49.5361328125,0.14342954754829407,-0.16906236112117767,870.3298950195312,-0.39870962500572205,1134.4813232421875,-0.7552694082260132,1060.244873046875,-0.6378797292709351,1152.2578125,-0.854477047920227,0.8326981663703918,0.6792199015617371,0.469532310962677,0.4056619703769684,0.36543750762939453,0.3485596776008606,-0.006535501219332218,-0.011015025898814201,-0.015311618335545063,-0.019040508195757866,-0.019247133284807205,-0.016488000750541687,2.05668306350708,0.3427805006504059,-0.01441638171672821,-0.002524346113204956,-0.38022592663764954,2.88535475730896,5874207.5
45.099998474121094,49.54872131347656,0.1258808672428131,-0.17548677325248718,870.2899780273438,-0.39993995428085327,1134.4056396484375,-0.7572773098945618,1060.180908203125,-0.6398086547851562,1152.1722412109375,-0.8559945821762085,0.8320440649986267,0.6781178712844849,0.46800193190574646,0.4037654399871826,0.3635343313217163,0.346942663192749,-0.00654537882655859,-0.011024601757526398,-0.015295200981199741,-0.018888486549258232,-0.01881498284637928,-0.015853099524974823,2.048316240310669,0.34138602018356323,-0.013702362775802612,-0.002529760589823127,-0.3810414671897888,2.8850393295288086,5873565.0
45.20000076293945,49.5594596862793,0.1073651909828186,-0.18515679240226746,870.2498779296875,-0.40117210149765015,1134.329833984375,-0.7592383027076721,1060.116943359375,-0.6417200565338135,1152.0865478515625,-0.8573942184448242,0.8313891291618347,0.6770150661468506,0.46647360920906067,0.4018850028514862,0.36167559027671814,0.3453904092311859,-0.006554259918630123,-0.011031736619770527,-0.015270127914845943,-0.018719010055065155,-0.01835797168314457,-0.015192636288702488,2.040391683578491,0.34006527066230774,-0.012953922152519226,-0.0025335459504276514,-0.3816116452217102,2.8847227096557617,5872920.5
45.29999923706055,49.568233489990234,0.08775922656059265,-0.19605964422225952,870.209716796875,-0.4024052321910858,1134.2537841796875,-0.7611493468284607,1060.0526123046875,-0.6436120867729187,1152.000732421875,-0.8586704134941101,0.8307332992553711,0.6759116649627686,0.46494826674461365,0.40002238750457764,0.35986387729644775,0.34390562772750854,-0.006562096998095512,-0.011036316864192486,-0.01523606013506651,-0.018531493842601776,-0.017875108867883682,-0.014503754675388336,2.0329315662384033,0.3388219475746155,-0.012167150154709816,-0.002535606734454632,-0.38192203640937805,2.8844053745269775,5872274.5
45.400001525878906,49.5749626159668,0.06729748100042343,-0.2046174556016922,870.16943359375,-0.40363848209381104,1134.1776123046875,-0.7630074620246887,1059.9881591796875,-0.6454827189445496,1151.9149169921875,-0.8598183989524841,0.8300767540931702,0.6748079061508179,0.463426798582077,0.39817947149276733,0.3581017255783081,0.3424912095069885,-0.006568848621100187,-0.011038245633244514,-0.015192711725831032,-0.018325503915548325,-0.017365843057632446,-0.01378543209284544,2.02595591545105,0.3376592993736267,-0.011350003071129322,-0.0025358679704368114,-0.3819614052772522,2.884086847305298,5871626.0
45.5,49.57961654663086,0.04653661325573921,-0.2076086550951004,870.1289672851562,-0.40487101674079895,1134.1011962890625,-0.7648103833198547,1059.923583984375,-0.6473301649093628,1151.828857421875,-0.8608358502388,0.8294195532798767,0.6737041473388672,0.4619101285934448,0.39635804295539856,0.3563918173313141,0.3411499559879303,-0.0065744915045797825,-0.011037473566830158,-0.015139986760914326,-0.01810106821358204,-0.016830909997224808,-0.013040698133409023,2.019474506378174,0.3365790843963623,-0.010520784184336662,-0.0025343038141727448,-0.3817257881164551,2.883767604827881,5870975.5
45.599998474121094,49.58217239379883,0.02555469051003456,-0.2098192274570465,870.0884399414062,-0.40610191226005554,1134.024658203125,-0.7665563225746155,1059.858642578125,-0.6491523385047913,1151.74267578125,-0.8617214560508728,0.828761875629425,0.672600507736206,0.46039918065071106,0.3945600092411041,0.3547366261482239,0.33988434076309204,-0.006579013075679541,-0.01103397086262703,-0.015077856369316578,-0.017858393490314484,-0.016271447762846947,-0.012273219414055347,2.0134949684143066,0.3355824947357178,-0.00967995636165142,-0.0025308949407190084,-0.3812123239040375,2.8834471702575684,5870323.5
45.70000076293945,49.58261489868164,0.004421180579811335,-0.21133509278297424,870.0477905273438,-0.4073302745819092,1133.9478759765625,-0.7682432532310486,1059.793701171875,-0.6509474515914917,1151.656494140625,-0.8624740839004517,0.82810378074646,0.6714974641799927,0.4588949382305145,0.3927871286869049,0.3531385660171509,0.3386964797973633,-0.006582400295883417,-0.011027713306248188,-0.015006310306489468,-0.017597712576389313,-0.015688618645071983,-0.011486105620861053,2.0080230236053467,0.3346705138683319,-0.008829308673739433,-0.002525629010051489,-0.38041913509368896,2.8831257820129395,5869669.0
45.79999923706055,49.580936431884766,-0.016807667911052704,-0.212288498878479,870.0069580078125,-0.40855512022972107,1133.8709716796875,-0.7698695063591003,1059.728515625,-0.6527135968208313,1151.5701904296875,-0.863092839717865,0.8274454474449158,0.6703951358795166,0.45739829540252686,0.39104121923446655,0.35159990191459656,0.33758819103240967,-0.006584642454981804,-0.011018681339919567,-0.014925354160368443,-0.017319299280643463,-0.015083597041666508,-0.010682019405066967,2.0030643939971924,0.33384406566619873,-0.00796996895223856,-0.002518498105928302,-0.3793450593948364,2.882803440093994,5869013.0
45.900001525878906,49.57713317871094,-0.03801395371556282,-0.21206285059452057,869.966064453125,-0.4097755253314972,1133.7939453125,-0.7714334726333618,1059.6632080078125,-0.6544489860534668,1151.48388671875,-0.8635773062705994,0.8267869353294373,0.6692938208580017,0.45591023564338684,0.38932400941848755,0.3501227796077728,0.33656102418899536,-0.006585733499377966,-0.011006862856447697,-0.014835026115179062,-0.017023494467139244,-0.014457683078944683,-0.009863631799817085,1.9986224174499512,0.333103746175766,-0.007105252705514431,-0.002509505022317171,-0.3779905140399933,2.8824801445007324,5868355.0
46.0,49.57124328613281,-0.05891484022140503,-0.2090088427066803,869.925048828125,-0.41099053621292114,1133.7166748046875,-0.772933840751648,1059.59765625,-0.6561519503593445,1151.3974609375,-0.8639281988143921,0.826128363609314,0.6681938767433167,0.4544316828250885,0.3876372277736664,0.34870922565460205,0.33561623096466064,-0.00658567575737834,-0.010992269963026047,-0.014735449105501175,-0.01671084389090538,-0.013812655583024025,-0.009034759365022182,1.9946969747543335,0.3324494957923889,-0.006244110409170389,-0.002498677931725979,-0.3763596713542938,2.8821558952331543,5867694.5
46.099998474121094,49.563331604003906,-0.07912108302116394,-0.2020624279975891,869.8838500976562,-0.4121991693973541,1133.6392822265625,-0.774370014667511,1059.531982421875,-0.6578206419944763,1151.3111572265625,-0.8641480207443237,0.8254698514938354,0.6670954823493958,0.45296353101730347,0.3859825134277344,0.3473610281944275,0.33475461602211,-0.00658448738977313,-0.010974952019751072,-0.014626882039010525,-0.016382217407226562,-0.013151071034371853,-0.00820108875632286,1.991280436515808,0.3318800628185272,-0.005398907698690891,-0.0024860785342752934,-0.3744618892669678,2.8818306922912598,5867032.5
46.20000076293945,49.553470611572266,-0.09859868139028549,-0.1947760134935379,869.8425903320312,-0.41340044140815735,1133.561767578125,-0.7757415175437927,1059.466064453125,-0.6594536900520325,1151.2247314453125,-0.8642399907112122,0.8248115181922913,0.6659989953041077,0.45150667428970337,0.3843614161014557,0.34607967734336853,0.3339763581752777,-0.006582190748304129,-0.010954969562590122,-0.014509622007608414,-0.0160385612398386,-0.012475565075874329,-0.007367741782218218,1.9883633852005005,0.33139389753341675,-0.004569463897496462,-0.002471771789714694,-0.3723070025444031,2.881504535675049,5866368.5
46.29999923706055,49.54172897338867,-0.11739618331193924,-0.18797501921653748,869.8012084960938,-0.414593368768692,1133.484130859375,-0.7770479917526245,1059.4000244140625,-0.6610495448112488,1151.1383056640625,-0.8642069697380066,0.8241534233093262,0.6649045944213867,0.45006194710731506,0.3827753961086273,0.34486645460128784,0.3332812488079071,-0.006578806322067976,-0.010932378470897675,-0.014383947476744652,-0.01568075269460678,-0.011788447387516499,-0.006538224406540394,1.985937237739563,0.3309895396232605,-0.003753889352083206,-0.0024558191653341055,-0.36990416049957275,2.8811774253845215,5865702.5
46.400001525878906,49.528194427490234,-0.13536913692951202,-0.17972955107688904,869.7596435546875,-0.4157769978046417,1133.4063720703125,-0.7782891988754272,1059.3338623046875,-0.6626068949699402,1151.0518798828125,-0.8640522956848145,0.8234957456588745,0.6638125777244568,0.4486302137374878,0.3812257945537567,0.3437224328517914,0.3326687216758728,-0.006574359256774187,-0.010907243937253952,-0.014250166714191437,-0.015309736132621765,-0.011092081665992737,-0.005715921521186829,1.9839915037155151,0.33066526055336,-0.002957226475700736,-0.0024382940027862787,-0.36726444959640503,2.8808493614196777,5865035.0
46.5,49.5129280090332,-0.15264442563056946,-0.17275281250476837,869.718017578125,-0.4169503152370453,1133.3284912109375,-0.7794649004936218,1059.2674560546875,-0.6641244888305664,1150.9654541015625,-0.8637789487838745,0.8228386044502258,0.6627232432365417,0.44721224904060364,0.3797139525413513,0.3426484167575836,0.3321380019187927,-0.006568870972841978,-0.010879624634981155,-0.014108562842011452,-0.014926361851394176,-0.010388471186161041,-0.004902850370854139,1.9825170040130615,0.33041951060295105,-0.0021744261030107737,-0.0024192589335143566,-0.3643973469734192,2.8805203437805176,5864365.0
46.599998474121094,49.496009826660156,-0.16919882595539093,-0.1655440628528595,869.67626953125,-0.4181124269962311,1133.25048828125,-0.7805748581886292,1059.2010498046875,-0.6656011939048767,1150.879150390625,-0.8633897304534912,0.8221820592880249,0.6616367697715759,0.4458087980747223,0.37824103236198425,0.3416450619697571,0.3316880166530609,-0.006562362425029278,-0.010849576443433762,-0.01395940501242876,-0.014531434513628483,-0.0096793994307518,-0.004100356716662645,1.9815049171447754,0.3302508294582367,-0.0014065823052078485,-0.0023987789172679186,-0.36131253838539124,2.88019061088562,5863693.5
46.70000076293945,49.477535247802734,-0.18473607301712036,-0.1553724855184555,869.6343994140625,-0.4192623198032379,1133.17236328125,-0.7816193103790283,1059.1343994140625,-0.6670359373092651,1150.792724609375,-0.862888753414154,0.8215261697769165,0.6605533957481384,0.4444206655025482,0.3768081068992615,0.3407127559185028,0.33131763339042664,-0.006554864812642336,-0.010817178525030613,-0.013803049921989441,-0.01412595808506012,-0.008967110887169838,-0.0033113311510533094,1.9809420108795166,0.33015701174736023,-0.0006639770581386983,-0.002376944525167346,-0.3580237627029419,2.879859685897827,5863020.0
46.79999923706055,49.457603454589844,-0.19932830333709717,-0.14592233300209045,869.5924072265625,-0.42039909958839417,1133.09423828125,-0.7825985550880432,1059.067626953125,-0.6684277653694153,1150.70654296875,-0.8622801303863525,0.820871114730835,0.6594734191894531,0.44304847717285156,0.37541624903678894,0.3398517370223999,0.3310253918170929,-0.006546409800648689,-0.010782515630126,-0.013639857061207294,-0.0137109300121665,-0.008253734558820724,-0.002538110828027129,1.9808144569396973,0.3301357626914978,5.6645301810931414e-05,-0.002353839809074998,-0.35454365611076355,2.879528045654297,5862344.5
46.900001525878906,49.436275482177734,-0.21326759457588196,-0.1393928974866867,869.5503540039062,-0.4215218722820282,1133.015869140625,-0.7835126519203186,1059.000732421875,-0.6697759032249451,1150.620361328125,-0.8615666627883911,0.820216953754425,0.6583970189094543,0.44169294834136963,0.3740662932395935,0.33906206488609314,0.33080965280532837,-0.006537018343806267,-0.010745642706751823,-0.013470091857016087,-0.01328708603978157,-0.007540582679212093,-0.0017804879462346435,1.9811134338378906,0.33018556237220764,0.0007651722407899797,-0.0023295239079743624,-0.3508811295032501,2.87919545173645,5861667.5
47.0,49.413578033447266,-0.22699077427387238,-0.13723169267177582,869.5081176757812,-0.4226297438144684,1132.9375,-0.7843608856201172,1058.9337158203125,-0.6710794568061829,1150.5341796875,-0.8607490062713623,0.8195637464523315,0.6573243737220764,0.44035473465919495,0.3727591931819916,0.33834367990493774,0.3306690454483032,-0.006526694633066654,-0.01070657279342413,-0.013293853960931301,-0.012854741886258125,-0.006827784702181816,-0.0010349972872063518,1.9818376302719116,0.3303062617778778,0.0014764544321224093,-0.0023040175437927246,-0.34703922271728516,2.878861904144287,5860988.5
47.099998474121094,49.3895378112793,-0.2403917759656906,-0.13401006162166595,869.4658203125,-0.4237218499183655,1132.8590087890625,-0.7851427793502808,1058.866455078125,-0.6723377108573914,1150.4481201171875,-0.8598275184631348,0.818911612033844,0.6562557816505432,0.43903443217277527,0.37149569392204285,0.33769655227661133,0.3306025266647339,-0.006515440531075001,-0.010665316134691238,-0.013111226260662079,-0.01241416484117508,-0.006115349009633064,-0.0002987442130688578,1.9829868078231812,0.3304978013038635,0.0021860336419194937,-0.0022773502860218287,-0.34302252531051636,2.8785274028778076,5860308.0
47.20000076293945,49.36420440673828,-0.2533276379108429,-0.12935863435268402,869.4234008789062,-0.4247973561286926,1132.780517578125,-0.7858577370643616,1058.7991943359375,-0.6735497713088989,1150.3623046875,-0.8588032722473145,0.818260669708252,0.6551914215087891,0.4377327263355255,0.37027668952941895,0.3371206521987915,0.33060920238494873,-0.006503263022750616,-0.010621894150972366,-0.012922342866659164,-0.011965740472078323,-0.005403626710176468,0.00042939683771692216,1.9845582246780396,0.3307597041130066,0.0028897265437990427,-0.002249564742669463,-0.3388373851776123,2.878192186355591,5859625.5
47.29999923706055,49.33763885498047,-0.2656579315662384,-0.12330286204814911,869.380859375,-0.4258553981781006,1132.701904296875,-0.7865057587623596,1058.7318115234375,-0.674714982509613,1150.2763671875,-0.8576780557632446,0.817611038684845,0.6541314721107483,0.43645021319389343,0.3691028654575348,0.3366158604621887,0.3306882679462433,-0.006490176077932119,-0.010576343163847923,-0.012727384455502033,-0.011509969830513,-0.004693290218710899,0.0011492037447169423,1.986546516418457,0.3310910761356354,0.0035831339191645384,-0.0022207158617675304,-0.3344920575618744,2.8778562545776367,5858941.0
47.400001525878906,49.309898376464844,-0.2774049639701843,-0.11747044324874878,869.3381958007812,-0.42689523100852966,1132.6231689453125,-0.7870866060256958,1058.664306640625,-0.6758326292037964,1150.190673828125,-0.8564535975456238,0.816962718963623,0.6530762314796448,0.4351874887943268,0.3679749667644501,0.33618196845054626,0.3308388888835907,-0.006476192735135555,-0.010528700426220894,-0.012526539154350758,-0.01104735303670168,-0.003984994255006313,0.0018604102078825235,1.9889459609985352,0.33149099349975586,0.00426750211045146,-0.0021908562630414963,-0.3299944996833801,2.877519369125366,5858255.5
47.5,49.28106689453125,-0.2883337736129761,-0.10928808152675629,869.2954711914062,-0.427916020154953,1132.54443359375,-0.787600576877594,1058.5966796875,-0.6769019961357117,1150.1051025390625,-0.8551327586174011,0.8163158297538757,0.6520258188247681,0.4339451491832733,0.3668936491012573,0.3358187675476074,0.33106014132499695,-0.00646133441478014,-0.010479023680090904,-0.012320056557655334,-0.010578541085124016,-0.0032797963358461857,0.0025613978505134583,1.991747498512268,0.33195793628692627,0.004934163298457861,-0.0021600588224828243,-0.3253556787967682,2.8771815299987793,5857568.0
47.599998474121094,49.251216888427734,-0.2984849512577057,-0.10151174664497375,869.2526245117188,-0.4289170503616333,1132.4656982421875,-0.7880478501319885,1058.5289306640625,-0.6779226660728455,1150.0196533203125,-0.8537184000015259,0.8156704306602478,0.650980532169342,0.4327237010002136,0.3658595085144043,0.33552590012550354,0.3313508927822113,-0.006445623934268951,-0.01042737066745758,-0.01210820022970438,-0.010104207322001457,-0.0025787760969251394,0.003250646637752652,1.9949415922164917,0.3324902653694153,0.0055849733762443066,-0.0021283936221152544,-0.3205861449241638,2.876843214035034,5856878.5
47.70000076293945,49.22042465209961,-0.3079358637332916,-0.09450925141572952,869.2096557617188,-0.42989757657051086,1132.3868408203125,-0.7884288430213928,1058.4610595703125,-0.6788939833641052,1149.9344482421875,-0.8522130846977234,0.8150267004966736,0.6499404311180115,0.43152371048927307,0.3648730218410492,0.3353028893470764,0.33170992136001587,-0.006429081782698631,-0.01037379540503025,-0.011891207657754421,-0.009624941274523735,-0.0018827514722943306,0.003927542828023434,1.9985194206237793,0.3330865800380707,0.006222196854650974,-0.0020959230605512857,-0.31569531559944153,2.8765039443969727,5856188.0
47.79999923706055,49.18876647949219,-0.3165748119354248,-0.08638948202133179,869.1666259765625,-0.430856853723526,1132.3079833984375,-0.7887438535690308,1058.39306640625,-0.6798155903816223,1149.8492431640625,-0.8506197929382324,0.8143846988677979,0.6489058136940002,0.43034565448760986,0.3639346957206726,0.3351491689682007,0.33213600516319275,-0.006411730777472258,-0.010318359360098839,-0.011669338680803776,-0.009141388349235058,-0.0011926809092983603,0.004590980242937803,2.0024709701538086,0.33374518156051636,0.006841160356998444,-0.0020627195481210947,-0.3106940984725952,2.8761637210845947,5855495.5
47.900001525878906,49.15632629394531,-0.3243913948535919,-0.07816559076309204,869.12353515625,-0.43179425597190857,1132.2291259765625,-0.7889934778213501,1058.3250732421875,-0.6806870698928833,1149.7642822265625,-0.8489417433738708,0.8137444257736206,0.6478768587112427,0.4291900396347046,0.3630449175834656,0.3350641131401062,0.33262768387794495,-0.006393597461283207,-0.010261128656566143,-0.011442877352237701,-0.008654230274260044,-0.0005095904925838113,0.005239691119641066,2.0067853927612305,0.3344642221927643,0.007441306486725807,-0.0020288561936467886,-0.30559349060058594,2.8758230209350586,5854802.0
48.0,49.123207092285156,-0.33121007680892944,-0.06818705797195435,869.0802612304688,-0.43270906805992126,1132.150146484375,-0.7891785502433777,1058.2569580078125,-0.6815081238746643,1149.679443359375,-0.8471829891204834,0.8131060004234314,0.6468536853790283,0.4280572533607483,0.362203985452652,0.3350469470024109,0.3331833779811859,-0.0063747139647603035,-0.010202186182141304,-0.011212160810828209,-0.008164280094206333,0.0001651597413001582,0.005871433299034834,2.0114481449127197,0.3352413773536682,0.008015427738428116,-0.0019944212399423122,-0.3004067838191986,2.875481367111206,5854106.5
48.099998474121094,49.08949661254883,-0.3370850086212158,-0.05874911695718765,869.0369873046875,-0.4336007237434387,1132.0712890625,-0.7893000841140747,1058.1888427734375,-0.6822785139083862,1149.5948486328125,-0.8453477621078491,0.812469482421875,0.6458364725112915,0.42694777250289917,0.3614121377468109,0.3350967764854431,0.3338012993335724,-0.006355114746838808,-0.010141619481146336,-0.010977538302540779,-0.007672360632568598,0.0008302314090542495,0.006484268698841333,2.016444683074951,0.3360741138458252,0.008565100841224194,-0.001959498506039381,-0.29514655470848083,2.8751392364501953,5853409.5
48.20000076293945,49.0552978515625,-0.3419795334339142,-0.04894545301795006,868.9935913085938,-0.4344685673713684,1131.9923095703125,-0.7893592119216919,1058.1204833984375,-0.6829981207847595,1149.5103759765625,-0.8434404730796814,0.811834990978241,0.6448253989219666,0.4258618950843811,0.3606695532798767,0.3352125883102417,0.3344794809818268,-0.006334834732115269,-0.010079518891870975,-0.010739370249211788,-0.007179307751357555,0.0014842877862975001,0.0070764049887657166,2.021759033203125,0.3369598388671875,0.00908771064132452,-0.0019241737900301814,-0.28982582688331604,2.8747963905334473,5852711.5
48.29999923706055,49.02067947387695,-0.3462005853652954,-0.04221053421497345,868.9500732421875,-0.43531206250190735,1131.9134521484375,-0.7893566489219666,1058.05224609375,-0.6836669445037842,1149.4261474609375,-0.8414644598960876,0.8112025260925293,0.6438206434249878,0.42480000853538513,0.35997632145881653,0.33539319038391113,0.33521586656570435,-0.006313901394605637,-0.01001595240086317,-0.010497934184968472,-0.006685739383101463,0.0021266338881105185,0.007648151367902756,2.0273795127868652,0.33789658546447754,0.009593946859240532,-0.0018885069293901324,-0.2844535708427429,2.874452590942383,5852012.0
48.400001525878906,48.985679626464844,-0.35000038146972656,-0.03799786791205406,868.906494140625,-0.43613067269325256,1131.83447265625,-0.7892929911613464,1057.9837646484375,-0.6842848658561707,1149.3421630859375,-0.8394215106964111,0.8105722069740295,0.642822265625,0.4237624406814575,0.35933244228363037,0.33563748002052307,0.3360084593296051,-0.006292330101132393,-0.009950960986316204,-0.010253398679196835,-0.00619199313223362,0.002757346024736762,0.008201916702091694,2.0332999229431152,0.33888331055641174,0.010091861709952354,-0.001852535642683506,-0.27903544902801514,2.87410831451416,5851311.0
48.5,48.95029830932617,-0.35381972789764404,-0.03819335997104645,868.8628540039062,-0.43692389130592346,1131.7554931640625,-0.7891679406166077,1057.915283203125,-0.6848519444465637,1149.25830078125,-0.8373112082481384,0.8099440932273865,0.6418305039405823,0.42274945974349976,0.3587379455566406,0.335944265127182,0.33685579895973206,-0.006270118057727814,-0.009884540922939777,-0.010005769319832325,-0.005697993095964193,0.003377595217898488,0.008742890320718288,2.0395214557647705,0.3399202525615692,0.010597584769129753,-0.0018162589985877275,-0.27357134222984314,2.8737635612487793,5850609.0
48.599998474121094,48.91454315185547,-0.3575280010700226,-0.03708292543888092,868.819091796875,-0.43769124150276184,1131.6766357421875,-0.7889812588691711,1057.8468017578125,-0.6853680610656738,1149.1746826171875,-0.8351330757141113,0.8093182444572449,0.6408454179763794,0.4217614233493805,0.3581928610801697,0.3363126516342163,0.33775678277015686,-0.006247261073440313,-0.009816683828830719,-0.009755036793649197,-0.005203634966164827,0.0039885384030640125,0.009275173768401146,2.046046733856201,0.341007798910141,0.011105373501777649,-0.001779687823727727,-0.26806285977363586,2.873417854309082,5849905.5
48.70000076293945,48.87845230102539,-0.3609088957309723,-0.03380889073014259,868.7753295898438,-0.4384322762489319,1131.5977783203125,-0.7887331247329712,1057.7781982421875,-0.685833215713501,1149.09130859375,-0.832887589931488,0.8086946606636047,0.6398671865463257,0.42079856991767883,0.3576972186565399,0.3367416560649872,0.33871060609817505,-0.006223764270544052,-0.009747404605150223,-0.009501276537775993,-0.004709022585302591,0.004590678494423628,0.009800132364034653,2.0528738498687744,0.3421456217765808,0.011607708409428596,-0.001742851221933961,-0.2625144124031067,2.8730719089508057,5849201.0
48.79999923706055,48.84206008911133,-0.3639470040798187,-0.030380956828594208,868.7314453125,-0.43914657831192017,1131.5189208984375,-0.7884236574172974,1057.7095947265625,-0.6862473487854004,1149.008056640625,-0.8305757641792297,0.8080735206604004,0.6388959884643555,0.4198612868785858,0.35725104808807373,0.3372304439544678,0.3397165834903717,-0.006199635565280914,-0.00967672560364008,-0.009244590997695923,-0.0042143273167312145,0.005184285342693329,0.010318223387002945,2.0599992275238037,0.3433332145214081,0.012104524299502373,-0.0017057799268513918,-0.2569305896759033,2.872725248336792,5848495.0
48.900001525878906,48.8054084777832,-0.36648789048194885,-0.02540905401110649,868.6875,-0.43983373045921326,1131.4400634765625,-0.7880533933639526,1057.6409912109375,-0.6866104006767273,1148.9251708984375,-0.8281992077827454,0.8074547648429871,0.6379319429397583,0.41894978284835815,0.3568543493747711,0.3377781808376312,0.3407739996910095,-0.006174889393150806,-0.009604684077203274,-0.008985132910311222,-0.0037198434583842754,0.005769255105406046,0.010828700847923756,2.0674171447753906,0.34456953406333923,0.01258949562907219,-0.0016685178270563483,-0.2513180375099182,2.872377872467041,5847788.0
49.0,48.7685546875,-0.36854737997055054,-0.020594725385308266,868.6434936523438,-0.4404933750629425,1131.361328125,-0.7876227498054504,1057.5723876953125,-0.6869223117828369,1148.8424072265625,-0.8257598280906677,0.8068385720252991,0.636975109577179,0.4180643558502197,0.3565070629119873,0.3383839726448059,0.34188202023506165,-0.006149540655314922,-0.009531321935355663,-0.008723071776330471,-0.0032259041909128428,0.006345364730805159,0.011330629698932171,2.0751209259033203,0.3458534777164459,0.013063184916973114,-0.0016311074141412973,-0.24568316340446472,2.872030019760132,5847080.0
49.099998474121094,48.73154067993164,-0.3701254427433014,-0.015780698508024216,868.599365234375,-0.44112512469291687,1131.2825927734375,-0.7871323823928833,1057.503662109375,-0.6871832013130188,1148.760009765625,-0.8232595920562744,0.8062248826026917,0.6360257267951965,0.417205274105072,0.3562091290950775,0.3390468955039978,0.34303975105285645,-0.006123606581240892,-0.009456680156290531,-0.008458579890429974,-0.0027328412979841232,0.006912385579198599,0.011823233217000961,2.0831034183502197,0.3471839129924774,0.013524912297725677,-0.001593590946868062,-0.24003228545188904,2.8716819286346436,5846371.0
49.20000076293945,48.69444274902344,-0.37100890278816223,-0.008834470063447952,868.5552368164062,-0.4417286813259125,1131.203857421875,-0.7865832448005676,1057.4349365234375,-0.6873930096626282,1148.677734375,-0.820701539516449,0.8056138753890991,0.635083794593811,0.41637271642684937,0.3559604585170746,0.3397660553455353,0.3442462086677551,-0.006097112316638231,-0.0093808239325881,-0.008191902190446854,-0.0022411702666431665,0.00746957678347826,0.01230428833514452,2.0913538932800293,0.3485589623451233,0.013965411111712456,-0.0015560290776193142,-0.23437458276748657,2.871333122253418,5845661.0
49.29999923706055,48.65733337402344,-0.3710874319076538,-0.0007855182630009949,868.5110473632812,-0.44230371713638306,1131.125244140625,-0.7859765291213989,1057.3662109375,-0.6875520348548889,1148.5958251953125,-0.8180896043777466,0.8050054907798767,0.6341495513916016,0.41556695103645325,0.3557608127593994,0.3405403792858124,0.34550002217292786,-0.0060700904577970505,-0.009303836151957512,-0.007923359982669353,-0.0017515778308734298,0.008015749044716358,0.012770576402544975,2.0998573303222656,0.34997621178627014,0.01437968946993351,-0.0015184917720034719,-0.22872057557106018,2.870983839035034,5844950.0
49.400001525878906,48.62031936645508,-0.3701452910900116,0.0094215152785182,868.466796875,-0.44284993410110474,1131.046630859375,-0.7853140234947205,1057.29736328125,-0.6876603960990906,1148.51416015625,-0.8154292702674866,0.804399847984314,0.6332231163978577,0.4147880971431732,0.3556100130081177,0.3413686752319336,0.3467995226383209,-0.0060425857082009315,-0.009225827641785145,-0.007653369568288326,-0.0012649815762415528,0.008549122139811516,0.01321757584810257,2.1085944175720215,0.3514324128627777,0.014757649041712284,-0.0014810675056651235,-0.22308360040187836,2.870634078979492,5844238.0
49.5,48.58350372314453,-0.3681403696537018,0.02004912868142128,868.4224853515625,-0.4433671236038208,1130.9681396484375,-0.7845977544784546,1057.2286376953125,-0.6877184510231018,1148.4327392578125,-0.8127267360687256,0.8037970066070557,0.6323044300079346,0.4140363037586212,0.35550767183303833,0.3422496020793915,0.3481425344944,-0.006014649756252766,-0.009146925993263721,-0.007382405921816826,-0.0007824296480976045,0.009067632257938385,0.013640587218105793,2.117542028427124,0.3529236912727356,0.01509612612426281,-0.0014438480138778687,-0.217477485537529,2.870284080505371,5843525.0
49.599998474121094,48.54697036743164,-0.3653475344181061,0.027928493916988373,868.3781127929688,-0.4438549876213074,1130.8897705078125,-0.7838296294212341,1057.1597900390625,-0.6877267360687256,1148.3516845703125,-0.8099873661994934,0.8031969666481018,0.6313937306404114,0.4133116602897644,0.35545334219932556,0.3431815505027771,0.3495265543460846,-0.005986327305436134,-0.009067242965102196,-0.007110875565558672,-0.0003047818609047681,0.009569813497364521,0.014037424698472023,2.126680612564087,0.35444679856300354,0.015404429286718369,-0.0014069013996049762,-0.21191245317459106,2.869933605194092,5842811.5
49.70000076293945,48.51079559326172,-0.3617487847805023,0.035987403243780136,868.3336791992188,-0.4443134069442749,1130.8114013671875,-0.7830115556716919,1057.091064453125,-0.6876857876777649,1148.270751953125,-0.8072162866592407,0.8025997281074524,0.6304910182952881,0.4126141369342804,0.3554464876651764,0.34416285157203674,0.35094887018203735,-0.005957660730928183,-0.008986885659396648,-0.0068391719833016396,0.00016714805678930134,0.010054374113678932,0.014406583271920681,2.135990858078003,0.3559984862804413,0.015679240226745605,-0.0013702968135476112,-0.20639893412590027,2.8695826530456543,5842097.0
49.79999923706055,48.475040435791016,-0.3575374484062195,0.04211341589689255,868.2892456054688,-0.44474220275878906,1130.733154296875,-0.7821452617645264,1057.0223388671875,-0.6875961422920227,1148.190185546875,-0.80441814661026,0.802005410194397,0.6295964121818542,0.41194379329681396,0.3554864823818207,0.3451916575431824,0.35240668058395386,-0.005928689613938332,-0.00890595093369484,-0.00656764255836606,0.0006326721049845219,0.010520406067371368,0.014747805893421173,2.1454553604125977,0.3575758934020996,0.01592717133462429,-0.001334086642600596,-0.20094484090805054,2.8692314624786377,5841382.0
49.900001525878906,48.43973922729492,-0.3530272841453552,0.04510173201560974,868.2447509765625,-0.4451412260532379,1130.655029296875,-0.7812322378158569,1056.95361328125,-0.6874586343765259,1148.10986328125,-0.8015959858894348,0.8014140129089355,0.6287098526954651,0.4113005995750427,0.35557273030281067,0.3462661802768707,0.3538973033428192,-0.005899440031498671,-0.008824501186609268,-0.006296513136476278,0.0010914155282080173,0.010967874899506569,0.015063353814184666,2.1550629138946533,0.3591771423816681,0.016159716993570328,-0.0012982963817194104,-0.1955539882183075,2.868879795074463,5840666.5
50.0,48.40489196777344,-0.34847187995910645,0.045553870499134064,868.2001953125,-0.4455103874206543,1130.576904296875,-0.7802732586860657,1056.884765625,-0.6872738599777222,1148.0299072265625,-0.7987509965896606,0.8008255362510681,0.6278315186500549,0.4106844663619995,0.35570451617240906,0.347384512424469,0.3554184138774872,-0.005869923159480095,-0.008742568083107471,-0.006025887094438076,0.0015433129156008363,0.01139756292104721,0.015357407741248608,2.1648077964782715,0.3608013093471527,0.01638631336390972,-0.0012629295233637094,-0.19022689759731293,2.868527889251709,5839950.0
50.099998474121094,48.37051773071289,-0.34373825788497925,0.04733634367585182,868.1556396484375,-0.4458496570587158,1130.4989013671875,-0.7792693972587585,1056.816162109375,-0.6870425343513489,1147.9501953125,-0.7958847880363464,0.8002400398254395,0.626961350440979,0.4100953936576843,0.35588112473487854,0.34854498505592346,0.356967955827713,-0.005840154364705086,-0.00866018794476986,-0.005755881778895855,0.001988260541111231,0.011810078285634518,0.01563272811472416,2.1746842861175537,0.3624473512172699,0.016600491479039192,-0.001228000852279365,-0.1849658191204071,2.868175745010376,5839233.0
50.20000076293945,48.33663558959961,-0.33881676197052,0.049214813858270645,868.111083984375,-0.4461590051651001,1130.4210205078125,-0.7782216668128967,1056.7474365234375,-0.6867653727531433,1147.8707275390625,-0.7929991483688354,0.7996575236320496,0.6260994672775269,0.4095332622528076,0.3561018705368042,0.34974583983421326,0.35854417085647583,-0.005810149945318699,-0.00857740268111229,-0.005486641079187393,0.0024260920472443104,0.012205798178911209,0.015890857204794884,2.1846842765808105,0.36411404609680176,0.016802020370960236,-0.001193525968119502,-0.17977309226989746,2.867823362350464,5838515.5
50.29999923706055,48.30329513549805,-0.3333897590637207,0.05427015572786331,868.06640625,-0.4464384615421295,1130.34326171875,-0.7771317362785339,1056.6787109375,-0.6864430904388428,1147.79150390625,-0.7900976538658142,0.7990779876708984,0.6252458691596985,0.4089980125427246,0.35636600852012634,0.35098540782928467,0.36014530062675476,-0.005779940169304609,-0.008494285866618156,-0.005218422040343285,0.00285635469481349,0.012584271840751171,0.016130488365888596,2.1947948932647705,0.3657991588115692,0.016976434737443924,-0.0011595479445531964,-0.17465521395206451,2.8674707412719727,5837797.5
50.400001525878906,48.27056121826172,-0.327360063791275,0.0602969229221344,868.0217895507812,-0.4466879963874817,1130.265625,-0.7760015726089478,1056.610107421875,-0.6860765218734741,1147.712646484375,-0.78718501329422,0.7985015511512756,0.6244006156921387,0.40848952531814575,0.3566727936267853,0.3522619307041168,0.36176931858062744,-0.005749564617872238,-0.008410937152802944,-0.004951573442667723,0.003278380027040839,0.012944461777806282,0.01634874939918518,2.204998016357422,0.3674996793270111,0.017119159922003746,-0.001126118004322052,-0.1696198582649231,2.8671178817749023,5837079.5
50.5,48.23847198486328,-0.3208691477775574,0.06490913778543472,867.9771118164062,-0.4469076991081238,1130.1881103515625,-0.7748331427574158,1056.54150390625,-0.6856663823127747,1147.6341552734375,-0.7842656373977661,0.7979280948638916,0.6235637068748474,0.4080076217651367,0.3570213317871094,0.3535735309123993,0.3634139895439148,-0.005719062406569719,-0.00832744874060154,-0.0046864161267876625,0.003691575024276972,0.013285567052662373,0.016543975099921227,2.2152767181396484,0.369212806224823,0.01723518781363964,-0.0010932747973129153,-0.16467291116714478,2.866765022277832,5836360.5
50.599998474121094,48.207061767578125,-0.3141162097454071,0.06752947717905045,867.932373046875,-0.44709768891334534,1130.110595703125,-0.7736281156539917,1056.4730224609375,-0.6852137446403503,1147.5557861328125,-0.7813428640365601,0.7973577380180359,0.6227351427078247,0.40755215287208557,0.357410728931427,0.3549182415008545,0.36507707834243774,-0.005688461009413004,-0.008243892341852188,-0.00442318944260478,0.0040955571457743645,0.013607379980385303,0.016716528683900833,2.2256181240081787,0.3709363639354706,0.017331814393401146,-0.0010610402096062899,-0.1598176211118698,2.8664116859436035,5835641.5
50.70000076293945,48.17636489868164,-0.3069867193698883,0.07129484415054321,867.8876953125,-0.4472580552101135,1130.0333251953125,-0.7723882794380188,1056.404541015625,-0.6847195029258728,1147.477783203125,-0.7784203290939331,0.7967904210090637,0.6219149231910706,0.4071229100227356,0.35784006118774414,0.356294184923172,0.36675626039505005,-0.005657793488353491,-0.008160345256328583,-0.00416215555742383,0.004489895422011614,0.013909541070461273,0.01686614193022251,2.2360079288482666,0.37266796827316284,0.017402488738298416,-0.0010294457897543907,-0.15505875647068024,2.866058349609375,5834922.5
50.79999923706055,48.14640808105469,-0.2995581328868866,0.07428582012653351,867.8429565429688,-0.44738897681236267,1129.9561767578125,-0.7711155414581299,1056.3360595703125,-0.6841846108436584,1147.400146484375,-0.7755016684532166,0.7962262034416199,0.621103048324585,0.4067196249961853,0.3583082854747772,0.35769933462142944,0.36844924092292786,-0.005627090577036142,-0.008076885715126991,-0.0039035731460899115,0.004874165635555983,0.014191711321473122,0.01699259877204895,2.246431589126587,0.37440526485443115,0.01745016500353813,-0.0009985162178054452,-0.1504000425338745,2.8657050132751465,5834203.0
50.900001525878906,48.11723709106445,-0.29171037673950195,0.07847753167152405,867.7982177734375,-0.4474906027317047,1129.879150390625,-0.7698119282722473,1056.2677001953125,-0.683610200881958,1147.32275390625,-0.7725911736488342,0.7956650257110596,0.6202995181083679,0.4063420593738556,0.35881444811820984,0.35913166403770447,0.37015366554260254,-0.005596389528363943,-0.007993602193892002,-0.003647741861641407,0.005247852299362421,0.014453288167715073,0.01709483563899994,2.25687313079834,0.37614554166793823,0.017468130216002464,-0.000968286651186645,-0.14584675431251526,2.865351438522339,5833483.0
51.0,48.08891677856445,-0.283191055059433,0.08519325405359268,867.75341796875,-0.44756320118904114,1129.80224609375,-0.7684800624847412,1056.1993408203125,-0.6829973459243774,1147.24560546875,-0.7696947455406189,0.7951068878173828,0.6195043325424194,0.40598994493484497,0.35935738682746887,0.36058905720710754,0.37186694145202637,-0.005565740633755922,-0.007910618558526039,-0.003395083826035261,0.005610140971839428,0.014692858792841434,0.01716940850019455,2.2673096656799316,0.37788495421409607,0.017443809658288956,-0.0009388136095367372,-0.14140741527080536,2.8649978637695312,5832763.0
51.099998474121094,48.061519622802734,-0.27397608757019043,0.0921497493982315,867.7086791992188,-0.44760698080062866,1129.7254638671875,-0.7671229243278503,1056.131103515625,-0.682347297668457,1147.1688232421875,-0.7668192386627197,0.7945518493652344,0.61871737241745,0.4056628942489624,0.3599359691143036,0.3620692193508148,0.37358608841896057,-0.0055352021008729935,-0.007828076370060444,-0.0031460830941796303,0.005960072856396437,0.01490867044776678,0.017212368547916412,2.277714967727661,0.37961918115615845,0.01737494207918644,-0.0009101555333472788,-0.13709083199501038,2.8646442890167236,5832043.0
51.20000076293945,48.03508377075195,-0.2643759846687317,0.0960010290145874,867.6639404296875,-0.44762223958969116,1129.6488037109375,-0.7657430768013,1056.0628662109375,-0.6816613078117371,1147.09228515625,-0.7639702558517456,0.7939998507499695,0.6179386973381042,0.40536054968833923,0.36054888367652893,0.3635697662830353,0.37530791759490967,-0.005504820961505175,-0.007746090181171894,-0.002901125932112336,0.006296949461102486,0.01509974617511034,0.01722271367907524,2.2880678176879883,0.38134461641311646,0.017274273559451103,-0.0008823443204164505,-0.13290181756019592,2.864290475845337,5831323.0
51.29999923706055,48.0096435546875,-0.254375696182251,0.10000279545783997,867.619140625,-0.4476093053817749,1129.572265625,-0.7643432021141052,1055.9947509765625,-0.6809408664703369,1147.0159912109375,-0.7611528635025024,0.7934508919715881,0.617168128490448,0.40508249402046204,0.36119478940963745,0.3650881052017212,0.3770291209220886,-0.005474641919136047,-0.007664768490940332,-0.0026605664752423763,0.00662015937268734,0.015265366062521935,0.017200198024511337,2.2983477115631104,0.38305795192718506,0.017138946801424026,-0.0008554130326956511,-0.12884533405303955,2.8639369010925293,5830603.0
51.400001525878906,47.9852294921875,-0.24413813650608063,0.10237561166286469,867.5744018554688,-0.44756853580474854,1129.4959716796875,-0.7629256844520569,1055.9266357421875,-0.6801874041557312,1146.9400634765625,-0.7583716511726379,0.7929049134254456,0.616405725479126,0.4048282504081726,0.3618723452091217,0.366621732711792,0.37874647974967957,-0.005444704554975033,-0.007584206759929657,-0.0024247115943580866,0.006929216906428337,0.01540516596287489,0.017145568504929543,2.3085367679595947,0.3847561478614807,0.01697581261396408,-0.0008293808787129819,-0.12492427229881287,2.8635830879211426,5829883.0
51.5,47.961856842041016,-0.23374663293361664,0.10391508042812347,867.5296630859375,-0.4475002884864807,1129.419677734375,-0.7614928483963013,1055.858642578125,-0.6794024109840393,1146.8643798828125,-0.7556304335594177,0.7923619151115417,0.6156512498855591,0.40459734201431274,0.3625800609588623,0.36816805601119995,0.3804568350315094,-0.005415043327957392,-0.007504487410187721,-0.002193814842030406,0.007223773747682571,0.015519145876169205,0.01706039160490036,2.318619728088379,0.3864366412162781,0.016787704080343246,-0.0008042597910389304,-0.12114045023918152,2.863229513168335,5829163.0
51.599998474121094,47.939544677734375,-0.22311711311340332,0.10629529505968094,867.4849243164062,-0.44740504026412964,1129.3436279296875,-0.7600470781326294,1055.790771484375,-0.6785873174667358,1146.7889404296875,-0.7529334425926208,0.7918218970298767,0.6149047613143921,0.40438926219940186,0.36331647634506226,0.36972448229789734,0.3821571469306946,-0.0053856950253248215,-0.007425699383020401,-0.0019681542180478573,0.007503424771130085,0.015607120469212532,0.01694527082145214,2.3285796642303467,0.3880966007709503,0.016569877043366432,-0.0007800689782015979,-0.11749674379825592,2.8628759384155273,5828443.5
51.70000076293945,47.91831970214844,-0.21224845945835114,0.1086864173412323,867.440185546875,-0.44728323817253113,1129.2677001953125,-0.7585909366607666,1055.7230224609375,-0.6777438521385193,1146.7137451171875,-0.7502850890159607,0.7912847399711609,0.6141660809516907,0.40420350432395935,0.3640801012516022,0.37128838896751404,0.3838444650173187,-0.005356699228286743,-0.007347936742007732,-0.0017480251844972372,0.00776772340759635,0.015668774023652077,0.01680022105574608,2.3383984565734863,0.38973307609558105,0.016321936622262,-0.0007568277069367468,-0.11399606615304947,2.862522602081299,5827724.0
51.79999923706055,47.898170471191406,-0.20150849223136902,0.10739972442388535,867.3954467773438,-0.4471353590488434,1129.19189453125,-0.7571264505386353,1055.6552734375,-0.6768734455108643,1146.6387939453125,-0.7476880550384521,0.7907505035400391,0.6134351491928101,0.4040394425392151,0.3648693859577179,0.37285715341567993,0.38551589846611023,-0.005328080151230097,-0.007271256763488054,-0.0015335826901718974,0.00801657885313034,0.01570475473999977,0.01662815734744072,2.3480653762817383,0.39134421944618225,0.01606139913201332,-0.0007345238700509071,-0.11063657701015472,2.8621692657470703,5827004.5
51.900001525878906,47.879058837890625,-0.19111445546150208,0.10394040495157242,867.3507690429688,-0.4469619393348694,1129.1162109375,-0.75565505027771,1055.587646484375,-0.6759778261184692,1146.564208984375,-0.7451428174972534,0.7902191281318665,0.6127117872238159,0.4038965404033661,0.36568281054496765,0.37442833185195923,0.3871690332889557,-0.005299845244735479,-0.007195675745606422,-0.0013248310424387455,0.00825027097016573,0.015716664493083954,0.01643432304263115,2.357576370239258,0.39292940497398376,0.01579825021326542,-0.0007131268503144383,-0.10741368681192398,2.861815929412842,5826285.5
52.0,47.86093521118164,-0.1812187284231186,0.09895730018615723,867.3060302734375,-0.4467635154724121,1129.040771484375,-0.7541776299476624,1055.52001953125,-0.6750583648681641,1146.48974609375,-0.7426485419273376,0.7896905541419983,0.6119959354400635,0.403774231672287,0.36651885509490967,0.3759995698928833,0.3888019621372223,-0.005271990317851305,-0.007121181581169367,-0.0011216715211048722,0.00846932828426361,0.01570667140185833,0.01622479036450386,2.3669333457946777,0.3944888710975647,0.015540499240159988,-0.0006925931666046381,-0.10432083159685135,2.8614628314971924,5825566.5
52.099998474121094,47.84376525878906,-0.17169632017612457,0.09522407501935959,867.2614135742188,-0.4465407431125641,1128.9654541015625,-0.7526952624320984,1055.45263671875,-0.6741165518760681,1146.4156494140625,-0.740204393863678,0.7891647219657898,0.611287534236908,0.4036719799041748,0.36737608909606934,0.3775688111782074,0.3904133439064026,-0.00524451257660985,-0.007047765422612429,-0.0009240168728865683,0.008674236945807934,0.015676695853471756,0.016003867611289024,2.3761370182037354,0.39602282643318176,0.01528280507773161,-0.0006728900480084121,-0.10135307908058167,2.861109972000122,5824848.0
52.20000076293945,47.82752227783203,-0.16244125366210938,0.09255054593086243,867.2167358398438,-0.4462941288948059,1128.8902587890625,-0.7512090802192688,1055.38525390625,-0.6731537580490112,1146.341796875,-0.7378104329109192,0.788641631603241,0.6105863451957703,0.4035892188549042,0.36825311183929443,0.3791341185569763,0.3920021653175354,-0.005217415746301413,-0.006975432392209768,-0.0007318325806409121,0.008865340612828732,0.01562814973294735,0.015773719176650047,2.385185956954956,0.39753100275993347,0.015021280385553837,-0.0006539938622154295,-0.0985068678855896,2.860757350921631,5824130.0
52.29999923706055,47.812156677246094,-0.1536412239074707,0.08800040930509567,867.172119140625,-0.4460243582725525,1128.815185546875,-0.7497199773788452,1055.3179931640625,-0.6721712946891785,1146.26806640625,-0.7354657649993896,0.788121223449707,0.6098923683166504,0.40352538228034973,0.3691486120223999,0.3806937336921692,0.39356768131256104,-0.005190694704651833,-0.006904168985784054,-0.0005450161988846958,0.009043142199516296,0.015562797896564007,0.015537433326244354,2.3940820693969727,0.3990136682987213,0.014766483567655087,-0.0006358650280162692,-0.09577623009681702,2.8604047298431396,5823412.5
52.400001525878906,47.79761505126953,-0.1454186737537384,0.08222544938325882,867.1275634765625,-0.4457320272922516,1128.740234375,-0.7482282519340515,1055.2508544921875,-0.6711704134941101,1146.1947021484375,-0.7331681251525879,0.787603497505188,0.6092054843902588,0.40347999334335327,0.3700612485408783,0.3822460472583771,0.3951094448566437,-0.005164334084838629,-0.006833935156464577,-0.0003633706655818969,0.009208368137478828,0.015482911840081215,0.015299308113753796,2.402831792831421,0.400471955537796,0.014525211416184902,-0.0006184534868225455,-0.09315364807844162,2.8600525856018066,5822695.0
52.5,47.78382873535156,-0.13788220286369324,0.07536467164754868,867.0830078125,-0.4454178214073181,1128.66552734375,-0.7467341423034668,1055.1837158203125,-0.6701522469520569,1146.1214599609375,-0.7309141755104065,0.7870883345603943,0.6085255742073059,0.4034525156021118,0.3709897994995117,0.3837897777557373,0.3966275155544281,-0.005138310603797436,-0.006764670368283987,-0.00018662060028873384,0.009361923672258854,0.015391122549772263,0.015064239501953125,2.4114458560943604,0.40190765261650085,0.014304186217486858,-0.0006017002742737532,-0.09063021838665009,2.8597004413604736,5821978.5
52.599998474121094,47.770713806152344,-0.13113103806972504,0.06751169264316559,867.0384521484375,-0.44508230686187744,1128.5909423828125,-0.7452371716499329,1055.1168212890625,-0.6691179275512695,1146.0484619140625,-0.7286995053291321,0.7865757942199707,0.6078525185585022,0.40344250202178955,0.3719331920146942,0.3853238821029663,0.39812248945236206,-0.00511259026825428,-0.006696290802210569,-1.4415035366255324e-05,0.009504883550107479,0.015290385112166405,0.014837540686130524,2.4199390411376953,0.4033231735229492,0.014109962619841099,-0.0005855379276908934,-0.0881957858800888,2.8593485355377197,5821262.0
52.70000076293945,47.75818634033203,-0.12526240944862366,0.05868624895811081,866.9939575195312,-0.44472619891166687,1128.5164794921875,-0.7437366247177124,1055.0499267578125,-0.6680682301521301,1145.9757080078125,-0.7265187501907349,0.7860658168792725,0.6071862578392029,0.40344947576522827,0.3728904128074646,0.3868476152420044,0.3995954692363739,-0.005087131634354591,-0.006628693547099829,0.00015367248852271587,0.009638486430048943,0.015183951705694199,0.014624855481088161,2.4283294677734375,0.40472158789634705,0.013949274085462093,-0.0005698907189071178,-0.08583895117044449,2.858997106552124,5820546.5
52.79999923706055,47.74615478515625,-0.12032956629991531,0.04932848736643791,866.9495239257812,-0.44435012340545654,1128.4422607421875,-0.7422314882278442,1054.983154296875,-0.6670039296150208,1145.9031982421875,-0.7243655323982239,0.7855583429336548,0.6065267324447632,0.4034730792045593,0.37386056780815125,0.38836055994033813,0.40104812383651733,-0.005061886738985777,-0.006561756134033203,0.0003181275969836861,0.009764095768332481,0.015075248666107655,0.014431750401854515,2.4366395473480225,0.4061065912246704,0.013826804235577583,-0.0005546786705963314,-0.08354765921831131,2.8586459159851074,5819831.5
52.900001525878906,47.7344970703125,-0.11658842861652374,0.037411343306303024,866.9050903320312,-0.4439546763896942,1128.3680419921875,-0.7407199740409851,1054.91650390625,-0.6659255623817444,1145.830810546875,-0.7222317457199097,0.7850534319877625,0.6058738827705383,0.40351298451423645,0.37484297156333923,0.38986271619796753,0.402482807636261,-0.005036790389567614,-0.006495319772511721,0.0004795723652932793,0.009883387014269829,0.014968388713896275,0.014265385456383228,2.4448976516723633,0.40748295187950134,0.013758138753473759,-0.0005398000357672572,-0.0813065841794014,2.85829496383667,5819117.0
53.0,47.7231330871582,-0.11361527442932129,0.02973158285021782,866.8607177734375,-0.44354048371315,1128.2940673828125,-0.7392005324363708,1054.8499755859375,-0.6648336052894592,1145.7587890625,-0.7201104164123535,0.7845510244369507,0.6052276492118835,0.40356889367103577,0.3758370280265808,0.39135441184043884,0.4039023518562317,-0.005011788569390774,-0.006429251283407211,0.0006385240703821182,0.009997744113206863,0.01486647967249155,0.014129017479717731,2.4531280994415283,0.4088546931743622,0.013723037205636501,-0.0005251892143860459,-0.07910585403442383,2.8579442501068115,5818403.0
53.099998474121094,47.712032318115234,-0.11101194471120834,0.02603328227996826,866.81640625,-0.44310814142227173,1128.22021484375,-0.7376725077629089,1054.7835693359375,-0.6637282371520996,1145.686767578125,-0.7179979681968689,0.7840510606765747,0.6045880317687988,0.40364059805870056,0.37684234976768494,0.39283624291419983,0.40530967712402344,-0.004986853338778019,-0.006363479420542717,0.0007952717714942992,0.010107955895364285,0.01477087289094925,0.014020499773323536,2.461343765258789,0.41022396087646484,0.01370363961905241,-0.0005108146579004824,-0.07694070786237717,2.8575940132141113,5817690.0
53.20000076293945,47.701148986816406,-0.1088399738073349,0.021719684824347496,866.7720947265625,-0.4426581859588623,1128.146484375,-0.7361353039741516,1054.71728515625,-0.6626097559928894,1145.6151123046875,-0.7158910632133484,0.7835536003112793,0.6039549708366394,0.40372785925865173,0.3778584897518158,0.394308865070343,0.40670743584632874,-0.004961959086358547,-0.006297940853983164,0.0009500704472884536,0.010214715264737606,0.014682604931294918,0.013937653973698616,2.4695560932159424,0.4115926921367645,0.013705085963010788,-0.0004966395208612084,-0.0748056024312973,2.8572440147399902,5816977.5
53.29999923706055,47.6904296875,-0.10719133168458939,0.01648644544184208,866.7278442382812,-0.44219115376472473,1128.072998046875,-0.734588086605072,1054.6510009765625,-0.6614782810211182,1145.543701171875,-0.7137855291366577,0.7830587029457092,0.6033284664154053,0.40383052825927734,0.3788851797580719,0.39577311277389526,0.40809816122055054,-0.00493707275018096,-0.006232555024325848,0.0011032352922484279,0.010318850167095661,0.01460306067019701,0.01388015691190958,2.4777796268463135,0.41296327114105225,0.01373281143605709,-0.00048261924530379474,-0.07269380986690521,2.8568944931030273,5816266.0
53.400001525878906,47.679847717285156,-0.10582941770553589,0.013619120232760906,866.6836547851562,-0.4417075514793396,1127.9996337890625,-0.7330300211906433,1054.5849609375,-0.6603338718414307,1145.472412109375,-0.7116783261299133,0.7825661897659302,0.6027084589004517,0.40394845604896545,0.37992218136787415,0.3972298502922058,0.4094843566417694,-0.004912170115858316,-0.006167262326925993,0.001255005830898881,0.010420983657240868,0.014533016830682755,0.013846219517290592,2.48602557182312,0.4143375754356384,0.01377490907907486,-0.0004687293549068272,-0.07060167193412781,2.8565454483032227,5815555.0
53.5,47.669395446777344,-0.10451892018318176,0.013104984536767006,866.6395263671875,-0.4412078857421875,1127.9263916015625,-0.7314610481262207,1054.5189208984375,-0.6591765880584717,1145.4013671875,-0.709568202495575,0.7820762395858765,0.6020950078964233,0.4040814936161041,0.3809693157672882,0.39868006110191345,0.41086816787719727,-0.0048872423358261585,-0.0061020394787192345,0.0014054803177714348,0.010521378368139267,0.014472250826656818,0.013831641525030136,2.494297504425049,0.4157162606716156,0.013819948770105839,-0.0004549655131995678,-0.06852851063013077,2.856196641921997,5814845.0
53.599998474121094,47.659061431884766,-0.10333587229251862,0.01183048915117979,866.5953979492188,-0.44069257378578186,1127.853271484375,-0.7298809885978699,1054.453125,-0.658006489276886,1145.3304443359375,-0.7074541449546814,0.7815887928009033,0.6014880537986755,0.4042295217514038,0.38202640414237976,0.4001246392726898,0.4122512936592102,-0.0048622810281813145,-0.006036866456270218,0.0015547473449259996,0.010620268061757088,0.01442050188779831,0.013833127915859222,2.5025994777679443,0.4170999228954315,0.013872623443603516,-0.0004413168353494257,-0.06647270172834396,2.8558480739593506,5814135.5
53.70000076293945,47.64881896972656,-0.10244382172822952,0.008920488879084587,866.5513916015625,-0.4401620328426361,1127.7803955078125,-0.7282893061637878,1054.3873291015625,-0.6568236351013184,1145.259765625,-0.7053338289260864,0.781103789806366,0.6008875966072083,0.40439239144325256,0.38309332728385925,0.4015645384788513,0.41363537311553955,-0.004837268963456154,-0.005971699953079224,0.001702981418929994,0.010718094184994698,0.014378124848008156,0.013850025832653046,2.510939598083496,0.418489933013916,0.01394162978976965,-0.0004277586122043431,-0.06443051248788834,2.8555002212524414,5813427.0
53.79999923706055,47.63861846923828,-0.10198213160037994,0.00461686821654439,866.5073852539062,-0.43961670994758606,1127.7076416015625,-0.726685106754303,1054.32177734375,-0.6556280255317688,1145.189453125,-0.7032037377357483,0.7806212902069092,0.6002936959266663,0.404570072889328,0.3841699957847595,0.40300068259239197,0.41502198576927185,-0.004812177270650864,-0.005906470585614443,0.0018504507606849074,0.01081552542746067,0.014346093870699406,0.01388382725417614,2.5193302631378174,0.41988837718963623,0.014034674502909184,-0.00041425434756092727,-0.062396448105573654,2.8551526069641113,5812719.5
53.900001525878906,47.62845993041992,-0.10159187763929367,0.0039025424048304558,866.4634399414062,-0.43905696272850037,1127.635009765625,-0.7250678539276123,1054.2562255859375,-0.6544195413589478,1145.119140625,-0.701062023639679,0.7801413536071777,0.5997062921524048,0.40476247668266296,0.38525640964508057,0.4044341444969177,0.41641274094581604,-0.004786991514265537,-0.0058411406353116035,0.001997300423681736,0.010912909172475338,0.014324481599032879,0.013933081179857254,2.527778387069702,0.4212964177131653,0.014132576994597912,-0.0004007979587186128,-0.06036960333585739,2.8548054695129395,5812013.0
54.0,47.61834716796875,-0.1011335626244545,0.00458316458389163,866.4195556640625,-0.4384831488132477,1127.5626220703125,-0.7234375476837158,1054.1907958984375,-0.6531981229782104,1145.0491943359375,-0.6989084482192993,0.7796639204025269,0.5991255044937134,0.4049695134162903,0.3863525688648224,0.40586596727371216,0.41780903935432434,-0.0047617107629776,-0.005775708705186844,0.00214354507625103,0.011010265909135342,0.01431248802691698,0.013994080014526844,2.5362844467163086,0.42271408438682556,0.014228859916329384,-0.00038739535375498235,-0.058350853621959686,2.854458808898926,5811307.0
54.099998474121094,47.608280181884766,-0.10067963600158691,0.004539276007562876,866.3757934570312,-0.43789559602737427,1127.4903564453125,-0.7217941284179688,1054.1256103515625,-0.6519637703895569,1144.9793701171875,-0.6967429518699646,0.7791889905929565,0.5985511541366577,0.4051911532878876,0.387458473443985,0.4072970151901245,0.4192119240760803,-0.00473633361980319,-0.00571017200127244,0.0022892053239047527,0.011107629165053368,0.014309420250356197,0.014064181596040726,2.544849157333374,0.424141526222229,0.014327537268400192,-0.0003740461834240705,-0.056340157985687256,2.8541126251220703,5810602.0
54.20000076293945,47.59825897216797,-0.10021401196718216,0.004656257573515177,866.33203125,-0.437294602394104,1127.4183349609375,-0.7201376557350159,1054.0604248046875,-0.6507164239883423,1144.9097900390625,-0.6945651769638062,0.7787166833877563,0.5979834198951721,0.40542733669281006,0.38857409358024597,0.40872815251350403,0.42062216997146606,-0.004710858222097158,-0.005644525866955519,0.0024343065451830626,0.011205044575035572,0.014314674772322178,0.014141499996185303,2.5534732341766357,0.42557886242866516,0.014427280984818935,-0.0003607515536714345,-0.054337672889232635,2.853766918182373,5809898.0
54.29999923706055,47.58828353881836,-0.09973371773958206,0.004802937153726816,866.288330078125,-0.43668046593666077,1127.3463134765625,-0.7184680104255676,1053.9954833984375,-0.6494560837745667,1144.8404541015625,-0.6923750638961792,0.7782468795776367,0.5974223017692566,0.40567800402641296,0.3896994888782501,0.41016024351119995,0.4220404326915741,-0.004685283172875643,-0.005578767042607069,0.0025788662023842335,0.01130253728479147,0.014327649027109146,0.014224468730390072,2.562157392501831,0.4270262122154236,0.014527826569974422,-0.0003475127450656146,-0.052343592047691345,2.853421449661255,5809195.5
54.400001525878906,47.57831954956055,-0.09963390976190567,0.0009980485774576664,866.2446899414062,-0.43605342507362366,1127.2745361328125,-0.7167844176292419,1053.9305419921875,-0.64818274974823,1144.7713623046875,-0.6901699900627136,0.7777795791625977,0.5968676805496216,0.4059430956840515,0.39083462953567505,0.411594033241272,0.42346736788749695,-0.004659588448703289,-0.005512846168130636,0.0027230754494667053,0.011400562711060047,0.014348968863487244,0.01431556511670351,2.570910692214966,0.42848509550094604,0.014651329256594181,-0.0003342975105624646,-0.050353072583675385,2.853076696395874,5808493.5
54.5,47.568328857421875,-0.09992773085832596,-0.0029381648637354374,866.2011108398438,-0.43541380763053894,1127.2030029296875,-0.7150858640670776,1053.8658447265625,-0.6468961834907532,1144.702392578125,-0.6879461407661438,0.7773149609565735,0.5963197350502014,0.4062226116657257,0.3919796347618103,0.4130304157733917,0.4249040186405182,-0.004633743781596422,-0.005446688272058964,0.002867215545848012,0.011499795131385326,0.014379837550222874,0.014418515376746655,2.579746961593628,0.4299578368663788,0.014798253774642944,-0.000321072613587603,-0.04836109280586243,2.8527324199676514,5807792.5
54.599998474121094,47.55825424194336,-0.10074295103549957,-0.008152240887284279,866.1575927734375,-0.43476179242134094,1127.131591796875,-0.7133707404136658,1053.8011474609375,-0.6455963253974915,1144.6337890625,-0.6856988668441772,0.7768528461456299,0.5957783460617065,0.40651655197143555,0.3931346833705902,0.4144704341888428,0.42635175585746765,-0.004607710521668196,-0.005380199756473303,0.0030116334091871977,0.011601057834923267,0.014421825297176838,0.014537562616169453,2.588683605194092,0.431447297334671,0.014977047219872475,-0.00030779396183788776,-0.046361010521650314,2.852388620376587,5807092.5
54.70000076293945,47.54801559448242,-0.10238493233919144,-0.016419801861047745,866.1141357421875,-0.4340975880622864,1127.060302734375,-0.7116368412971497,1053.7366943359375,-0.6442828178405762,1144.5653076171875,-0.6834208965301514,0.7763934135437012,0.5952436923980713,0.4068249762058258,0.3942999839782715,0.4159153401851654,0.42781248688697815,-0.004581430461257696,-0.005313239060342312,0.0031568515114486217,0.011705596931278706,0.014477601274847984,0.014679660089313984,2.5977470874786377,0.43295782804489136,0.015206275507807732,-0.0002943915606010705,-0.044342294335365295,2.8520455360412598,5806394.0
54.79999923706055,47.53754806518555,-0.10467755794525146,-0.022926224395632744,866.0707397460938,-0.43342137336730957,1126.9892578125,-0.7098817229270935,1053.67236328125,-0.6429552435874939,1144.4970703125,-0.6811050772666931,0.7759366035461426,0.5947157740592957,0.40714797377586365,0.39547598361968994,0.417366623878479,0.4292888641357422,-0.004554844927042723,-0.005245661828666925,0.0033033937215805054,0.011814639903604984,0.014549657702445984,0.014850095845758915,2.606963634490967,0.4344939589500427,0.015477259643375874,-0.0002808105491567403,-0.042296674102544785,2.8517026901245117,5805696.0
54.900001525878906,47.526817321777344,-0.10729438811540604,-0.026168350130319595,866.0274658203125,-0.43273332715034485,1126.9183349609375,-0.708103597164154,1053.608154296875,-0.6416129469871521,1144.4290771484375,-0.6787464022636414,0.7754824757575989,0.5941945910453796,0.4074857234954834,0.3966631293296814,0.41882598400115967,0.4307837188243866,-0.004527912940829992,-0.005177369806915522,0.003451614873483777,0.011928972788155079,0.014639177359640598,0.015049450099468231,2.616352081298828,0.4360586702823639,0.015773702412843704,-0.00026702374452725053,-0.04022005945444107,2.851360559463501,5804999.5
55.0,47.51580047607422,-0.11017953604459763,-0.02885144017636776,865.9842529296875,-0.43203356862068176,1126.84765625,-0.7063008546829224,1053.5440673828125,-0.640255331993103,1144.361328125,-0.6763409972190857,0.7750310301780701,0.5936803221702576,0.407838374376297,0.3978620171546936,0.42029520869255066,0.4322999119758606,-0.004500602837651968,-0.005108284763991833,0.0036017887759953737,0.012049167416989803,0.01474673394113779,0.015276619233191013,2.625926971435547,0.4376544952392578,0.016094306483864784,-0.00025300876586697996,-0.03810907527804375,2.8510189056396484,5804304.0
55.099998474121094,47.50448226928711,-0.11319252103567123,-0.030129892751574516,865.9410400390625,-0.4313221275806427,1126.777099609375,-0.7044721841812134,1053.4801025390625,-0.6388817429542542,1144.2938232421875,-0.6738858222961426,0.7745823264122009,0.5931729674339294,0.40820616483688354,0.39907321333885193,0.42177605628967285,0.4338401257991791,-0.004472889006137848,-0.005038346629589796,0.0037541233468800783,0.012175623327493668,0.01487242616713047,0.015529455617070198,2.635699987411499,0.4392833411693573,0.016431715339422226,-0.00023875522310845554,-0.03596215322613716,2.850677728652954,5803609.5
55.20000076293945,47.492889404296875,-0.11589985340833664,-0.027073262259364128,865.89794921875,-0.4305991232395172,1126.706787109375,-0.7026171684265137,1053.416259765625,-0.6374914646148682,1144.2265625,-0.6713809967041016,0.774136483669281,0.5926727056503296,0.40858927369117737,0.4002973735332489,0.4232703447341919,0.4354066252708435,-0.004444770980626345,-0.004967555869370699,0.0039086006581783295,0.012308173812925816,0.015014820732176304,0.01580165885388851,2.6456716060638428,0.44094523787498474,0.01676122657954693,-0.00022428941156249493,-0.033783264458179474,2.850337266921997,5802916.0
55.29999923706055,47.48110580444336,-0.11786273121833801,-0.019628774374723434,865.8549194335938,-0.4298645555973053,1126.6365966796875,-0.7007364630699158,1053.3525390625,-0.6360839605331421,1144.1595458984375,-0.6688306927680969,0.7736933827400208,0.5921794772148132,0.40898793935775757,0.4015350639820099,0.4247795641422272,0.4370008409023285,-0.004416281823068857,-0.004895995371043682,0.004064900800585747,0.012445906177163124,0.015170561149716377,0.01608225330710411,2.6558268070220947,0.4426378011703491,0.017057253047823906,-0.00020967483578715473,-0.03158196434378624,2.8499972820281982,5802224.0
55.400001525878906,47.46920394897461,-0.1189943179488182,-0.011315906420350075,865.81201171875,-0.42911842465400696,1126.566650390625,-0.6988316774368286,1053.2890625,-0.6346587538719177,1144.0927734375,-0.6662412285804749,0.7732532024383545,0.5916935205459595,0.4094023108482361,0.4027867317199707,0.4263048470020294,0.43862298130989075,-0.004387472290545702,-0.004823789000511169,0.004222555551677942,0.012587555684149265,0.015335523523390293,0.016359863802790642,2.6661434173583984,0.4443572461605072,0.017313485965132713,-0.00019498224719427526,-0.029368912801146507,2.8496580123901367,5801533.5
55.5,47.45728302001953,-0.1192193403840065,-0.0022502150386571884,865.7691040039062,-0.4283607304096222,1126.496826171875,-0.6969045996665955,1053.2255859375,-0.633215606212616,1144.0263671875,-0.6636200547218323,0.7728159427642822,0.5912147760391235,0.40983250737190247,0.4040526747703552,0.42784687876701355,0.4402722716331482,-0.00435840105637908,-0.0047510829754173756,0.004381019156426191,0.012731690891087055,0.01550536509603262,0.016624249517917633,2.6765952110290527,0.4460992217063904,0.017522819340229034,-0.00018028871272690594,-0.027155721560120583,2.8493192195892334,5800843.5
55.599998474121094,47.4454345703125,-0.11847052723169327,0.007488112896680832,865.726318359375,-0.427591472864151,1126.42724609375,-0.6949576735496521,1053.162353515625,-0.631754457950592,1143.9600830078125,-0.6609756350517273,0.7723815441131592,0.5907433032989502,0.4102785289287567,0.40533310174942017,0.42940592765808105,0.4419468939304352,-0.004329136572778225,-0.004678045865148306,0.004539669491350651,0.012876716442406178,0.015675535425543785,0.016866004094481468,2.6871514320373535,0.4478585720062256,0.017678430303931236,-0.0001656768872635439,-0.024954836815595627,2.8489811420440674,5800155.0
55.70000076293945,47.43373489379883,-0.1170186772942543,0.014518482610583305,865.68359375,-0.4268105924129486,1126.3577880859375,-0.6929929256439209,1053.0992431640625,-0.6302754878997803,1143.8941650390625,-0.6583153009414673,0.7719501256942749,0.5902791619300842,0.4107404053211212,0.40662798285484314,0.4309818148612976,0.44364431500434875,-0.004299738444387913,-0.004604823887348175,0.004697970114648342,0.013021277263760567,0.015842380002141,0.017079701647162437,2.6977853775024414,0.44963088631629944,0.01779368333518505,-0.00015120639000087976,-0.02277524024248123,2.8486435413360596,5799468.0
55.79999923706055,47.42220687866211,-0.11525721848011017,0.017614617943763733,865.6409301757812,-0.4260181188583374,1126.28857421875,-0.6910117268562317,1053.036376953125,-0.6287789344787598,1143.828369140625,-0.6556434631347656,0.7715216279029846,0.5898223519325256,0.4112181067466736,0.40793728828430176,0.43257418274879456,0.4453617036342621,-0.004270242061465979,-0.0045315055176615715,0.004855604842305183,0.013164594769477844,0.016004009172320366,0.017265770584344864,2.7084810733795166,0.45141351222991943,0.017889320850372314,-0.0001369034725939855,-0.020620884373784065,2.848306655883789,5798782.0
55.900001525878906,47.41087341308594,-0.11334436386823654,0.01912851631641388,865.598388671875,-0.42521408200263977,1126.2196044921875,-0.6890149712562561,1052.9735107421875,-0.6272650957107544,1143.762939453125,-0.6529625654220581,0.7710960507392883,0.5893728733062744,0.41171151399612427,0.4092608392238617,0.43418237566947937,0.44709646701812744,-0.004240667447447777,-0.004458137787878513,0.0050124069675803185,0.013306270353496075,0.0161596592515707,0.01742747612297535,2.7192296981811523,0.4532049298286438,0.017972907051444054,-0.00012278094072826207,-0.01849369890987873,2.847970485687256,5798097.5
56.0,47.39973831176758,-0.11135585606098175,0.01988510601222515,865.555908203125,-0.4243984520435333,1126.1507568359375,-0.6870031356811523,1052.910888671875,-0.625734269618988,1143.6978759765625,-0.6502740383148193,0.7706734538078308,0.5889307260513306,0.4122205376625061,0.4105984568595886,0.4358058273792267,0.44884634017944336,-0.004211027640849352,-0.0043847523629665375,0.00516827218234539,0.01344607025384903,0.016309047117829323,0.01756853237748146,2.73002552986145,0.4550042450428009,0.018048353493213654,-0.00010884518997045234,-0.01639464683830738,2.847634792327881,5797414.0
56.099998474121094,47.3888053894043,-0.10933529585599899,0.02020556852221489,865.5134887695312,-0.42357131838798523,1126.0821533203125,-0.6849768161773682,1052.848388671875,-0.6241869330406189,1143.6329345703125,-0.6475788950920105,0.7702538371086121,0.5884959101676941,0.4127451181411743,0.4119499623775482,0.43744394183158875,0.4506094455718994,-0.004181330557912588,-0.00431137066334486,0.005323133897036314,0.013583854772150517,0.01645215041935444,0.017692450433969498,2.7408647537231445,0.4568108022212982,0.01811807043850422,-9.509889787295833e-05,-0.014324131421744823,2.847299814224243,5796732.0
56.20000076293945,47.378074645996094,-0.10730541497468948,0.020298831164836884,865.47119140625,-0.4227326810359955,1126.0137939453125,-0.6829363107681274,1052.7860107421875,-0.6226232647895813,1143.568359375,-0.6448779106140137,0.7698372006416321,0.588068425655365,0.41328513622283936,0.41331514716148376,0.43909600377082825,0.45238423347473145,-0.004151583183556795,-0.00423800852149725,0.005476944614201784,0.013719539158046246,0.016589080914855003,0.01780228316783905,2.751744508743286,0.45862406492233276,0.01818339340388775,-8.154282113537192e-05,-0.012282267212867737,2.8469653129577637,5796051.5
56.29999923706055,47.367549896240234,-0.10523547977209091,0.02069934643805027,865.428955078125,-0.42188262939453125,1125.9456787109375,-0.6808820366859436,1052.723876953125,-0.6210437417030334,1143.50390625,-0.6421719789505005,0.7694235444068909,0.5876482725143433,0.4138404428958893,0.41469380259513855,0.4407614767551422,0.454169362783432,-0.004121793434023857,-0.004164684563875198,0.005629649385809898,0.01385301724076271,0.016719883307814598,0.017900127917528152,2.7626609802246094,0.46044352650642395,0.018242431804537773,-6.818032125011086e-05,-0.010269560851156712,2.8466317653656006,5795372.0
56.400001525878906,47.35729217529297,-0.10257536917924881,0.0266011580824852,865.3868408203125,-0.4210211932659149,1125.877685546875,-0.6788156628608704,1052.661865234375,-0.6194486021995544,1143.4398193359375,-0.6394657492637634,0.7690128684043884,0.5872355103492737,0.4144109785556793,0.4160856306552887,0.44243964552879333,0.45596352219581604,-0.004091999493539333,-0.004091492388397455,0.005780917592346668,0.013983498327434063,0.016842711716890335,0.017981724813580513,2.7735977172851562,0.4622662663459778,0.018260685727000237,-5.506126763066277e-05,-0.008293522521853447,2.8462986946105957,5794694.0
56.5,47.347373962402344,-0.09919656813144684,0.03378797322511673,865.3447875976562,-0.42014846205711365,1125.809814453125,-0.6767396330833435,1052.5999755859375,-0.6178385019302368,1143.3760986328125,-0.6367667317390442,0.76860511302948,0.5868299603462219,0.41499656438827515,0.41749030351638794,0.4441295564174652,0.4577646851539612,-0.004062261898070574,-0.004018581472337246,0.0059302146546542645,0.014109701849520206,0.016954470425844193,0.01803966797888279,2.7845263481140137,0.46408775448799133,0.018229810521006584,-4.224631265969947e-05,-0.006363288499414921,2.845966339111328,5794017.5
56.599998474121094,47.33784484863281,-0.09529327601194382,0.039032891392707825,865.3027954101562,-0.4192645251750946,1125.7423095703125,-0.6746562719345093,1052.5382080078125,-0.6162139177322388,1143.3125,-0.6340816617012024,0.7682003974914551,0.5864317417144775,0.41559693217277527,0.4189073443412781,0.44582998752593994,0.4595702290534973,-0.004032637923955917,-0.003946088720113039,0.0060770572163164616,0.014230496250092983,0.017052626237273216,0.01806936226785183,2.795422315597534,0.46590369939804077,0.018159914761781693,-2.977963595185429e-05,-0.004485513549298048,2.845634698867798,5793342.5
56.70000076293945,47.3287467956543,-0.0909591019153595,0.04334176704287529,865.2609252929688,-0.4183695316314697,1125.6749267578125,-0.6725678443908691,1052.4766845703125,-0.6145757436752319,1143.249267578125,-0.6314165592193604,0.7677986025810242,0.586040735244751,0.4162118434906006,0.42033615708351135,0.44753944873809814,0.46137726306915283,-0.004003175068646669,-0.0038741324096918106,0.006221036426723003,0.014344953931868076,0.017135310918092728,0.01806875877082348,2.806262969970703,0.4677104949951172,0.01805451698601246,-1.7697442672215402e-05,-0.002665651263669133,2.845303773880005,5792669.0
56.79999923706055,47.320133209228516,-0.0861346423625946,0.04824463650584221,865.2191162109375,-0.41746360063552856,1125.6077880859375,-0.6704767346382141,1052.4154052734375,-0.6129247546195984,1143.186279296875,-0.6287775039672852,0.7673997282981873,0.5856568813323975,0.4168410003185272,0.42177602648735046,0.4492563307285309,0.46318256855010986,-0.003973925951868296,-0.00380283803679049,0.006361719220876694,0.014452102594077587,0.017200615257024765,0.018035706132650375,2.8170254230499268,0.4695042371749878,0.017908137291669846,-6.040916105121141e-06,-0.0009099041344597936,2.844973564147949,5791996.5
56.900001525878906,47.31202697753906,-0.08106718957424164,0.05067447945475578,865.1774291992188,-0.41654688119888306,1125.5408935546875,-0.6683849692344666,1052.3541259765625,-0.6112619638442993,1143.12353515625,-0.6261695027351379,0.7670038342475891,0.585280179977417,0.4174840450286865,0.4232262372970581,0.4509787857532501,0.4649829864501953,-0.003944931551814079,-0.003732305718585849,0.006498769856989384,0.014551226980984211,0.017247408628463745,0.017970524728298187,2.827690839767456,0.4712817966938019,0.017735347151756287,5.1697102207981516e-06,0.0007786799687892199,2.844644069671631,5791326.0
57.0,47.30445861816406,-0.07570624351501465,0.0536094568669796,865.1358032226562,-0.4156196117401123,1125.47412109375,-0.6662946343421936,1052.2930908203125,-0.6095883250236511,1143.06103515625,-0.6235972046852112,0.7666107416152954,0.5849103927612305,0.41814059019088745,0.42468592524528503,0.4527049958705902,0.4667752981185913,-0.003916230518370867,-0.0036626290529966354,0.006631877273321152,0.014641689136624336,0.017274796962738037,0.017873870208859444,2.8382415771484375,0.47304025292396545,0.017531367018818855,1.590995816513896e-05,0.0023964140564203262,2.844315528869629,5790656.5
57.099998474121094,47.297481536865234,-0.06974400579929352,0.05962242931127548,865.0942993164062,-0.414682000875473,1125.4075927734375,-0.6642085313796997,1052.232177734375,-0.6079049706459045,1142.998779296875,-0.6210676431655884,0.7662205696105957,0.5845475792884827,0.41881024837493896,0.42615416646003723,0.454432874917984,0.4685562252998352,-0.00388788222335279,-0.0035939509980380535,0.006760555785149336,0.01472241897135973,0.017280736938118935,0.017742445692420006,2.8486506938934326,0.474775105714798,0.01727554015815258,2.6129377147299238e-05,0.003935698885470629,2.843987464904785,5789988.5
57.20000076293945,47.29117202758789,-0.06311283260583878,0.06631170958280563,865.0528564453125,-0.4137342870235443,1125.34130859375,-0.6621300578117371,1052.1715087890625,-0.6062131524085999,1142.936767578125,-0.6185896396636963,0.7658331394195557,0.5841915607452393,0.4194925129413605,0.4276299476623535,0.45616012811660767,0.47032204270362854,-0.0038599593099206686,-0.0035264475736767054,0.006884197238832712,0.01479206420481205,0.01726248487830162,0.017571186646819115,2.8588852882385254,0.4764809012413025,0.016962513327598572,3.5771856346400455e-05,0.005388083402067423,2.8436601161956787,5789322.5
57.29999923706055,47.28559494018555,-0.05576720088720322,0.073456309735775,865.0115356445312,-0.41277679800987244,1125.275146484375,-0.6600629687309265,1052.1109619140625,-0.6045141816139221,1142.875,-0.6161726713180542,0.7654485106468201,0.5838422179222107,0.420186847448349,0.4291120767593384,0.4578842222690582,0.4720684885978699,-0.0038325414061546326,-0.0034603120293468237,0.007002139464020729,0.014849163591861725,0.017217112705111504,0.017355026677250862,2.8689095973968506,0.4781515896320343,0.016587328165769577,4.477749826037325e-05,0.0067445444874465466,2.8433337211608887,5788657.5
57.400001525878906,47.2807731628418,-0.04822644591331482,0.07540754973888397,864.9703369140625,-0.4118098318576813,1125.209228515625,-0.6580101847648621,1052.0506591796875,-0.6028096675872803,1142.8135986328125,-0.6138232946395874,0.7650666236877441,0.5834994316101074,0.4208926856517792,0.43059924244880676,0.45960238575935364,0.47379112243652344,-0.0038056825287640095,-0.0033956740517169237,0.007113959174603224,0.01489286683499813,0.017143499106168747,0.01709502749145031,2.8786983489990234,0.4797830879688263,0.016182195395231247,5.3130308515392244e-05,0.008002674207091331,2.843007802963257,5787994.5
57.5,47.27669906616211,-0.04073944687843323,0.07486998289823532,864.92919921875,-0.41083380579948425,1125.1435546875,-0.6559737920761108,1051.9903564453125,-0.6011011004447937,1142.7523193359375,-0.6115443110466003,0.7646873593330383,0.5831630229949951,0.42160937190055847,0.43209007382392883,0.46131178736686707,0.47548583149909973,-0.0037794094532728195,-0.0033325955737382174,0.007219482678920031,0.014922961592674255,0.017042269930243492,0.016797028481960297,2.888239860534668,0.48137331008911133,0.01576160080730915,6.0835332988062873e-05,0.009163232520222664,2.8426828384399414,5787333.0
57.599998474121094,47.27336120605469,-0.03337154909968376,0.07367897778749466,864.8881225585938,-0.40984907746315,1125.0780029296875,-0.6539552807807922,1051.930419921875,-0.5993900299072266,1142.6912841796875,-0.6093375086784363,0.7643107175827026,0.5828328728675842,0.42233631014823914,0.43358325958251953,0.4630097448825836,0.477149099111557,-0.0037537384778261185,-0.0032711136154830456,0.007318632211536169,0.014939471147954464,0.01691463775932789,0.01646731048822403,2.8975260257720947,0.4829210340976715,0.015329813584685326,6.790311454096809e-05,0.010227806866168976,2.8423585891723633,5786672.5
57.70000076293945,47.27075958251953,-0.026011997833848,0.07359552383422852,864.8472290039062,-0.4088561236858368,1125.0126953125,-0.6519564986228943,1051.8704833984375,-0.5976779460906982,1142.63037109375,-0.6072050333023071,0.7639365792274475,0.5825087428092957,0.42307284474372864,0.435077428817749,0.4646936357021332,0.47877800464630127,-0.0037286896258592606,-0.003211274044588208,0.007411296013742685,0.014942335896193981,0.016761472448706627,0.016109850257635117,2.906547784805298,0.4844246208667755,0.014880103059113026,7.433484279317781e-05,0.011196576990187168,2.8420352935791016,5786014.0
57.79999923706055,47.26891326904297,-0.018487555906176567,0.07524441182613373,864.806396484375,-0.40785539150238037,1124.9476318359375,-0.6499796509742737,1051.8109130859375,-0.5959663987159729,1142.56982421875,-0.605150580406189,0.763564944267273,0.5821905136108398,0.42381832003593445,0.4365711510181427,0.4663609564304352,0.48036980628967285,-0.0037042952608317137,-0.00315315299667418,0.007497251965105534,0.014931214973330498,0.016582820564508438,0.015725303441286087,2.915289878845215,0.48588165640830994,0.014401647262275219,8.011706086108461e-05,0.012067514471709728,2.841712474822998,5785357.5
57.900001525878906,47.267826080322266,-0.010865245014429092,0.07622311264276505,864.765625,-0.40684744715690613,1124.8828125,-0.6480270624160767,1051.7513427734375,-0.5942569971084595,1142.5093994140625,-0.6031778454780579,0.7631956934928894,0.5818780660629272,0.42457202076911926,0.4380630850791931,0.4680091440677643,0.48192182183265686,-0.0036805886775255203,-0.003096828470006585,0.00757627421990037,0.01490576472133398,0.016378672793507576,0.015314062125980854,2.923737049102783,0.48728951811790466,0.013899303041398525,8.52419834700413e-05,0.012839448638260365,2.841390609741211,5784702.0
58.0,47.267486572265625,-0.003384660230949521,0.0748058408498764,864.7250366210938,-0.40583276748657227,1124.8179931640625,-0.6461004018783569,1051.6920166015625,-0.5925511717796326,1142.4490966796875,-0.6012887358665466,0.7628288269042969,0.581571102142334,0.42533326148986816,0.4395517408847809,0.46963566541671753,0.48343151807785034,-0.003657587105408311,-0.00304233911447227,0.007648282218724489,0.01486600749194622,0.016150007024407387,0.014879439026117325,2.9318811893463135,0.48864686489105225,0.01338901650160551,8.972204523161054e-05,0.01351425051689148,2.8410696983337402,5784048.5
58.099998474121094,47.26789855957031,0.004109503235667944,0.07494163513183594,864.6845092773438,-0.4048119783401489,1124.7535400390625,-0.6442014575004578,1051.6328125,-0.5908504724502563,1142.38916015625,-0.5994852185249329,0.762464165687561,0.5812695026397705,0.4261013865470886,0.4410356879234314,0.4712381660938263,0.4848966598510742,-0.0036353091709315777,-0.0029897273052483797,0.007713182829320431,0.014811928384006023,0.015897611156105995,0.014423533342778683,2.939713478088379,0.4899522364139557,0.012860343791544437,9.355655492981896e-05,0.01409181859344244,2.840749502182007,5783396.5
58.20000076293945,47.26902389526367,0.011271231807768345,0.07161729037761688,864.64404296875,-0.4037856161594391,1124.689208984375,-0.6423313617706299,1051.5738525390625,-0.5891565084457397,1142.3292236328125,-0.597767174243927,0.7621017098426819,0.5809730887413025,0.42687562108039856,0.4425135552883148,0.47281429171562195,0.48631536960601807,-0.0036137576680630445,-0.0029389956034719944,0.007771029602736235,0.014743874780833721,0.01562320813536644,0.013951057568192482,2.9472320079803467,0.4912053346633911,0.012337679974734783,9.677402704255655e-05,0.014576446264982224,2.8404300212860107,5782746.0
58.29999923706055,47.27080535888672,0.017809243872761726,0.06538011878728867,864.6036987304688,-0.4027543365955353,1124.6251220703125,-0.6404903531074524,1051.5150146484375,-0.5874705910682678,1142.26953125,-0.5961312055587769,0.7617413997650146,0.5806816220283508,0.42765530943870544,0.44398394227027893,0.47436201572418213,0.487686425447464,-0.0035929062869399786,-0.002890076255425811,0.007822132669389248,0.014662827365100384,0.01533012930303812,0.013470876961946487,2.9544484615325928,0.49240806698799133,0.011841109953820705,9.942756150849164e-05,0.014976129867136478,2.840111255645752,5782097.5
58.400001525878906,47.27315139770508,0.02346680872142315,0.056575655937194824,864.5634765625,-0.40171876549720764,1124.5611572265625,-0.6386774182319641,1051.456298828125,-0.5857939124107361,1142.2099609375,-0.5945704579353333,0.7613831162452698,0.580394983291626,0.42843979597091675,0.4454456567764282,0.4758796989917755,0.4890095889568329,-0.003572703804820776,-0.0028428391087800264,0.007867030799388885,0.014570307917892933,0.015023001469671726,0.012994430027902126,2.961385488510132,0.4935642182826996,0.011389577761292458,0.00010159188241232187,0.015302128158509731,2.8397934436798096,5781450.5
58.5,47.27600860595703,0.028560247272253036,0.050934385508298874,864.5233764648438,-0.40067949891090393,1124.497314453125,-0.6368919014930725,1051.3978271484375,-0.58412766456604,1142.150634765625,-0.5930793881416321,0.7610267996788025,0.5801129937171936,0.4292284846305847,0.44689759612083435,0.477366179227829,0.49028560519218445,-0.003553106216713786,-0.0027971738018095493,0.007906182669103146,0.014467613771557808,0.014705573208630085,0.012528705410659313,2.968062162399292,0.49467703700065613,0.010963640175759792,0.0001033149819704704,0.015561666339635849,2.8394765853881836,5780805.0
58.599998474121094,47.27934265136719,0.033331576734781265,0.047713298350572586,864.4833374023438,-0.39963722229003906,1124.4337158203125,-0.6351337432861328,1051.3394775390625,-0.5824726819992065,1142.0914306640625,-0.5916548371315002,0.7606724500656128,0.5798354744911194,0.430020809173584,0.4483387768268585,0.47882047295570374,0.4915156960487366,-0.0035340909380465746,-0.0027530211955308914,0.007939856499433517,0.014355543069541454,0.01438002847135067,0.012075109407305717,2.9744887351989746,0.4957481026649475,0.010549653321504593,0.00010462436330271885,0.01575889065861702,2.839160442352295,5780161.5
58.70000076293945,47.28313446044922,0.037939418107271194,0.0460784025490284,864.4434814453125,-0.3985925316810608,1124.370361328125,-0.6334033012390137,1051.2813720703125,-0.5808297991752625,1142.0323486328125,-0.5902956128120422,0.7603200078010559,0.5795623064041138,0.4308162331581116,0.4497683346271515,0.4802418649196625,0.4927009344100952,-0.0035156491212546825,-0.002710356842726469,0.007968188263475895,0.01423454936593771,0.01404750719666481,0.011632063426077366,2.980668306350708,0.49677807092666626,0.01013842411339283,0.00010553414904279634,0.01589592546224594,2.8388450145721436,5779519.5
58.79999923706055,47.28738784790039,0.04252467676997185,0.04585258290171623,864.4036254882812,-0.39754608273506165,1124.3070068359375,-0.6317014694213867,1051.223388671875,-0.5791999101638794,1141.973388671875,-0.5890018343925476,0.7599692940711975,0.5792933702468872,0.4316142499446869,0.45118534564971924,0.4816296696662903,0.4938422739505768,-0.003497784025967121,-0.0026691858656704426,0.007991206832230091,0.014104809612035751,0.013708330690860748,0.011196174658834934,2.9865996837615967,0.4977666139602661,0.009721159003674984,0.00010604652925394475,0.015973102301359177,2.8385305404663086,5778879.0
58.900001525878906,47.29207992553711,0.04692784696817398,0.044031716883182526,864.3639526367188,-0.39649850130081177,1124.2440185546875,-0.6300288438796997,1051.16552734375,-0.5775837898254395,1141.91455078125,-0.5877729654312134,0.7596204280853271,0.5790284276008606,0.4324142634868622,0.4525889456272125,0.482983261346817,0.49494028091430664,-0.00348049309104681,-0.0026294987183064222,0.008008991368114948,0.013966628350317478,0.013363157398998737,0.010766041465103626,2.992283344268799,0.498713880777359,0.009309312328696251,0.00010617717634886503,0.0159927811473608,2.838216781616211,5778240.5
59.0,47.297183990478516,0.05104213207960129,0.04114285856485367,864.3243408203125,-0.3954503834247589,1124.1810302734375,-0.6283854842185974,1051.1077880859375,-0.5759822130203247,1141.8558349609375,-0.5866071581840515,0.7592731714248657,0.5787674188613892,0.43321582674980164,0.4539783298969269,0.4843020737171173,0.4959956407546997,-0.003463761880993843,-0.002591257682070136,0.008021727204322815,0.013820556923747063,0.013013300485908985,0.010342766530811787,2.997725248336792,0.49962085485458374,0.008910219185054302,0.00010595077037578449,0.015958677977323532,2.8379039764404297,5777603.5
59.099998474121094,47.302677154541016,0.05493190512061119,0.03889772668480873,864.2848510742188,-0.39440232515335083,1124.1182861328125,-0.6267715692520142,1051.05029296875,-0.5743958950042725,1141.797119140625,-0.5855023860931396,0.7589276432991028,0.5785101056098938,0.43401843309402466,0.4553527534008026,0.4855857491493225,0.4970090389251709,-0.0034475766588002443,-0.002554425038397312,0.008029596880078316,0.013667130842804909,0.012659963220357895,0.009927142411470413,3.002931594848633,0.5004885792732239,0.008519944734871387,0.00010538653441471979,0.01587369106709957,2.8375918865203857,5776968.0
59.20000076293945,47.30854034423828,0.05862851068377495,0.036966048181056976,864.2454833984375,-0.39335498213768005,1124.0556640625,-0.625187337398529,1050.992919921875,-0.57282555103302,1141.7386474609375,-0.5844571590423584,0.758583664894104,0.5782564878463745,0.43482157588005066,0.45671147108078003,0.48683395981788635,0.4979812800884247,-0.003431925782933831,-0.002518970286473632,0.008032751269638538,0.013506807386875153,0.01230407040566206,0.009519227780401707,3.0079071521759033,0.5013178586959839,0.008137194439768791,0.00010450105764903128,0.015740318223834038,2.837280750274658,5776334.5
59.29999923706055,47.314720153808594,0.061794035136699677,0.03165523707866669,864.2061767578125,-0.39230892062187195,1123.9932861328125,-0.6236320734024048,1050.935791015625,-0.5712717175483704,1141.6802978515625,-0.5834673643112183,0.7582412362098694,0.5780062675476074,0.4356248080730438,0.4580538868904114,0.4880465269088745,0.4989132881164551,-0.0034167778212577105,-0.002484813565388322,0.008031525649130344,0.01334047969430685,0.011947717517614365,0.009122916497290134,3.0126657485961914,0.5021109580993652,0.007786076050251722,0.00010333945829188451,0.015565354377031326,2.836970329284668,5775702.5
59.400001525878906,47.3211669921875,0.06445902585983276,0.026649899780750275,864.1669921875,-0.3912646770477295,1123.930908203125,-0.6221047639846802,1050.878662109375,-0.5697349309921265,1141.6219482421875,-0.5825278759002686,0.7579002976417542,0.5777594447135925,0.4364277124404907,0.4593793749809265,0.48922356963157654,0.4998064339160919,-0.0034020920284092426,-0.0024518517311662436,0.008026336319744587,0.01316922903060913,0.011593406088650227,0.008742846548557281,3.0172252655029297,0.5028709173202515,0.007464806083589792,0.000101944271591492,0.015355206094682217,2.836660623550415,5775072.5
59.5,47.32783889770508,0.06671307235956192,0.022540440782904625,864.1279296875,-0.39022284746170044,1123.8687744140625,-0.6206045746803284,1050.82177734375,-0.5682154893875122,1141.563720703125,-0.5816341042518616,0.7575607895851135,0.5775158405303955,0.4372299313545227,0.4606875479221344,0.4903653562068939,0.5006625652313232,-0.0033878320828080177,-0.0024199937470257282,0.00801754929125309,0.01299399696290493,0.011243137530982494,0.008381584659218788,3.021602153778076,0.5036003589630127,0.007168671116232872,0.00010035043669631705,0.015115137211978436,2.8363518714904785,5774444.0
59.599998474121094,47.33469772338867,0.06860309839248657,0.0189003087580204,864.0889282226562,-0.38918399810791016,1123.806884765625,-0.6191306114196777,1050.7650146484375,-0.5667137503623962,1141.505615234375,-0.580781877040863,0.7572227120399475,0.5772753953933716,0.43803107738494873,0.4619780480861664,0.49147239327430725,0.5014835000038147,-0.0033739658538252115,-0.0023891585879027843,0.008005493320524693,0.012815609574317932,0.010898515582084656,0.00804035272449255,3.0258102416992188,0.5043017268180847,0.006895713973790407,9.858892735792324e-05,0.014849812723696232,2.8360440731048584,5773817.0
59.70000076293945,47.3416862487793,0.06989381462335587,0.012907176278531551,864.0501098632812,-0.38814857602119446,1123.7449951171875,-0.6176814436912537,1050.70849609375,-0.5652298331260681,1141.4476318359375,-0.5799655318260193,0.7568860054016113,0.5770379900932312,0.4388309121131897,0.46325060725212097,0.49254536628723145,0.5022715330123901,-0.0033604467753320932,-0.002359230536967516,0.007990620099008083,0.012635186314582825,0.010561882518231869,0.007722766138613224,3.0298705101013184,0.5049784183502197,0.0066633448004722595,9.67105952440761e-05,0.014566891826689243,2.8357369899749756,5773192.0
59.79999923706055,47.34874725341797,0.07061643898487091,0.007226214744150639,864.0113525390625,-0.3871171176433563,1123.683349609375,-0.6162553429603577,1050.6519775390625,-0.5637637972831726,1141.3896484375,-0.5791784524917603,0.7565506100654602,0.5768035650253296,0.43962910771369934,0.46450504660606384,0.4935851991176605,0.5030291676521301,-0.003347222227603197,-0.0023300780449062586,0.007973436266183853,0.012453962117433548,0.010235795751214027,0.007432735990732908,3.033806324005127,0.5056343674659729,0.006470027845352888,9.47636435739696e-05,0.014273635111749172,2.83543062210083,5772568.5
59.900001525878906,47.35585021972656,0.07100770622491837,0.003912647254765034,863.97265625,-0.38609007000923157,1123.6217041015625,-0.6148509383201599,1050.595703125,-0.5623155236244202,1141.331787109375,-0.5784157514572144,0.7562165260314941,0.5765719413757324,0.4404255151748657,0.4657413959503174,0.4945929944515228,0.5037592053413391,-0.0033342528622597456,-0.0023016033228486776,0.007954319007694721,0.012272829189896584,0.00992176216095686,0.007170601282268763,3.037635087966919,0.506272554397583,0.006300668232142925,9.277624485548586e-05,0.013974285684525967,2.835125207901001,5771946.5
60.0,47.36297607421875,0.07128428667783737,0.0027658373583108187,863.93408203125,-0.3850678503513336,1123.560302734375,-0.6134675145149231,1050.53955078125,-0.560884952545166,1141.27392578125,-0.577674925327301,0.7558837532997131,0.5763431787490845,0.44121992588043213,0.4669596254825592,0.49557003378868103,0.5044642686843872,-0.003321518423035741,-0.0022737551480531693,0.007933471351861954,0.012092230841517448,0.009620016440749168,0.006933102384209633,3.0413661003112793,0.5068943500518799,0.006141480058431625,9.075823618331924e-05,0.01367032527923584,2.834820508956909,5771326.0
60.099998474121094,47.37012481689453,0.07145126909017563,0.0016698503168299794,863.8956298828125,-0.3840508759021759,1123.4990234375,-0.6121046543121338,1050.4835205078125,-0.5594719052314758,1141.2161865234375,-0.5769542455673218,0.7555522322654724,0.5761171579360962,0.44201216101646423,0.46815985441207886,0.49651747941970825,0.5051466226577759,-0.00330900470726192,-0.0022464976646006107,0.007911039516329765,0.011912459507584572,0.009330402128398418,0.006716694217175245,3.0450053215026855,0.5075008869171143,0.005992763210088015,8.871901809470728e-05,0.013363172300159931,2.834516763687134,5770707.5
60.20000076293945,47.377281188964844,0.07157567143440247,0.001244005630724132,863.8572998046875,-0.3830395042896271,1123.4378662109375,-0.6107618808746338,1050.4276123046875,-0.5580762028694153,1141.1585693359375,-0.5762525796890259,0.7552219033241272,0.5758938789367676,0.4428020715713501,0.4693421721458435,0.4974365532398224,0.5058082938194275,-0.003296701470389962,-0.002219804795458913,0.007887129671871662,0.011733712628483772,0.00905253179371357,0.006517953239381313,3.0485572814941406,0.5080928802490234,0.0058497479185462,8.666233770782128e-05,0.01305338740348816,2.8342137336730957,5770090.5
60.29999923706055,47.38441467285156,0.07133562862873077,-0.0024004364386200905,863.8190307617188,-0.3820340633392334,1123.376953125,-0.6094381213188171,1050.3719482421875,-0.55669766664505,1141.1009521484375,-0.5755664706230164,0.754892885684967,0.5756732225418091,0.44358953833580017,0.4705066680908203,0.49832847714424133,0.5064509510993958,-0.00328458147123456,-0.0021936078555881977,0.00786200538277626,0.011556567624211311,0.008787118829786777,0.006337633356451988,3.0520341396331787,0.5086723566055298,0.005735108163207769,8.461913239443675e-05,0.012745632790029049,2.833911418914795,5769475.5
60.400001525878906,47.39149856567383,0.07086081802845001,-0.004748079925775528,863.7808837890625,-0.38103488087654114,1123.3160400390625,-0.6081323027610779,1050.3162841796875,-0.5553361177444458,1141.04345703125,-0.5748923420906067,0.7545650005340576,0.5754551291465759,0.4443744421005249,0.4716535806655884,0.49919453263282776,0.5070765614509583,-0.0032726149074733257,-0.002167833037674427,0.00783594697713852,0.011381636373698711,0.008534945547580719,0.0061766221188008785,3.0554492473602295,0.50924152135849,0.005639337468892336,8.260938921011984e-05,0.012442917563021183,2.8336100578308105,5768861.5
60.5,47.39854049682617,0.07039889693260193,-0.00461924634873867,863.7428588867188,-0.3800422251224518,1123.2552490234375,-0.6068438291549683,1050.2608642578125,-0.5539911389350891,1140.9859619140625,-0.5742288827896118,0.7542383074760437,0.5752395987510681,0.44515669345855713,0.47278308868408203,0.5000360012054443,0.507686972618103,-0.0032607908360660076,-0.0021424524020403624,0.007809062488377094,0.011209094896912575,0.008295590057969093,0.00603208364918828,3.058807373046875,0.5098012685775757,0.005545910447835922,8.063211862463504e-05,0.012145093642175198,2.8333094120025635,5768249.5
60.599998474121094,47.405517578125,0.06976626813411713,-0.006326293107122183,863.7048950195312,-0.3790563642978668,1123.1947021484375,-0.6055720448493958,1050.20556640625,-0.5526625514030457,1140.9285888671875,-0.5735743045806885,0.7539128661155701,0.5750266313552856,0.4459362030029297,0.47389549016952515,0.5008541345596313,0.5082836151123047,-0.0032490938901901245,-0.0021174284629523754,0.007781496271491051,0.01103920303285122,0.00806891918182373,0.005902728531509638,3.062115430831909,0.5103525519371033,0.005468296352773905,7.870185800129548e-05,0.011854351498186588,2.8330094814300537,5767639.0
60.70000076293945,47.41242599487305,0.0690867006778717,-0.006795680150389671,863.6670532226562,-0.37807750701904297,1123.1341552734375,-0.604316234588623,1050.1502685546875,-0.5513500571250916,1140.871337890625,-0.5729271173477173,0.7535884976387024,0.574816107749939,0.4467129707336426,0.4749910533428192,0.5016502737998962,0.5088680386543274,-0.0032375112641602755,-0.0020927279256284237,0.007753373589366674,0.010872174985706806,0.007854694500565529,0.00578719237819314,3.0653791427612305,0.5108965039253235,0.005397289991378784,7.68226818763651e-05,0.011571303009986877,2.8327102661132812,5767030.0
60.79999923706055,47.419246673583984,0.06820812076330185,-0.00878581590950489,863.6292724609375,-0.37710586190223694,1123.07373046875,-0.6030756235122681,1050.09521484375,-0.5500532388687134,1140.8140869140625,-0.572284996509552,0.7532653212547302,0.5746080875396729,0.44748687744140625,0.4760700762271881,0.5024256110191345,0.509441614151001,-0.003226023865863681,-0.0020683042239397764,0.0077248672023415565,0.010708337649703026,0.00765303336083889,0.005685512907803059,3.0686066150665283,0.5114344358444214,0.005344011355191469,7.501150685129687e-05,0.011298498138785362,2.832412004470825,5766422.5
60.900001525878906,47.42595672607422,0.06710171699523926,-0.011064033955335617,863.5916137695312,-0.37614163756370544,1123.0135498046875,-0.6018490791320801,1050.040283203125,-0.548771858215332,1140.7568359375,-0.5716449618339539,0.7529432773590088,0.5744024515151978,0.4482579231262207,0.4771328568458557,0.5031813979148865,0.5100057721138,-0.0032146070152521133,-0.002044095192104578,0.007696208544075489,0.010548158548772335,0.007464447990059853,0.005598938558250666,3.0718095302581787,0.5119682550430298,0.005310276988893747,7.328770880121738e-05,0.011038852855563164,2.8321144580841064,5765816.5
61.0,47.432533264160156,0.06578157097101212,-0.013201471418142319,863.5540161132812,-0.37518495321273804,1122.953369140625,-0.6006353497505188,1049.9854736328125,-0.5475054979324341,1140.69970703125,-0.5710039734840393,0.7526224255561829,0.5741992592811584,0.4490261375904083,0.4781798720359802,0.5039190053939819,0.5105621218681335,-0.0032032346352934837,-0.0020200377330183983,0.007667628116905689,0.010392097756266594,0.007289426866918802,0.005528455134481192,3.0749990940093994,0.5124998688697815,0.005295456387102604,7.166943396441638e-05,0.010795103386044502,2.831817626953125,5765212.5
61.099998474121094,47.438961029052734,0.06427332013845444,-0.015082459896802902,863.5165405273438,-0.37423595786094666,1122.8934326171875,-0.5994333624839783,1049.9307861328125,-0.5462536215782166,1140.6427001953125,-0.5703591704368591,0.7523026466369629,0.5739984512329102,0.44979146122932434,0.4792114794254303,0.5046398639678955,0.5111122131347656,-0.003191883210092783,-0.0019960724748671055,0.007639341056346893,0.010240568779408932,0.007128329481929541,0.005474526900798082,3.078186273574829,0.5130310654640198,0.005298174452036619,7.017266761977226e-05,0.01056965533643961,2.831521511077881,5764609.5
61.20000076293945,47.44524383544922,0.06280940771102905,-0.014639158733189106,863.4791870117188,-0.3732947111129761,1122.83349609375,-0.5982424020767212,1049.876220703125,-0.5450158715248108,1140.585693359375,-0.5697094798088074,0.7519840598106384,0.5738000273704529,0.4505540132522583,0.48022815585136414,0.5053452253341675,0.5116575956344604,-0.0031805429607629776,-0.0019721761345863342,0.00761142885312438,0.010093645192682743,0.006980592384934425,0.005434744525700808,3.0813751220703125,0.5135625004768372,0.005302344914525747,6.879370630485937e-05,0.010361950844526291,2.831226110458374,5764008.5
61.29999923706055,47.4514045715332,0.06161276623606682,-0.011966399848461151,863.44189453125,-0.37236133217811584,1122.7738037109375,-0.5970625877380371,1049.82177734375,-0.5437917113304138,1140.5286865234375,-0.5690563917160034,0.7516665458679199,0.5736039876937866,0.4513137638568878,0.48123037815093994,0.5060364007949829,0.5121995210647583,-0.003169225063174963,-0.0019483757205307484,0.007583784870803356,0.009950939565896988,0.006844435818493366,0.005403442308306694,3.0845606327056885,0.5140934586524963,0.005292609799653292,6.750994361937046e-05,0.010168585926294327,2.8309316635131836,5763408.5
61.400001525878906,47.457489013671875,0.06085117161273956,-0.007615941576659679,863.4047241210938,-0.37143588066101074,1122.714111328125,-0.5958946943283081,1049.7674560546875,-0.5425808429718018,1140.4718017578125,-0.5684036612510681,0.7513501644134521,0.5734103322029114,0.45207077264785767,0.482218474149704,0.5067144632339478,0.5127383470535278,-0.003157958621159196,-0.0019247420132160187,0.007556146942079067,0.009811678901314735,0.0067171500995755196,0.005373090505599976,3.0877299308776855,0.5146216750144958,0.0052568246610462666,6.62845850456506e-05,0.00998401828110218,2.8306376934051514,5762810.5
61.5,47.46352005004883,0.06030981242656708,-0.005413577426224947,863.3676147460938,-0.37051835656166077,1122.654541015625,-0.5947393774986267,1049.7132568359375,-0.5413829684257507,1140.4150390625,-0.5677540898323059,0.7510349750518799,0.5732190608978271,0.45282498002052307,0.4831928312778473,0.5073801279067993,0.5132740139961243,-0.003146765287965536,-0.001901328330859542,0.00752831669524312,0.009675269015133381,0.006596673745661974,0.005339393392205238,3.0908730030059814,0.515145480632782,0.005209427792578936,6.509902596008033e-05,0.00980544462800026,2.8303446769714355,5762214.0
61.599998474121094,47.46951675415039,0.0599549375474453,-0.0035487781278789043,863.3306274414062,-0.3696088492870331,1122.59521484375,-0.593596875667572,1049.6591796875,-0.540198028087616,1140.3582763671875,-0.5671095252037048,0.7507208585739136,0.5730300545692444,0.4535764157772064,0.4841536283493042,0.5080339908599854,0.5138060450553894,-0.003135659731924534,-0.0018781694816425443,0.0075001646764576435,0.009541299194097519,0.006481560878455639,0.005300464108586311,3.0939831733703613,0.5156638622283936,0.005151322577148676,6.393752846634015e-05,0.009630496613681316,2.830052137374878,5761618.5
61.70000076293945,47.475440979003906,0.059258222579956055,-0.006967140827327967,863.293701171875,-0.3687073290348053,1122.535888671875,-0.592466413974762,1049.605224609375,-0.5390256643295288,1140.3016357421875,-0.5664678812026978,0.7504078149795532,0.5728434324264526,0.45432502031326294,0.48510119318962097,0.5086767077445984,0.5143340826034546,-0.0031246240250766277,-0.0018552212277427316,0.007471855729818344,0.00941009633243084,0.006372473202645779,0.005261044483631849,3.0970687866210938,0.5161781311035156,0.0051195439882576466,6.282911635935307e-05,0.009463543072342873,2.8297605514526367,5761024.5
61.79999923706055,47.481258392333984,0.058153413236141205,-0.01104807946830988,863.2568969726562,-0.3678138554096222,1122.4766845703125,-0.5913463830947876,1049.5513916015625,-0.5378657579421997,1140.2449951171875,-0.5658244490623474,0.7500959038734436,0.5726590156555176,0.4550707936286926,0.4860357940196991,0.5093088150024414,0.5148585438728333,-0.003113619750365615,-0.0018323890399187803,0.007443735841661692,0.009282433427870274,0.006271256599575281,0.005228396970778704,3.100146770477295,0.5166911482810974,0.005117925815284252,6.180840864544734e-05,0.00930980034172535,2.829469680786133,5760432.5
61.900001525878906,47.48695373535156,0.056949976831674576,-0.012034362182021141,863.2201538085938,-0.3669283986091614,1122.4176025390625,-0.5902358293533325,1049.4976806640625,-0.53671795129776,1140.1884765625,-0.5651766061782837,0.7497850656509399,0.5724769234657288,0.45581379532814026,0.486957848072052,0.5099312663078308,0.5153801441192627,-0.003102625021710992,-0.0018096192507073283,0.007415998727083206,0.009158690460026264,0.006178594660013914,0.00520484009757638,3.103226900100708,0.5172045230865479,0.005125417839735746,6.088379450375214e-05,0.0091705322265625,2.829179286956787,5759841.5
62.0,47.49252700805664,0.05576201528310776,-0.011879626661539078,863.1834716796875,-0.36605092883110046,1122.358642578125,-0.5891340970993042,1049.444091796875,-0.5355818271636963,1140.1319580078125,-0.5645236968994141,0.749475359916687,0.5722970962524414,0.45655402541160583,0.48786768317222595,0.5105448961257935,0.5158998370170593,-0.0030916337855160236,-0.001786896144039929,0.007388696540147066,0.009038890711963177,0.006094170268625021,0.005189253482967615,3.1063122749328613,0.5177187323570251,0.00513519486412406,6.0053993365727365e-05,0.00904554408043623,2.828889846801758,5759252.0
62.099998474121094,47.49799728393555,0.05468487739562988,-0.010771384462714195,863.1469116210938,-0.36518147587776184,1122.2998046875,-0.5880411267280579,1049.3905029296875,-0.5344570279121399,1140.0755615234375,-0.5638662576675415,0.7491667866706848,0.5721195340156555,0.45729154348373413,0.48876577615737915,0.5111504197120667,0.5164182782173157,-0.0030806486029177904,-0.0017642263555899262,0.007361799478530884,0.00892285630106926,0.006017148029059172,0.005179138854146004,3.1094014644622803,0.518233597278595,0.005140620283782482,5.9309633797965944e-05,0.00893342588096857,2.8286008834838867,5758663.5
62.20000076293945,47.503395080566406,0.053965646773576736,-0.007192286662757397,863.1104736328125,-0.36431995034217834,1122.240966796875,-0.5869574546813965,1049.337158203125,-0.5333433151245117,1140.0191650390625,-0.5632068514823914,0.7488592267036438,0.5719442367553711,0.45802637934684753,0.4896523952484131,0.5117485523223877,0.5169357061386108,-0.003069690428674221,-0.0017416611080989242,0.0073351128958165646,0.008810003288090229,0.005945630371570587,0.005169142968952656,3.11248517036438,0.5187475085258484,0.005123896058648825,5.8620407799026e-05,0.008829612284898758,2.828312635421753,5758077.0
62.29999923706055,47.508758544921875,0.05363720655441284,-0.003284428734332323,863.0740356445312,-0.36346635222435,1122.182373046875,-0.5858839154243469,1049.2838134765625,-0.5322405099868774,1139.962890625,-0.5625495910644531,0.7485527992248535,0.5717712044715881,0.45875856280326843,0.490527868270874,0.5123396515846252,0.5174518823623657,-0.003058791160583496,-0.0017192777013406157,0.007308349944651127,0.008699529804289341,0.005877240560948849,0.005153339356184006,3.115548849105835,0.5192581415176392,0.00508242379873991,5.795322431367822e-05,0.00872911885380745,2.8280251026153564,5757491.5
62.400001525878906,47.51411437988281,0.05357731133699417,-0.0005989542696624994,863.0377807617188,-0.36262059211730957,1122.1239013671875,-0.5848214030265808,1049.230712890625,-0.531148374080658,1139.9066162109375,-0.5618977546691895,0.748247504234314,0.5716003775596619,0.45948803424835205,0.4913923740386963,0.5129240155220032,0.5179659724235535,-0.0030479764100164175,-0.0016971394652500749,0.007281275931745768,0.008590780198574066,0.005810128524899483,0.005128317046910524,3.1185810565948486,0.5197635293006897,0.0050238813273608685,5.7285360526293516e-05,0.008628522977232933,2.8277382850646973,5756907.5
62.5,47.51945877075195,0.05343581363558769,-0.0014149469789117575,863.0015258789062,-0.36178264021873474,1122.0654296875,-0.5837698578834534,1049.1776123046875,-0.530066967010498,1139.8504638671875,-0.5612515807151794,0.7479432225227356,0.5714317560195923,0.4602147936820984,0.4922460913658142,0.513501763343811,0.5184772610664368,-0.0030372480396181345,-0.0016752504743635654,0.007253877818584442,0.008483662270009518,0.005744078662246466,0.005096085369586945,3.1215808391571045,0.5202634334564209,0.00497222738340497,5.662379044224508e-05,0.008528875187039375,2.8274521827697754,5756325.0
62.599998474121094,47.524742126464844,0.05282193794846535,-0.006138782016932964,862.9653930664062,-0.3609524667263031,1122.007080078125,-0.5827279686927795,1049.1246337890625,-0.5289961099624634,1139.79443359375,-0.5606071352958679,0.7476400136947632,0.5712653398513794,0.46093881130218506,0.4930891990661621,0.5140729546546936,0.5189852714538574,-0.003026573685929179,-0.0016535299364477396,0.007226452697068453,0.00837885495275259,0.0056810034438967705,0.005064601078629494,3.1245627403259277,0.5207604169845581,0.004954626318067312,5.6008615501923487e-05,0.008436215110123158,2.8271665573120117,5755743.5
62.70000076293945,47.5299072265625,0.05168593302369118,-0.011360042728483677,862.9293212890625,-0.3601299822330475,1121.9488525390625,-0.5816937685012817,1049.0718994140625,-0.5279355049133301,1139.7384033203125,-0.5599584579467773,0.7473379373550415,0.5711010694503784,0.46166011691093445,0.49392199516296387,0.5146381855010986,0.5194905996322632,-0.0030159049201756716,-0.001631858991459012,0.007199435960501432,0.008277371525764465,0.005623612552881241,0.005042701493948698,3.1275484561920166,0.5212581157684326,0.004974752198904753,5.548413537326269e-05,0.008357216604053974,2.8268816471099854,5755164.0
62.79999923706055,47.534942626953125,0.050323374569416046,-0.01362559013068676,862.8933715820312,-0.3593151569366455,1121.8907470703125,-0.5806658267974854,1049.01904296875,-0.5268849730491638,1139.682373046875,-0.5593016147613525,0.747036874294281,0.5709389448165894,0.46237874031066895,0.49474483728408813,0.5151979923248291,0.5199943780899048,-0.003005208680406213,-0.0016101568471640348,0.007173118181526661,0.008179846219718456,0.005573444068431854,0.005034069996327162,3.1305530071258545,0.5217588543891907,0.0050127385184168816,5.5069576774258167e-05,0.00829477421939373,2.8265974521636963,5754585.0
62.900001525878906,47.53981018066406,0.04867389053106308,-0.01649482361972332,862.8574829101562,-0.3585078716278076,1121.832763671875,-0.5796427726745605,1048.9664306640625,-0.5258439183235168,1139.6265869140625,-0.5586330890655518,0.7467368841171265,0.570779025554657,0.4630947709083557,0.49555814266204834,0.5157532095909119,0.5204980373382568,-0.00299445609562099,-0.0015883527230471373,0.007147751748561859,0.008086808025836945,0.0055316779762506485,0.005040820222347975,3.133589506149292,0.5222648978233337,0.005074591841548681,5.478927050717175e-05,0.008252552710473537,2.8263139724731445,5754008.0
63.0,47.544517517089844,0.047070495784282684,-0.016033945605158806,862.8216552734375,-0.3577080965042114,1121.7747802734375,-0.5786239504814148,1048.9139404296875,-0.5248119235038757,1139.5706787109375,-0.5579516291618347,0.7464379668235779,0.5706213116645813,0.4638083279132843,0.4963623881340027,0.5163046717643738,0.5210031270980835,-0.002983636222779751,-0.0015664193779230118,0.0071234265342354774,0.007998374290764332,0.005498311948031187,0.005061156116425991,3.136662483215332,0.5227770805358887,0.005136685911566019,5.463928755489178e-05,0.008229962550103664,2.826030969619751,5753431.5
63.099998474121094,47.54907989501953,0.0456244982779026,-0.014459979720413685,862.7859497070312,-0.3569157123565674,1121.717041015625,-0.5776091814041138,1048.8614501953125,-0.5237886309623718,1139.514892578125,-0.5572580695152283,0.7461401224136353,0.5704657435417175,0.4645195007324219,0.4971579909324646,0.5168531537055969,0.521510660648346,-0.0029727546498179436,-0.001544371247291565,0.007100078277289867,0.007914280518889427,0.005472308490425348,0.005090602673590183,3.1397697925567627,0.523294985294342,0.00519191287457943,5.4606261983281e-05,0.008224988356232643,2.8257486820220947,5752857.0
63.20000076293945,47.553497314453125,0.04419391229748726,-0.014305856078863144,862.7503051757812,-0.35613057017326355,1121.6593017578125,-0.5765982270240784,1048.8092041015625,-0.5227735042572021,1139.459228515625,-0.5565526485443115,0.7458434104919434,0.5703124403953552,0.4652283787727356,0.4979453980922699,0.5173994302749634,0.5220215320587158,-0.0029618118423968554,-0.0015222098445519805,0.0070776911452412605,0.007834386080503464,0.005453045479953289,0.0051268478855490685,3.142911195755005,0.5238185524940491,0.0052502513863146305,5.468886956805363e-05,0.008237430825829506,2.8254668712615967,5752283.5
63.29999923706055,47.55775833129883,0.042595598846673965,-0.015983136370778084,862.7147216796875,-0.35535261034965515,1121.6016845703125,-0.575590193271637,1048.7569580078125,-0.521766185760498,1139.4036865234375,-0.5558335781097412,0.7455477714538574,0.5701613426208496,0.465935081243515,0.4987250566482544,0.5179440975189209,0.5225363969802856,-0.002950793132185936,-0.001499898498877883,0.007056389935314655,0.0077589042484760284,0.0054408954456448555,0.005171042401343584,3.1460933685302734,0.5243489146232605,0.005324258469045162,5.490131297847256e-05,0.008269429206848145,2.825186014175415,5751711.0
63.400001525878906,47.56184005737305,0.04084023833274841,-0.017553599551320076,862.67919921875,-0.35458168387413025,1121.544189453125,-0.5745840668678284,1048.704833984375,-0.5207662582397461,1139.3480224609375,-0.5550984740257263,0.7452532649040222,0.5700124502182007,0.4666396975517273,0.4994973838329315,0.5184879302978516,0.5230562090873718,-0.002939678495749831,-0.001477389014326036,0.007036340422928333,0.007688148412853479,0.005436497274786234,0.005224926862865686,3.149325370788574,0.5248875617980957,0.005412934347987175,5.525688175112009e-05,0.008322985842823982,2.8249053955078125,5751140.0
63.5,47.56572341918945,0.038818661123514175,-0.02021576650440693,862.643798828125,-0.3538176417350769,1121.48681640625,-0.5735784769058228,1048.65283203125,-0.5197731256484985,1139.2926025390625,-0.5543442964553833,0.744959831237793,0.569865882396698,0.46734240651130676,0.5002628564834595,0.5190317630767822,0.5235819220542908,-0.0029284413903951645,-0.0014546164311468601,0.007017768453806639,0.00762257631868124,0.00544085493311286,0.005291105248034,3.1526191234588623,0.525436520576477,0.005524666514247656,5.5778113164706156e-05,0.008401496335864067,2.8246254920959473,5750570.5
63.599998474121094,47.56938934326172,0.036653757095336914,-0.021649042144417763,862.6084594726562,-0.3530603349208832,1121.429443359375,-0.5725722312927246,1048.600830078125,-0.5187863111495972,1139.2371826171875,-0.5535682439804077,0.7446675896644592,0.569721519947052,0.46804332733154297,0.5010221004486084,0.5195764899253845,0.5241150259971619,-0.002917058765888214,-0.0014315247535705566,0.007000864949077368,0.007562550250440836,0.005454666912555695,0.005370811093598604,3.155985116958618,0.525997519493103,0.005650820676237345,5.647711077472195e-05,0.008506781421601772,2.8243463039398193,5750002.0
63.70000076293945,47.572845458984375,0.034587081521749496,-0.02066677436232567,862.5731811523438,-0.35230958461761475,1121.372314453125,-0.571564793586731,1048.549072265625,-0.5178052186965942,1139.181884765625,-0.5527698993682861,0.7443764805793762,0.569579541683197,0.46874263882637024,0.5017756223678589,0.5201230645179749,0.5246565937995911,-0.0029055261984467506,-0.0014081037370488048,0.006985651794821024,0.007508009672164917,0.005477444268763065,0.005461500491946936,3.1594252586364746,0.5265709161758423,0.0057746185921132565,5.7345467212144285e-05,0.00863757636398077,2.8240675926208496,5749434.5
63.79999923706055,47.57612228393555,0.03275458142161369,-0.01832500845193863,862.5379638671875,-0.35156524181365967,1121.315185546875,-0.5705561637878418,1048.497314453125,-0.5168293714523315,1139.126708984375,-0.5519508719444275,0.744086503982544,0.5694399476051331,0.4694405198097229,0.5025238990783691,0.5206722617149353,0.5252075791358948,-0.002893855096772313,-0.001384381903335452,0.00697200745344162,0.007458539213985205,0.005507768131792545,0.005558316130191088,3.1629350185394287,0.5271558165550232,0.005886594299226999,5.836323543917388e-05,0.008790875785052776,2.823789596557617,5748868.5
63.900001525878906,47.5792350769043,0.03111770749092102,-0.016368726268410683,862.5028686523438,-0.35082709789276123,1121.2581787109375,-0.5695464015007019,1048.4456787109375,-0.5158582329750061,1139.071533203125,-0.551112949848175,0.7437976598739624,0.5693026781082153,0.4701371192932129,0.5032675266265869,0.521224856376648,0.5257683992385864,-0.0028820589650422335,-0.001360393245704472,0.006959792226552963,0.007413685787469149,0.005544199608266354,0.005657223053276539,3.1665077209472656,0.5277512669563293,0.005989188328385353,5.9513742598937824e-05,0.008964169770479202,2.823512077331543,5748303.5
64.0,47.58217239379883,0.029381874948740005,-0.017358317971229553,862.4678344726562,-0.3500950038433075,1121.2012939453125,-0.5685350894927979,1048.3941650390625,-0.5148913264274597,1139.0164794921875,-0.550255537033081,0.7435100674629211,0.5691678524017334,0.47083255648612976,0.5040068626403809,0.5217813849449158,0.5263391733169556,-0.002870132913812995,-0.0013361253077164292,0.006949037313461304,0.007373434957116842,0.005586582235991955,0.00575878843665123,3.1701462268829346,0.5283576846122742,0.006103087216615677,6.080531966290437e-05,0.00915871188044548,2.823235273361206,5747740.0
64.0999984741211,47.58491516113281,0.02743382565677166,-0.019480500370264053,862.432861328125,-0.349368691444397,1121.1444091796875,-0.5675210356712341,1048.3426513671875,-0.5139283537864685,1138.96142578125,-0.5493762493133545,0.7432236671447754,0.5690354704856873,0.47152698040008545,0.5047423839569092,0.5223424434661865,0.5269204378128052,-0.0028580552898347378,-0.0013115262845531106,0.006939919665455818,0.007338130380958319,0.005635745357722044,0.005866382271051407,3.1738598346710205,0.5289766788482666,0.006235785316675901,6.225589459063485e-05,0.009377202950417995,2.8229589462280273,5747177.5
64.19999694824219,47.587459564208984,0.025446703657507896,-0.01987122744321823,862.39794921875,-0.3486480116844177,1121.0877685546875,-0.5665034055709839,1048.2913818359375,-0.5129685997962952,1138.9066162109375,-0.5484733581542969,0.7429384589195251,0.5689055919647217,0.47222059965133667,0.5054746866226196,0.5229088068008423,0.527512788772583,-0.0028458121232688427,-0.0012865622993558645,0.006932546850293875,0.007307942491024733,0.005692003760486841,0.00598112354055047,3.1776554584503174,0.5296092629432678,0.006374898832291365,6.38687051832676e-05,0.009620130062103271,2.822683095932007,5746616.0
64.30000305175781,47.58975601196289,0.022952916100621223,-0.02493787743151188,862.3630981445312,-0.34793272614479065,1121.0311279296875,-0.5654803514480591,1048.2401123046875,-0.512011706829071,1138.851806640625,-0.5475423336029053,0.7426545023918152,0.5687782168388367,0.47291359305381775,0.5062042474746704,0.5234812498092651,0.5281172394752502,-0.002833364764228463,-0.0012611395213752985,0.006927248556166887,0.007283588871359825,0.005757162347435951,0.006108589470386505,3.1815500259399414,0.5302583575248718,0.006555488333106041,6.568664684891701e-05,0.00989395473152399,2.8224079608917236,5746055.5
64.4000015258789,47.59173583984375,0.01981617510318756,-0.03136739507317543,862.328369140625,-0.34722262620925903,1120.974609375,-0.5644491314888,1048.18896484375,-0.5110569000244141,1138.7969970703125,-0.5465753078460693,0.7423717975616455,0.568653404712677,0.4736061692237854,0.5069316625595093,0.5240607261657715,0.5287354588508606,-0.002820650115609169,-0.0012351038167253137,0.006924571003764868,0.0072663151659071445,0.005834374576807022,0.00625748373568058,3.185572624206543,0.5309287905693054,0.006787339691072702,6.77641510264948e-05,0.010206876322627068,2.8221333026885986,5745496.5
64.5,47.593345642089844,0.01606575772166252,-0.037504177540540695,862.293701171875,-0.3465174734592438,1120.918212890625,-0.563406765460968,1048.137939453125,-0.5101033449172974,1138.742431640625,-0.5455643534660339,0.7420904040336609,0.5685312151908875,0.4742986261844635,0.5076578259468079,0.5246487259864807,0.5293700098991394,-0.0028076013550162315,-0.0012082916218787432,0.006925090681761503,0.0072574191726744175,0.005926781799644232,0.006435064133256674,3.189753293991089,0.531625509262085,0.007069861516356468,7.01531462254934e-05,0.010566714219748974,2.821859121322632,5744938.5
64.5999984741211,47.594512939453125,0.011675190180540085,-0.043905675411224365,862.259033203125,-0.345816969871521,1120.8619384765625,-0.5623500347137451,1048.0869140625,-0.5091500282287598,1138.68798828125,-0.5445008277893066,0.7418103218078613,0.5684117674827576,0.4749913215637207,0.508383572101593,0.5252468585968018,0.530023992061615,-0.00279414770193398,-0.0011805326212197542,0.006929404567927122,0.007258230820298195,0.00603746110573411,0.006647381465882063,3.1941237449645996,0.532353937625885,0.007406966760754585,7.290772919077426e-05,0.010981620289385319,2.8215856552124023,5744381.5
64.69999694824219,47.59518814086914,0.006752134766429663,-0.049230556935071945,862.2244873046875,-0.3451208770275116,1120.8057861328125,-0.5612757802009583,1048.0360107421875,-0.5081957578659058,1138.633544921875,-0.5433768033981323,0.7415316104888916,0.5682951211929321,0.47568467259407043,0.5091099143028259,0.5258570909500122,0.5307011604309082,-0.0027802232652902603,-0.001151665230281651,0.006938071455806494,0.007269962225109339,0.006169022526592016,0.006898296996951103,3.198714256286621,0.5331190228462219,0.007792484946548939,7.607285078847781e-05,0.011458360590040684,2.821312665939331,5743826.0
64.80000305175781,47.59535217285156,0.0016472151037305593,-0.05104919523000717,862.1900634765625,-0.34442880749702454,1120.749755859375,-0.5601814985275269,1047.9852294921875,-0.5072393417358398,1138.5792236328125,-0.5421872138977051,0.7412542700767517,0.5681814551353455,0.4763791263103485,0.5098380446434021,0.526481568813324,0.5314052700996399,-0.0027657845057547092,-0.0011215864215046167,0.00695143174380064,0.007293261121958494,0.006322418339550495,0.007186260540038347,3.2035446166992188,0.5339241027832031,0.008202405646443367,7.966360863065347e-05,0.011999214068055153,2.821040391921997,5743271.5
64.9000015258789,47.59502029418945,-0.0033301925286650658,-0.04977407678961754,862.1556396484375,-0.3437404930591583,1120.6937255859375,-0.5590659976005554,1047.9345703125,-0.5062795281410217,1138.525146484375,-0.5409306287765503,0.740978479385376,0.5680708885192871,0.47707515954971313,0.5105690360069275,0.527122437953949,0.5321397185325623,-0.002750818617641926,-0.0010902653448283672,0.006969555746763945,0.007328096777200699,0.006496727000921965,0.007504623383283615,3.208621025085449,0.5347701907157898,0.008615446276962757,8.366885595023632e-05,0.012602497823536396,2.820768356323242,5742718.0
65.0,47.59422302246094,-0.007967541925609112,-0.04637349024415016,862.1212768554688,-0.34305551648139954,1120.637939453125,-0.5579286813735962,1047.884033203125,-0.5053149461746216,1138.4710693359375,-0.5396085381507874,0.7407041192054749,0.5679634809494019,0.4777732491493225,0.5113040804862976,0.5277817249298096,0.5329071283340454,-0.0027353346813470125,-0.0010577281937003136,0.006992305628955364,0.007373925298452377,0.006689692381769419,0.007844103500247002,3.2139394283294678,0.5356565713882446,0.009016253054141998,8.805934339761734e-05,0.013263808563351631,2.8204970359802246,5742165.5
65.0999984741211,47.593021392822266,-0.01199423149228096,-0.04026690125465393,862.0870361328125,-0.34237346053123474,1120.5821533203125,-0.5567700266838074,1047.83349609375,-0.504344642162323,1138.417236328125,-0.538225531578064,0.7404314279556274,0.5678593516349792,0.47847381234169006,0.5120442509651184,0.5284610390663147,0.5337090492248535,-0.0027193676214665174,-0.0010240620467811823,0.007019320502877235,0.007429657503962517,0.0068977149203419685,0.008193046785891056,3.219484567642212,0.5365807414054871,0.009384095668792725,9.278289508074522e-05,0.013975286856293678,2.8202264308929443,5741614.0
65.19999694824219,47.59146499633789,-0.015566508285701275,-0.035722766071558,862.0527954101562,-0.3416939377784729,1120.5264892578125,-0.5555905699729919,1047.783203125,-0.50336754322052,1138.3634033203125,-0.5367861390113831,0.7401602864265442,0.5677586793899536,0.4791772663593292,0.5127903819084167,0.5291617512702942,0.5345458388328552,-0.0027029525954276323,-0.00098935526330024,0.0070502376183867455,0.0074942270293831825,0.00711746234446764,0.00854269228875637,3.22524094581604,0.5375401377677917,0.009729446843266487,9.78005919023417e-05,0.014731070958077908,2.819956064224243,5741064.0
65.30000305175781,47.589569091796875,-0.0189694594591856,-0.0340295135974884,862.0186767578125,-0.3410165011882782,1120.4710693359375,-0.5543901920318604,1047.73291015625,-0.5023829340934753,1138.309814453125,-0.5352923274040222,0.7398908138275146,0.5676615238189697,0.47988399863243103,0.513543426990509,0.529884934425354,0.5354175567626953,-0.0026861033402383327,-0.0009536436409689486,0.0070848916657269,0.0075670755468308926,0.007347179111093283,0.008890464901924133,3.2312026023864746,0.5385337471961975,0.01007147692143917,0.00010309775097994134,0.015528947114944458,2.8196864128112793,5740515.0
65.4000015258789,47.587345123291016,-0.022235769778490067,-0.03266310691833496,861.984619140625,-0.3403407335281372,1120.4156494140625,-0.5531683564186096,1047.6827392578125,-0.5013899207115173,1138.25634765625,-0.533744752407074,0.7396230697631836,0.5675680041313171,0.4805943965911865,0.5143041610717773,0.5306315422058105,0.5363239645957947,-0.002668823814019561,-0.0009169389959424734,0.007123205810785294,0.007647877559065819,0.007585838902741671,0.009236175566911697,3.237367868423462,0.5395613312721252,0.01041116937994957,0.00010866244701901451,0.016367120668292046,2.8194172382354736,5739967.0
65.5,47.584774017333984,-0.025730447843670845,-0.03494677320122719,861.9506225585938,-0.3396661579608917,1120.3603515625,-0.5519237518310547,1047.632568359375,-0.5003877878189087,1138.203125,-0.5321412086486816,0.7393571138381958,0.5674781799316406,0.48130878806114197,0.5150733590126038,0.5314025282859802,0.5372650027275085,-0.0026510946918278933,-0.0008791948202997446,0.0071653202176094055,0.0077368514612317085,0.007833962328732014,0.0095842145383358,3.243746042251587,0.5406243801116943,0.010775642469525337,0.00011451373575255275,0.01724846288561821,2.819148540496826,5739420.0
65.5999984741211,47.58183670043945,-0.02934948354959488,-0.03619035705924034,861.9166870117188,-0.3389923870563507,1120.3052978515625,-0.5506548881530762,1047.5826416015625,-0.49937567114830017,1138.1500244140625,-0.5304786562919617,0.7390928864479065,0.5673922300338745,0.4820276200771332,0.5158518552780151,0.5321987867355347,0.5382411479949951,-0.0026328901294618845,-0.0008403512765653431,0.007211420219391584,0.007834329269826412,0.008092351257801056,0.00993878860026598,3.2503488063812256,0.5417248010635376,0.01115672942250967,0.00012066181807313114,0.018174508586525917,2.818880558013916,5738874.0
65.69999694824219,47.57855224609375,-0.03285053372383118,-0.03501049429178238,861.8828125,-0.33831894397735596,1120.250244140625,-0.5493607521057129,1047.53271484375,-0.4983527362346649,1138.0970458984375,-0.5287566184997559,0.7388305068016052,0.5673101544380188,0.4827512502670288,0.5166405439376831,0.5330213904380798,0.5392531156539917,-0.002614204306155443,-0.000800394220277667,0.007261523976922035,0.007940219715237617,0.008360605686903,0.010299562476575375,3.2571792602539062,0.5428631901741028,0.011537203565239906,0.00012709631118923426,0.019143693149089813,2.818612813949585,5738329.5
65.80000305175781,47.574920654296875,-0.03630148246884346,-0.03450949862599373,861.8489990234375,-0.33764538168907166,1120.1954345703125,-0.5480406880378723,1047.48291015625,-0.4973181486129761,1138.044189453125,-0.5269747376441956,0.7385700345039368,0.5672321915626526,0.4834800660610199,0.5174401998519897,0.5338712930679321,0.5403013825416565,-0.0025950330309569836,-0.000759317132178694,0.007315619848668575,0.00805436447262764,0.008638178929686546,0.010665795765817165,3.2642390727996826,0.5440398454666138,0.011922815814614296,0.00013381257303990424,0.020155321806669235,2.818345785140991,5737786.0
65.9000015258789,47.57096481323242,-0.03956492990255356,-0.032634470611810684,861.8153076171875,-0.3369712233543396,1120.140625,-0.5466940999031067,1047.4332275390625,-0.4962711036205292,1137.9915771484375,-0.5251336097717285,0.7383115291595459,0.5671583414077759,0.48421451449394226,0.5182517170906067,0.5347493886947632,0.5413864850997925,-0.0025753797963261604,-0.0007171295583248138,0.00737363938242197,0.008176461793482304,0.008924160152673721,0.011035637930035591,3.2715275287628174,0.5452545881271362,0.012302768416702747,0.00014079433458391577,0.021206939592957497,2.8180792331695557,5737243.0
66.0,47.566707611083984,-0.04256562888622284,-0.03000696934759617,861.7816162109375,-0.336296021938324,1120.0860595703125,-0.5453208088874817,1047.3836669921875,-0.49521082639694214,1137.939208984375,-0.5232350826263428,0.7380549907684326,0.567088782787323,0.48495495319366455,0.5190758109092712,0.5356564521789551,0.542508602142334,-0.0025552574079483747,-0.0006738656084053218,0.007435422390699387,0.008305998519062996,0.009217103943228722,0.01140586007386446,3.279038906097412,0.5465064644813538,0.01267129648476839,0.00014801890938542783,0.022295130416750908,2.8178133964538574,5736701.5
66.0999984741211,47.562191009521484,-0.04519633203744888,-0.02630704641342163,861.748046875,-0.3356193006038666,1120.0316162109375,-0.5439212322235107,1047.334228515625,-0.49413666129112244,1137.886962890625,-0.5212821364402771,0.7378004789352417,0.5670236349105835,0.4857017397880554,0.5199131965637207,0.5365930199623108,0.5436675548553467,-0.0025346893817186356,-0.0006295843631960452,0.007500720210373402,0.008442244492471218,0.009515057317912579,0.011772110126912594,3.2867627143859863,0.5477938055992126,0.013019601814448833,0.0001554545306134969,0.023415109142661095,2.8175477981567383,5736161.5
66.19999694824219,47.5574951171875,-0.04693957790732384,-0.017432469874620438,861.7144775390625,-0.3349406123161316,1119.977294921875,-0.5424970984458923,1047.284912109375,-0.4930480122566223,1137.8349609375,-0.5192826986312866,0.7375480532646179,0.5669628977775574,0.4864552319049835,0.5207644701004028,0.5375595092773438,0.5448625087738037,-0.0025137378834187984,-0.00058444042224437,0.007568934466689825,0.008583617396652699,0.009813826531171799,0.012123730964958668,3.2946717739105225,0.5491119623184204,0.013307039625942707,0.00016302558651659638,0.02455548755824566,2.8172829151153564,5735622.0
66.30000305175781,47.552711486816406,-0.04783083125948906,-0.008912511169910431,861.6810302734375,-0.3342594802379608,1119.923095703125,-0.5410508513450623,1047.235595703125,-0.4919446110725403,1137.7830810546875,-0.5172467231750488,0.737297773361206,0.566906750202179,0.4872156083583832,0.521630048751831,0.5385556221008301,0.5460913181304932,-0.0024924827739596367,-0.0005386311677284539,0.007639314979314804,0.008728188462555408,0.01010849792510271,0.012449555099010468,3.302729845046997,0.5504549741744995,0.013534984551370144,0.0001706595066934824,0.025705337524414062,2.817018508911133,5735083.5
66.4000015258789,47.54787063598633,-0.04840411618351936,-0.005732869263738394,861.6476440429688,-0.3335754871368408,1119.8690185546875,-0.5395840406417847,1047.1865234375,-0.4908263087272644,1137.7314453125,-0.5151800513267517,0.7370495796203613,0.5668551921844482,0.4879831373691559,0.5225101709365845,0.5395809412002563,0.5473513007164001,-0.002470970619469881,-0.0004922718508169055,0.007711421698331833,0.008874832652509212,0.01039659883826971,0.012747518718242645,3.3109164237976074,0.5518194437026978,0.013741455040872097,0.00017832910816650838,0.026860559359192848,2.8167548179626465,5734546.5
66.5,47.542964935302734,-0.04905954748392105,-0.0065543134696781635,861.6143188476562,-0.33288824558258057,1119.815185546875,-0.5380966663360596,1047.137451171875,-0.4896930158138275,1137.6800537109375,-0.513083279132843,0.7368035912513733,0.5668083429336548,0.4887579679489136,0.5234050750732422,0.5406346917152405,0.5486400127410889,-0.002449205843731761,-0.0004453746660146862,0.007785195019096136,0.009023393504321575,0.01067841611802578,0.013023851439356804,3.3192296028137207,0.5532049536705017,0.013954679481685162,0.00018604117212817073,0.028022179380059242,2.8164916038513184,5734010.5
66.5999984741211,47.537967681884766,-0.049968231469392776,-0.009086837992072105,861.5810546875,-0.3321973383426666,1119.761474609375,-0.5365877747535706,1047.0885009765625,-0.48854464292526245,1137.62890625,-0.5109540224075317,0.7365597486495972,0.5667661428451538,0.4895402491092682,0.5243149995803833,0.541716456413269,0.5499556064605713,-0.002427169121801853,-0.00039789281436242163,0.007860792800784111,0.009174258448183537,0.010955671779811382,0.013287663459777832,3.3276784420013428,0.5546130537986755,0.014187360182404518,0.00019381697347853333,0.029193397611379623,2.8162286281585693,5733475.5
66.69999694824219,47.532833099365234,-0.05135446786880493,-0.01386234164237976,861.5479125976562,-0.33150237798690796,1119.7078857421875,-0.5350556373596191,1047.039794921875,-0.4873809218406677,1137.577880859375,-0.5087872743606567,0.7363181710243225,0.5667287707328796,0.49033021926879883,0.5252400636672974,0.5428258180618286,0.5512974858283997,-0.0024048194754868746,-0.00034972658613696694,0.007938568480312824,0.009328286163508892,0.01123127806931734,0.013549868948757648,3.3362810611724854,0.5560468435287476,0.014457869343459606,0.00020169677736703306,0.030380280688405037,2.8159666061401367,5732942.0
66.80000305175781,47.52745056152344,-0.05382014811038971,-0.024656830355525017,861.5147705078125,-0.3308030366897583,1119.6544189453125,-0.5334966778755188,1046.9910888671875,-0.4862014651298523,1137.527099609375,-0.5065717101097107,0.7360787987709045,0.5666962265968323,0.4911280870437622,0.5261808633804321,0.5439628958702087,0.5526663064956665,-0.0023820651695132256,-0.0003006529004778713,0.008019321598112583,0.009487440809607506,0.011510998010635376,0.013828164897859097,3.345079183578491,0.5575132369995117,0.014814889058470726,0.00020977183885406703,0.03159657493233681,2.815704822540283,5732409.0
66.9000015258789,47.52167510986328,-0.05777501314878464,-0.03954865038394928,861.4817504882812,-0.3300989270210266,1119.6011962890625,-0.5319051742553711,1046.9425048828125,-0.48500552773475647,1137.4765625,-0.5042896866798401,0.7358417510986328,0.566668689250946,0.49193426966667175,0.5271379351615906,0.5451285243034363,0.5540648102760315,-0.0023587627802044153,-0.00025032085250131786,0.00810431782156229,0.009654798544943333,0.011803328059613705,0.014145598746836185,3.354137897491455,0.5590229630470276,0.015293181873857975,0.00021816804655827582,0.032861240208148956,2.815443754196167,5731877.5
67.0,47.515357971191406,-0.06316221505403519,-0.0538720041513443,861.44873046875,-0.32938966155052185,1119.548095703125,-0.5302745699882507,1046.89404296875,-0.48379191756248474,1137.42626953125,-0.5019214749336243,0.7356070876121521,0.5666462779045105,0.4927491843700409,0.5281122922897339,0.5463244318962097,0.5554980039596558,-0.0023347516544163227,-0.00019833986880257726,0.008194955997169018,0.009833717718720436,0.012117075733840466,0.014522472396492958,3.3635294437408447,0.5605882406234741,0.015893202275037766,0.00022700631234329194,0.034192491322755814,2.815183162689209,5731347.0
67.0999984741211,47.50834274291992,-0.0701584443449974,-0.0699622631072998,861.4158325195312,-0.328674852848053,1119.4951171875,-0.5285974740982056,1046.845703125,-0.4825589954853058,1137.376220703125,-0.499445378780365,0.7353748679161072,0.5666291117668152,0.49357354640960693,0.5291053056716919,0.5475532412528992,0.5569726824760437,-0.00230985414236784,-0.00014427700079977512,0.008292777463793755,0.010027852840721607,0.012461427599191666,0.014977427199482918,3.3733341693878174,0.5622223615646362,0.016635367646813393,0.00023642234737053514,0.03561076894402504,2.8149232864379883,5730818.0
67.19999694824219,47.500492095947266,-0.07851282507181168,-0.08354384452104568,861.3829956054688,-0.3279540240764618,1119.4423828125,-0.5268661975860596,1046.7974853515625,-0.48130476474761963,1137.326416015625,-0.4968399107456207,0.7351451516151428,0.566617488861084,0.49440810084342957,0.5301186442375183,0.5488183498382568,0.5584973692893982,-0.002283895155414939,-8.770624117460102e-05,0.008399288170039654,0.010240701027214527,0.012844673357903957,0.0155239412561059,3.383631706237793,0.5639386177062988,0.017505958676338196,0.00024653045693412423,0.03713328391313553,2.814663887023926,5730289.5
67.30000305175781,47.49172592163086,-0.08764049410820007,-0.09127666056156158,861.3502807617188,-0.3272266387939453,1119.3897705078125,-0.5250744223594666,1046.74951171875,-0.4800267815589905,1137.27685546875,-0.49408888816833496,0.7349181175231934,0.5666117072105408,0.4952538013458252,0.5311542749404907,0.5501239895820618,0.560081422328949,-0.002256739651784301,-2.8302298233029433e-05,0.008515606634318829,0.010474743321537971,0.013271943666040897,0.016164490953087807,3.3944833278656006,0.5657472610473633,0.01846509985625744,0.00025739509146660566,0.03876975551247597,2.8144049644470215,5729763.0
67.4000015258789,47.481998443603516,-0.0972963199019432,-0.09655831754207611,861.3175659179688,-0.32649216055870056,1119.3372802734375,-0.523216724395752,1046.7015380859375,-0.4787224233150482,1137.2275390625,-0.491179883480072,0.7346938848495483,0.5666119456291199,0.496111661195755,0.5322145223617554,0.5514746904373169,0.561734139919281,-0.002228284254670143,3.418406777200289e-05,0.00864256639033556,0.010731708258390427,0.013746089302003384,0.016895314678549767,3.4059364795684814,0.5676560997962952,0.019498737528920174,0.0002690598776098341,0.040526747703552246,2.8141467571258545,5729237.0
67.5,47.47126770019531,-0.10730989277362823,-0.10013571381568909,861.2849731445312,-0.3257499039173126,1119.28515625,-0.5212880969047546,1046.6536865234375,-0.4773889482021332,1137.1785888671875,-0.488102525472641,0.7344725131988525,0.5666186809539795,0.49698278307914734,0.5333016514778137,0.5528752207756042,0.5634641647338867,-0.0021984402555972338,9.996353765018284e-05,0.008780848234891891,0.011012924835085869,0.014268792234361172,0.017710726708173752,3.4180314540863037,0.5696719288825989,0.020596547052264214,0.0002815538609866053,0.04240863397717476,2.8138890266418457,5728712.5
67.5999984741211,47.45949172973633,-0.11775215715169907,-0.10442264378070831,861.25244140625,-0.3249991238117218,1119.2330322265625,-0.5192834138870239,1046.6060791015625,-0.47602349519729614,1137.1300048828125,-0.4848460853099823,0.7342542409896851,0.566632091999054,0.4978683292865753,0.5344181060791016,0.5543305277824402,0.5652797818183899,-0.0021671170834451914,0.00016925208910834044,0.00893115159124136,0.011319739744067192,0.014841748401522636,0.018606966361403465,3.4308102130889893,0.5718016624450684,0.0217670239508152,0.00029491190798580647,0.044420670717954636,2.813632011413574,5728189.0
67.69999694824219,47.44662857055664,-0.1286361664533615,-0.10884010791778564,861.219970703125,-0.324239045381546,1119.1812744140625,-0.5171971321105957,1046.5584716796875,-0.47462302446365356,1137.0816650390625,-0.4813990294933319,0.7340391874313354,0.5666526556015015,0.49876952171325684,0.5355666875839233,0.5558457374572754,0.5671890377998352,-0.0021342174150049686,0.00024228209804277867,0.00909422617405653,0.011653614230453968,0.015466944314539433,0.01958249881863594,3.444317102432251,0.5740528702735901,0.023013731464743614,0.0003091699327342212,0.04656826704740524,2.813375473022461,5727667.0
67.80000305175781,47.432682037353516,-0.13946865499019623,-0.10832490026950836,861.1875610351562,-0.32346880435943604,1119.129638671875,-0.5150246620178223,1046.5111083984375,-0.4731844365596771,1137.03369140625,-0.47775375843048096,0.7338274717330933,0.5666807293891907,0.49968770146369934,0.5367500185966492,0.5574260950088501,0.5691995024681091,-0.002099674427881837,0.000319210666930303,0.009270541369915009,0.012015284970402718,0.01614433154463768,0.0206303671002388,3.4585835933685303,0.5764305591583252,0.024299219250679016,0.00032432193984277546,0.048850513994693756,2.813119649887085,5727146.0
67.9000015258789,47.41767120361328,-0.1500789076089859,-0.10610244423151016,861.1552734375,-0.3226874768733978,1119.0782470703125,-0.5127625465393066,1046.4638671875,-0.4717046618461609,1136.986083984375,-0.47390589118003845,0.7336192727088928,0.5667166709899902,0.5006241798400879,0.5379708409309387,0.5590766668319702,0.5713178515434265,-0.0020634480752050877,0.0004001274355687201,0.009460313245654106,0.012404857203364372,0.016872208565473557,0.02174033224582672,3.473628282546997,0.5789380073547363,0.025612005963921547,0.0003403473529033363,0.05126431956887245,2.812864303588867,5726626.0
68.0,47.401634216308594,-0.16038979589939117,-0.1031089797616005,861.123046875,-0.3218940198421478,1119.027099609375,-0.510407567024231,1046.416748046875,-0.47018057107925415,1136.93896484375,-0.469852477312088,0.7334148287773132,0.5667608976364136,0.5015802979469299,0.539232075214386,0.5608025193214417,0.5735499262809753,-0.0020255097188055515,0.00048509647604078054,0.009663665667176247,0.01282220147550106,0.017648380249738693,0.022902796044945717,3.4894652366638184,0.5815775394439697,0.026946313679218292,0.00035721907624974847,0.05380559712648392,2.8126096725463867,5726108.0
68.0999984741211,47.38456726074219,-0.17064990103244781,-0.10260098427534103,861.0908813476562,-0.3210873603820801,1118.9761962890625,-0.5079559683799744,1046.369873046875,-0.4686092138290405,1136.89208984375,-0.46558859944343567,0.733214259147644,0.5668138265609741,0.5025574564933777,0.5405364632606506,0.5626083016395569,0.5759006142616272,-0.001985814655199647,0.0005742188077419996,0.0098808528855443,0.013267533853650093,0.018471768125891685,0.02411346510052681,3.506115674972534,0.5843526124954224,0.028323113918304443,0.00037493096897378564,0.056473422795534134,2.8123557567596436,5725590.5
68.19999694824219,47.366455078125,-0.1811305284500122,-0.10480629652738571,861.058837890625,-0.320266455411911,1118.925537109375,-0.5054029226303101,1046.3231201171875,-0.4669874608516693,1136.8458251953125,-0.46110573410987854,0.7330177426338196,0.5668759346008301,0.5035570859909058,0.5418867468833923,0.5644988417625427,0.5783749222755432,-0.001944288844242692,0.000667668180540204,0.0101123983040452,0.013741728849709034,0.01934320107102394,0.025374677032232285,3.523613929748535,0.5872689485549927,0.029765870422124863,0.00039349973667412996,0.05927031859755516,2.8121023178100586,5725075.0
68.30000305175781,47.34728240966797,-0.19173303246498108,-0.10602504760026932,861.02685546875,-0.31943005323410034,1118.8751220703125,-0.5027431845664978,1046.2764892578125,-0.4653122127056122,1136.7999267578125,-0.45639458298683167,0.732825517654419,0.5669475793838501,0.504580557346344,0.5432860255241394,0.5664790272712708,0.5809780359268188,-0.001900852657854557,0.0007656319648958743,0.010358870029449463,0.01424576435238123,0.020263785496354103,0.026689177379012108,3.541996717453003,0.5903328061103821,0.03126849606633186,0.00041293370304629207,0.06219752877950668,2.811849594116211,5724560.5
68.4000015258789,47.32705307006836,-0.2022913098335266,-0.10558267682790756,860.9949340820312,-0.31857699155807495,1118.824951171875,-0.49997207522392273,1046.22998046875,-0.4635801613330841,1136.7545166015625,-0.451447457075119,0.7326376438140869,0.5670292377471924,0.5056294798851013,0.5447371602058411,0.5685536861419678,0.5837152004241943,-0.0018554386915639043,0.0008682669722475111,0.010620717890560627,0.01478031650185585,0.02123379148542881,0.028056735172867775,3.561295747756958,0.5935493111610413,0.03282000869512558,0.0004332269309088588,0.06525417417287827,2.8115975856781006,5724047.0
68.5,47.305809020996094,-0.2124587446451187,-0.10167444497346878,860.963134765625,-0.3177059292793274,1118.775146484375,-0.497085839509964,1046.1837158203125,-0.4617880880832672,1136.7095947265625,-0.4462602138519287,0.7324544787406921,0.5671213865280151,0.5067053437232971,0.5462433099746704,0.5707277655601501,0.5865915417671204,-0.0018080079462379217,0.0009756596991792321,0.010898131877183914,0.015345401130616665,0.02225171960890293,0.029471809044480324,3.5815298557281494,0.5969216227531433,0.03439301997423172,0.0004543442337308079,0.0684349313378334,2.8113462924957275,5723535.5
68.5999984741211,47.28362274169922,-0.22186021506786346,-0.09401460736989975,860.931396484375,-0.316815584897995,1118.7255859375,-0.49408209323883057,1046.1376953125,-0.45993277430534363,1136.665283203125,-0.44083359837532043,0.7322761416435242,0.5672245621681213,0.5078096985816956,0.5478074550628662,0.5730058550834656,0.5896112322807312,-0.0017585614696145058,0.0010877989698201418,0.01119094155728817,0.015940148383378983,0.023313764482736588,0.03092280775308609,3.6026997566223145,0.6004499197006226,0.03595590963959694,0.00047621867270208895,0.07172973453998566,2.8110954761505127,5723025.0
68.69999694824219,47.26055908203125,-0.2306063324213028,-0.0874612033367157,860.8997802734375,-0.31590455770492554,1118.67626953125,-0.49095895886421204,1046.091796875,-0.4580112099647522,1136.6214599609375,-0.4351693391799927,0.7321028709411621,0.5673391819000244,0.5089440941810608,0.5494325160980225,0.5753921866416931,0.5927773714065552,-0.0017071078764274716,0.001204654690809548,0.011498906649649143,0.0165635384619236,0.02441597357392311,0.03239971399307251,3.624802589416504,0.6041337251663208,0.03751714527606964,0.0004987926222383976,0.0751299113035202,2.8108456134796143,5722516.0
68.80000305175781,47.23667907714844,-0.2388085573911667,-0.0820223018527031,860.8682250976562,-0.3149714469909668,1118.6273193359375,-0.48771408200263977,1046.0460205078125,-0.45602044463157654,1136.5782470703125,-0.4292677938938141,0.7319347858428955,0.5674656629562378,0.510110080242157,0.5511212944984436,0.5778905749320984,0.5960922241210938,-0.0016536451876163483,0.001326222438365221,0.011821887455880642,0.0172148197889328,0.025555351749062538,0.033896949142217636,3.6478402614593506,0.6079733967781067,0.039084337651729584,0.0005220181192271411,0.07862820476293564,2.810596227645874,5722009.0
68.9000015258789,47.21204376220703,-0.24635648727416992,-0.07547934353351593,860.8367309570312,-0.31401485204696655,1118.5787353515625,-0.4843454957008362,1046.0006103515625,-0.4539576768875122,1136.53564453125,-0.4231300354003906,0.7317721843719482,0.5676046013832092,0.5113090872764587,0.5528765320777893,0.5805046558380127,0.5995575785636902,-0.001598177826963365,0.0014524830039590597,0.012159688398241997,0.017893122509121895,0.02672876976430416,0.035409115254879,3.6718125343322754,0.6119687557220459,0.040646109730005264,0.0005458376836031675,0.08221599459648132,2.81034779548645,5721503.0
69.0,47.186729431152344,-0.25314369797706604,-0.06787195056676865,860.805419921875,-0.31303325295448303,1118.530517578125,-0.48085182905197144,1045.955322265625,-0.4518202543258667,1136.49365234375,-0.41675907373428345,0.7316152453422546,0.5677563548088074,0.5125426054000854,0.5547009706497192,0.5832375884056091,0.6031745672225952,-0.0015407248865813017,0.0015833806246519089,0.012511983513832092,0.018597273156046867,0.02793244644999504,0.03692939504981041,3.696711778640747,0.6161186099052429,0.04219124838709831,0.0005701850750483572,0.08588328957557678,2.8101000785827637,5720998.5
69.0999984741211,47.16082763671875,-0.2590354084968567,-0.058917298913002014,860.774169921875,-0.3120252192020416,1118.4825439453125,-0.4772323668003082,1045.91015625,-0.44960567355155945,1136.4522705078125,-0.4101599454879761,0.731464147567749,0.5679214596748352,0.5138120651245117,0.5565969944000244,0.5860922336578369,0.6069436073303223,-0.0014813232701271772,0.0017188157653436065,0.012878289446234703,0.019325731322169304,0.029161809012293816,0.03844929859042168,3.722522497177124,0.6204203963279724,0.04370487853884697,0.0005949827609583735,0.08961840718984604,2.8098530769348145,5720496.0
69.19999694824219,47.13444519042969,-0.26382189989089966,-0.04786492884159088,860.7429809570312,-0.31098926067352295,1118.43505859375,-0.47348761558532715,1045.8653564453125,-0.4473116099834442,1136.41162109375,-0.40334105491638184,0.7313190698623657,0.5681003332138062,0.5151187777519226,0.5585669875144958,0.5890707969665527,0.6108641028404236,-0.0014200367731973529,0.0018586242804303765,0.0132578881457448,0.020076407119631767,0.03041103482246399,0.039957478642463684,3.7492170333862305,0.6248695254325867,0.045163948088884354,0.0006201357464306056,0.0934070348739624,2.8096070289611816,5719994.5
69.30000305175781,47.107688903808594,-0.2675364315509796,-0.037145063281059265,860.7119750976562,-0.3099238872528076,1118.387939453125,-0.469618558883667,1045.82080078125,-0.444936066865921,1136.3717041015625,-0.39631226658821106,0.7311801910400391,0.5682933330535889,0.516464114189148,0.5606130957603455,0.5921750068664551,0.6149343252182007,-0.0013569415314123034,0.0020026108250021935,0.01364995539188385,0.020846985280513763,0.03167399764060974,0.04144306853413582,3.7767627239227295,0.6294604539871216,0.04656621441245079,0.0006455518887378275,0.0972352996468544,2.809361696243286,5719495.5
69.4000015258789,47.0806770324707,-0.2701382040977478,-0.02601778879761696,860.6810302734375,-0.3088276982307434,1118.3411865234375,-0.4656268358230591,1045.7763671875,-0.44247734546661377,1136.3323974609375,-0.3890845775604248,0.7310477495193481,0.5685009956359863,0.5178492665290833,0.5627371072769165,0.5954058766365051,0.6191514730453491,-0.0012921233428642154,0.002150557469576597,0.014053590595722198,0.021635008975863457,0.03294448181986809,0.042896103113889694,3.805121421813965,0.6341869235038757,0.047901611775159836,0.000671135843731463,0.10108885169029236,2.809117317199707,5718997.5
69.5,47.05350875854492,-0.2716737687587738,-0.015355637297034264,860.6502075195312,-0.30769920349121094,1118.2947998046875,-0.461514413356781,1045.7322998046875,-0.4399339258670807,1136.2938232421875,-0.3816697895526886,0.7309218645095825,0.5687236189842224,0.5192752480506897,0.5649406909942627,0.5987639427185059,0.6235119104385376,-0.0012256745249032974,0.002302230568602681,0.014467843808233738,0.022437943145632744,0.034216366708278656,0.04430786147713661,3.8342530727386475,0.6390421986579895,0.0491679385304451,0.0006967965164221823,0.10495395213365555,2.8088736534118652,5718502.0
69.5999984741211,47.02627944946289,-0.2722945213317871,-0.006207657512277365,860.6195068359375,-0.306537002325058,1118.2489013671875,-0.45728322863578796,1045.6883544921875,-0.4373047351837158,1136.256103515625,-0.3740788698196411,0.7308026552200317,0.5689615607261658,0.520743191242218,0.5672251582145691,0.602249026298523,0.6280112266540527,-0.0011576820397749543,0.0024574098642915487,0.01489182561635971,0.023253444582223892,0.035484373569488525,0.045672833919525146,3.864119529724121,0.6440199017524719,0.050372861325740814,0.0007224556757137179,0.10881882160902023,2.808631181716919,5718008.0
69.69999694824219,46.99907684326172,-0.2720400393009186,0.002544760936871171,860.5888671875,-0.3053397536277771,1118.203369140625,-0.45293545722961426,1045.644775390625,-0.434588760137558,1136.218994140625,-0.3663225769996643,0.7306903600692749,0.5692152380943298,0.5222539901733398,0.569591760635376,0.6058604717254639,0.6326444745063782,-0.0010882308706641197,0.002615880686789751,0.015324669890105724,0.024079283699393272,0.036743730306625366,0.0469871386885643,3.8946828842163086,0.6491138339042664,0.0515139102935791,0.0007480385829694569,0.11267220973968506,2.80838942527771,5717515.5
69.80000305175781,46.97197341918945,-0.2710302472114563,0.010097951628267765,860.5584106445312,-0.3041061758995056,1118.1583251953125,-0.44847312569618225,1045.6014404296875,-0.43178537487983704,1136.1827392578125,-0.35841113328933716,0.7305850982666016,0.5694848895072937,0.523808479309082,0.5720413327217102,0.6095972657203674,0.6374064683914185,-0.0010174026247113943,0.0027774369809776545,0.01576555334031582,0.024913370609283447,0.03799029067158699,0.048248570412397385,3.925908088684082,0.6543180346488953,0.052596915513277054,0.000773480802308768,0.11650440841913223,2.8081486225128174,5717025.5
69.9000015258789,46.94501495361328,-0.2695952355861664,0.014350248500704765,860.528076171875,-0.30283495783805847,1118.1136474609375,-0.4438976049423218,1045.5584716796875,-0.4288940727710724,1136.1473388671875,-0.3503515422344208,0.7304869294166565,0.5697708129882812,0.5254073739051819,0.5745747089385986,0.6134579181671143,0.6422921419143677,-0.0009452527156099677,0.002941937418654561,0.016213899478316307,0.025754263624548912,0.03922182694077492,0.04946035519242287,3.957770347595215,0.6596283912658691,0.05364921689033508,0.0007987457211129367,0.12030990421772003,2.807908773422241,5716537.5
70.0,46.918235778808594,-0.2677832245826721,0.0181199349462986,860.4978637695312,-0.30152496695518494,1118.0694580078125,-0.4392097294330597,1045.5157470703125,-0.42591437697410583,1136.1126708984375,-0.34214892983436584,0.7303960919380188,0.5700733661651611,0.5270515084266663,0.5771924257278442,0.617440938949585,0.6472967267036438,-0.0008718224125914276,0.0031092753633856773,0.0166692603379488,0.026600873097777367,0.04043715074658394,0.05062748119235039,3.9902524948120117,0.6650420427322388,0.05467217415571213,0.000823801034130156,0.12408382445573807,2.8076701164245605,5716051.0
70.0999984741211,46.89165115356445,-0.2658535838127136,0.01929638907313347,860.4677734375,-0.3001749813556671,1118.0257568359375,-0.4344097673892975,1045.4732666015625,-0.4228459596633911,1136.0789794921875,-0.3338058590888977,0.7303126454353333,0.5703927874565125,0.5287414789199829,0.5798950791358948,0.6215447187423706,0.6524161100387573,-0.0007971320883370936,0.003279395867139101,0.017131382599473,0.027452612295746803,0.041636452078819275,0.05175764486193657,4.023345470428467,0.6705576181411743,0.055689744651317596,0.0008486360893584788,0.1278245598077774,2.8074324131011963,5715567.5
70.19999694824219,46.865272521972656,-0.263763427734375,0.020901767536997795,860.4378051757812,-0.2987839877605438,1117.982666015625,-0.42949768900871277,1045.43115234375,-0.41968849301338196,1136.0460205078125,-0.32532402873039246,0.7302367091178894,0.5707293748855591,0.5304780602455139,0.5826831459999084,0.6257675886154175,0.6576470136642456,-0.0007211950141936541,0.0034522609785199165,0.017600083723664284,0.028309065848588943,0.042820315808057785,0.05285784602165222,4.057044506072998,0.6761741042137146,0.05669660493731499,0.0008732368005439639,0.1315300017595291,2.8071956634521484,5715085.5
70.30000305175781,46.83914566040039,-0.26127132773399353,0.024920940399169922,860.4080200195312,-0.2973508834838867,1117.93994140625,-0.4244743883609772,1045.3892822265625,-0.4164416790008545,1136.013916015625,-0.3167080581188202,0.7301684021949768,0.5710833668708801,0.5322617888450623,0.5855570435523987,0.630108118057251,0.6629863977432251,-0.0006440487341023982,0.003627774305641651,0.01807495951652527,0.029169294983148575,0.043987806886434555,0.053928788751363754,4.091333389282227,0.6818889379501343,0.057667043060064316,0.0008975687087513506,0.13519495725631714,2.806960105895996,5714606.0
70.4000015258789,46.81332778930664,-0.25818899273872375,0.03082340583205223,860.3783569335938,-0.2958747446537018,1117.897705078125,-0.4193420112133026,1045.347900390625,-0.4131052792072296,1135.982666015625,-0.3079663813114166,0.7301079034805298,0.5714550018310547,0.5340932607650757,0.5885170698165894,0.6345643997192383,0.668431282043457,-0.0005657617002725601,0.0038057633209973574,0.018555333837866783,0.030031688511371613,0.04513617232441902,0.054965194314718246,4.1261820793151855,0.6876969933509827,0.05857865884900093,0.0009215818135999143,0.1388119012117386,2.8067257404327393,5714129.0
70.5,46.787899017333984,-0.2542637288570404,0.03925264626741409,860.3488159179688,-0.2943545877933502,1117.8560791015625,-0.4141041934490204,1045.3067626953125,-0.4096793532371521,1135.9522705078125,-0.29911211133003235,0.7300553321838379,0.5718445777893066,0.5359730124473572,0.59156334400177,0.6391343474388123,0.6739774942398071,-0.0004864395596086979,0.003985964227467775,0.019040202721953392,0.030893849208950996,0.04626058414578438,0.055956099182367325,4.161543369293213,0.6935905814170837,0.05939975753426552,0.0009452050435356796,0.14237011969089508,2.806492567062378,5713654.0
70.5999984741211,46.7629508972168,-0.2494860291481018,0.047776851803064346,860.3194580078125,-0.2927895784378052,1117.81494140625,-0.4087654948234558,1045.265869140625,-0.4061642289161682,1135.9228515625,-0.2901609241962433,0.7300106883049011,0.5722522735595703,0.5379014015197754,0.5946956872940063,0.643815279006958,0.6796200275421143,-0.0004062103689648211,0.0041680592112243176,0.019528372213244438,0.03175295144319534,0.04735526069998741,0.05688918009400368,4.197360992431641,0.6995601058006287,0.06012197583913803,0.000968366686720401,0.14585880935192108,2.806260585784912,5713182.0
70.69999694824219,46.73857879638672,-0.24374566972255707,0.05740362033247948,860.290283203125,-0.2911789119243622,1117.7742919921875,-0.40333157777786255,1045.2254638671875,-0.40256059169769287,1135.894287109375,-0.2811311185359955,0.729974091053009,0.57267826795578,0.5398787260055542,0.5979136824607849,0.6486038565635681,0.6853523254394531,-0.0003252229653298855,0.004351680167019367,0.020018471404910088,0.03260577842593193,0.04841358959674835,0.05775119364261627,4.233567237854004,0.7055945992469788,0.06072496622800827,0.0009909860091283917,0.1492658108472824,2.806030035018921,5712712.5
70.80000305175781,46.71485900878906,-0.23716658353805542,0.06579083204269409,860.26123046875,-0.28952184319496155,1117.7342529296875,-0.3978084921836853,1045.1854248046875,-0.39886945486068726,1135.8665771484375,-0.2720416188240051,0.7299456596374512,0.5731226205825806,0.5419051051139832,0.6012164354324341,0.6534962058067322,0.6911667585372925,-0.00024363241391256452,0.004536444786936045,0.020509090274572372,0.03344907611608505,0.04942912608385086,0.058531083166599274,4.27009391784668,0.7116823792457581,0.06121298298239708,0.00101299281232059,0.15258055925369263,2.805800676345825,5712245.0
70.9000015258789,46.69185256958008,-0.230101078748703,0.07065509259700775,860.2323608398438,-0.2878178060054779,1117.6947021484375,-0.3922015130519867,1045.145751953125,-0.3950922191143036,1135.83984375,-0.2629079222679138,0.7299253940582275,0.573585569858551,0.5439805388450623,0.6046029925346375,0.6584877967834473,0.6970548629760742,-0.0001615663495613262,0.004722037818282843,0.020999079570174217,0.03428029268980026,0.050397612154483795,0.05922570824623108,4.306883811950684,0.7178139686584473,0.06161631643772125,0.0010343467583879828,0.15579695999622345,2.805572509765625,5711781.0
71.0,46.66958999633789,-0.222614586353302,0.07486491650342941,860.2036743164062,-0.2860662043094635,1117.65576171875,-0.38651561737060547,1045.1064453125,-0.3912304937839508,1135.81396484375,-0.2537434697151184,0.7299133539199829,0.5740670561790466,0.5461048483848572,0.6080719232559204,0.663573682308197,0.703008234500885,-7.913646550150588e-05,0.0049081845209002495,0.02148744836449623,0.03509729728102684,0.051316093653440475,0.05983555316925049,4.343886375427246,0.7239810824394226,0.061936307698488235,0.0010550128063187003,0.15890975296497345,2.8053457736968994,5711319.5
71.0999984741211,46.64812088012695,-0.2146649807691574,0.07949613779783249,860.1751708984375,-0.2842666208744049,1117.617431640625,-0.38075605034828186,1045.0675048828125,-0.38728606700897217,1135.7890625,-0.2445625364780426,0.7299095988273621,0.5745671987533569,0.5482779145240784,0.6116217374801636,0.6687487959861755,0.7090182900428772,3.5382934129302157e-06,0.005094592925161123,0.021973147988319397,0.0358978696167469,0.05218140408396721,0.06035957857966423,4.381048679351807,0.7301748394966125,0.06216336786746979,0.0010749527718871832,0.1619131863117218,2.8051204681396484,5710860.5
71.19999694824219,46.62746810913086,-0.20653694868087769,0.08128030598163605,860.1468505859375,-0.28241872787475586,1117.5797119140625,-0.37492769956588745,1045.0289306640625,-0.38326093554496765,1135.76513671875,-0.23537708818912506,0.7299140691757202,0.5750859975814819,0.5504993200302124,0.6152507662773132,0.6740077137947083,0.7150765657424927,8.635743870399892e-05,0.005281015764921904,0.022455306723713875,0.036680255085229874,0.05299175903201103,0.060800522565841675,4.418325901031494,0.7363876104354858,0.06232510134577751,0.001094152219593525,0.164805069565773,2.804896593093872,5710405.0
71.30000305175781,46.607643127441406,-0.1982659548521042,0.08270996809005737,860.1187133789062,-0.28052231669425964,1117.54248046875,-0.3690349757671356,1044.9908447265625,-0.37915724515914917,1135.7420654296875,-0.2261972725391388,0.7299268245697021,0.5756233930587769,0.5527687668800354,0.618956983089447,0.6793448328971863,0.721174955368042,0.00016923496150411665,0.005467243492603302,0.022933196276426315,0.03744307532906532,0.05374639853835106,0.0611630454659462,4.455678939819336,0.7426131367683411,0.06242261454463005,0.0011125996243208647,0.16758368909358978,2.8046741485595703,5709952.0
71.4000015258789,46.58867263793945,-0.18971006572246552,0.08555877953767776,860.0907592773438,-0.27857720851898193,1117.505859375,-0.3630829453468323,1044.953125,-0.3749772906303406,1135.7198486328125,-0.21703501045703888,0.7299479246139526,0.5761794447898865,0.5550857782363892,0.6227384805679321,0.6847546100616455,0.7273057699203491,0.0002520697598811239,0.005653028376400471,0.023405957967042923,0.03818465769290924,0.05444367602467537,0.06144774705171585,4.4930620193481445,0.7488436698913574,0.06243706867098808,0.0011302719358354807,0.17024555802345276,2.8044533729553223,5709502.5
71.5,46.57059097290039,-0.18080496788024902,0.08905100077390671,860.06298828125,-0.27658337354660034,1117.4698486328125,-0.3570774793624878,1044.915771484375,-0.3707234859466553,1135.6986083984375,-0.20790451765060425,0.7299772500991821,0.5767539739608765,0.5574496984481812,0.6265929937362671,0.6902311444282532,0.7334609627723694,0.0003347425372339785,0.0058380793780088425,0.023872578516602516,0.03890296444296837,0.055080968886613846,0.061651669442653656,4.530422210693359,0.7550703883171082,0.06235741823911667,0.0011471406323835254,0.17278636991977692,2.804234027862549,5709056.0
71.5999984741211,46.55340576171875,-0.17184896767139435,0.08956004679203033,860.035400390625,-0.27454090118408203,1117.4344482421875,-0.35102391242980957,1044.8790283203125,-0.36639851331710815,1135.67822265625,-0.19881731271743774,0.7300148606300354,0.5773469805717468,0.5598599910736084,0.6305180788040161,0.6957682967185974,0.7396326065063477,0.00041715483530424535,0.006022157147526741,0.024332242086529732,0.03959647938609123,0.055657144635915756,0.061776597052812576,4.567715167999268,0.7612858414649963,0.06221512705087662,0.001163202105090022,0.17520561814308167,2.804016351699829,5708612.5
71.69999694824219,46.537078857421875,-0.16327187418937683,0.08577089011669159,860.008056640625,-0.27244991064071655,1117.399658203125,-0.3449254631996155,1044.842529296875,-0.3620050251483917,1135.6588134765625,-0.18977785110473633,0.7300606966018677,0.577958345413208,0.5623158812522888,0.6345112323760986,0.7013601064682007,0.7458133101463318,0.0004992654430679977,0.006205162964761257,0.02478465624153614,0.04026501625776291,0.05617465823888779,0.06183458864688873,4.604921340942383,0.7674868702888489,0.062060415744781494,0.0011784888338297606,0.177508145570755,2.803800106048584,5708172.5
71.80000305175781,46.52152633666992,-0.15553316473960876,0.07738713175058365,859.98095703125,-0.27031072974205017,1117.365478515625,-0.33878278732299805,1044.8065185546875,-0.3575455844402313,1135.6402587890625,-0.18078143894672394,0.7301146984100342,0.5785880088806152,0.5648166537284851,0.6385701298713684,0.7070010900497437,0.7519975304603577,0.0005811065202578902,0.00638717832043767,0.025230199098587036,0.040910035371780396,0.056640248745679855,0.06184842437505722,4.642055511474609,0.7736759185791016,0.061952006071805954,0.0011930713662877679,0.17970462143421173,2.8035857677459717,5707736.0
71.9000015258789,46.50664520263672,-0.1487865447998047,0.06746623665094376,859.9539794921875,-0.2681236267089844,1117.3319091796875,-0.33259445428848267,1044.77099609375,-0.3530224561691284,1135.6226806640625,-0.17181716859340668,0.7301768660545349,0.5792357921600342,0.5673616528511047,0.6426923871040344,0.7126864194869995,0.7581821084022522,0.0006627609836868942,0.0065684085711836815,0.02566969394683838,0.04153408110141754,0.05706319957971573,0.06184457615017891,4.679154872894287,0.7798591256141663,0.061916250735521317,0.0012070330558344722,0.18180757761001587,2.803373098373413,5707303.0
72.0,46.49232864379883,-0.1431913822889328,0.05595162883400917,859.9273071289062,-0.265889048576355,1117.2989501953125,-0.3263576030731201,1044.7359619140625,-0.34843745827674866,1135.60595703125,-0.16286955773830414,0.7302472591400146,0.5799016356468201,0.5699504017829895,0.6468762159347534,0.7184123992919922,0.764366626739502,0.0007443490321747959,0.006749150343239307,0.026104293763637543,0.04214046895503998,0.057454321533441544,0.0618499256670475,4.716273307800293,0.786045491695404,0.061982471495866776,0.0012204702943563461,0.18383154273033142,2.803162097930908,5706873.5
72.0999984741211,46.478431701660156,-0.13895556330680847,0.04235820099711418,859.9008178710938,-0.263607382774353,1117.2666015625,-0.32006731629371643,1044.701416015625,-0.3437919020652771,1135.590087890625,-0.15391764044761658,0.7303257584571838,0.5805855989456177,0.5725823640823364,0.6511199474334717,0.7241765260696411,0.770553469657898,0.0008260361501015723,0.006929811090230942,0.026535548269748688,0.04273342341184616,0.05782632157206535,0.061893172562122345,4.753485202789307,0.7922475337982178,0.06218787655234337,0.0012334967032074928,0.18579362332820892,2.802952766418457,5706447.5
72.19999694824219,46.46485900878906,-0.13571684062480927,0.03238721936941147,859.8745727539062,-0.2612791061401367,1117.2349853515625,-0.31371885538101196,1044.667236328125,-0.3390865921974182,1135.5751953125,-0.14494159817695618,0.730412483215332,0.5812876224517822,0.575257420539856,0.6554225087165833,0.7299773097038269,0.7767474055290222,0.0009079787414520979,0.007110774517059326,0.026964906603097916,0.04331684857606888,0.05819031968712807,0.06199399381875992,4.790861129760742,0.7984768152236938,0.062499627470970154,0.0012461954029276967,0.1877063512802124,2.8027455806732178,5706025.5
72.30000305175781,46.45155334472656,-0.133067786693573,0.02649053744971752,859.8485717773438,-0.25890466570854187,1117.203857421875,-0.30730900168418884,1044.633544921875,-0.3343219757080078,1135.5611572265625,-0.13592810928821564,0.7305073738098145,0.5820077657699585,0.577975332736969,0.6597830653190613,0.7358145117759705,0.7829546332359314,0.0009902820456773043,0.007292299065738916,0.027393342927098274,0.043893393129110336,0.05855340510606766,0.06215763837099075,4.828448295593262,0.804741382598877,0.06287556886672974,0.001258615404367447,0.18957708775997162,2.8025400638580322,5705607.0
72.4000015258789,46.438499450683594,-0.13054443895816803,0.025233443826436996,859.8228149414062,-0.2564844787120819,1117.1734619140625,-0.3008367419242859,1044.600341796875,-0.3294982314109802,1135.5479736328125,-0.12687203288078308,0.7306105494499207,0.5827460885047913,0.5807360410690308,0.6642009615898132,0.741688072681427,0.7891809940338135,0.0010729854693636298,0.0074744801968336105,0.02782122790813446,0.044464144855737686,0.0589180663228035,0.0623757466673851,4.866265296936035,0.8110442161560059,0.06326129287481308,0.001270767068490386,0.19140741229057312,2.8023364543914795,5705192.5
72.5,46.42569351196289,-0.12805242836475372,0.024920132011175156,859.7973022460938,-0.25401896238327026,1117.1436767578125,-0.29430240392684937,1044.567626953125,-0.3246155083179474,1135.5357666015625,-0.11777278780937195,0.7307219505310059,0.5835027098655701,0.5835395455360413,0.6686756610870361,0.7475981712341309,0.7954313158988953,0.0011560918064787984,0.007657324429601431,0.02824859693646431,0.04502935707569122,0.05928438529372215,0.06263535469770432,4.904313087463379,0.8173855543136597,0.06364505738019943,0.0012826527236029506,0.19319768249988556,2.8021347522735596,5704782.0
72.5999984741211,46.413143157958984,-0.1255161166191101,0.02536304108798504,859.7720336914062,-0.251508504152298,1117.1146240234375,-0.28770682215690613,1044.535400390625,-0.3196741044521332,1135.5244140625,-0.1086316630244255,0.7308417558670044,0.5842775702476501,0.5863857269287109,0.6732065677642822,0.7535449266433716,0.8017091155052185,0.0012395891826599836,0.007840801030397415,0.028675353154540062,0.045588936656713486,0.05965152010321617,0.06292397528886795,4.942586898803711,0.8237645030021667,0.06401604413986206,0.0012942686444148421,0.19494730234146118,2.8019349575042725,5704375.5
72.69999694824219,46.40085220336914,-0.12291232496500015,0.02603793889284134,859.7470092773438,-0.24895350635051727,1117.086181640625,-0.2810511589050293,1044.503662109375,-0.3146742284297943,1135.5140380859375,-0.09945105761289597,0.7309699058532715,0.5850708484649658,0.5892745852470398,0.6777932047843933,0.759528398513794,0.8080167174339294,0.001323456410318613,0.008024857379496098,0.02910131961107254,0.046142589300870895,0.060018140822649,0.06323051452636719,4.981077194213867,0.8301795125007629,0.0643695592880249,0.0013056088937446475,0.19665540754795074,2.8017373085021973,5703973.0
72.80000305175781,46.388790130615234,-0.1206122636795044,0.023000609129667282,859.7222290039062,-0.24635431170463562,1117.058349609375,-0.27433526515960693,1044.4725341796875,-0.30961620807647705,1135.5045166015625,-0.09022872149944305,0.7311064600944519,0.5858826041221619,0.5922060012817383,0.6824348568916321,0.7655485272407532,0.8143557906150818,0.0014077096711844206,0.008209533989429474,0.02952665463089943,0.046690866351127625,0.0603853315114975,0.06355380266904831,5.019791603088379,0.8366319537162781,0.06475367397069931,0.0013166985008865595,0.1983257681131363,2.801541566848755,5703574.5
72.9000015258789,46.37694549560547,-0.11844845116138458,0.021638164296746254,859.6976928710938,-0.24371130764484406,1117.03125,-0.26755863428115845,1044.4417724609375,-0.3045003414154053,1135.4959716796875,-0.08096162229776382,0.7312514781951904,0.5867127776145935,0.5951799154281616,0.6871311664581299,0.7716054916381836,0.820728063583374,0.001492372015491128,0.008394883945584297,0.029951579868793488,0.04723445698618889,0.06075446680188179,0.06389398127794266,5.058740615844727,0.8431234359741211,0.06514783948659897,0.0013275487581267953,0.19996006786823273,2.8013479709625244,5703180.5
73.0,46.36529541015625,-0.11651141196489334,0.019370324909687042,859.6734619140625,-0.24102482199668884,1117.0048828125,-0.26072070002555847,1044.41162109375,-0.2993267774581909,1135.4884033203125,-0.07164660096168518,0.7314049601554871,0.5875616073608398,0.598196268081665,0.6918815970420837,0.7776995301246643,0.8271352052688599,0.001577467075549066,0.008580966852605343,0.030376316979527473,0.047774046659469604,0.06112688407301903,0.06425143778324127,5.097935199737549,0.8496558666229248,0.06556539982557297,0.0013381781755015254,0.2015611231327057,2.801156520843506,5702790.5
73.0999984741211,46.353824615478516,-0.1146891713142395,0.018222419545054436,859.6495361328125,-0.23829519748687744,1116.9791259765625,-0.25382110476493835,1044.3819580078125,-0.2940956652164459,1135.481689453125,-0.06228112801909447,0.7315669655799866,0.5884290337562561,0.6012551784515381,0.6966858506202698,0.7838310599327087,0.8335789442062378,0.0016630140598863363,0.008767826482653618,0.030801046639680862,0.048310186713933945,0.061503514647483826,0.06462549418210983,5.137384414672852,0.8562306761741638,0.06599267572164536,0.001348596066236496,0.20313028991222382,2.800967216491699,5702405.0
73.19999694824219,46.342533111572266,-0.11290110647678375,0.017880668863654137,859.6257934570312,-0.23552274703979492,1116.9541015625,-0.24685987830162048,1044.352783203125,-0.2888071835041046,1135.4759521484375,-0.05286458507180214,0.7317375540733337,0.5893151760101318,0.6043564677238464,0.7015435099601746,0.7900003790855408,0.8400607705116272,0.0017490165773779154,0.008955473080277443,0.03122580610215664,0.048843082040548325,0.06188426539301872,0.06501277536153793,5.177089691162109,0.8628482818603516,0.06641916930675507,0.0013588049914687872,0.20466800034046173,2.8007800579071045,5702024.0
73.30000305175781,46.33138656616211,-0.11149539053440094,0.01405713614076376,859.6024169921875,-0.23270778357982635,1116.9298095703125,-0.23983585834503174,1044.32421875,-0.28346139192581177,1135.4710693359375,-0.043392036110162735,0.7319167852401733,0.5902201533317566,0.6075003147125244,0.706454336643219,0.7962081432342529,0.8465821146965027,0.001835513161495328,0.009143998846411705,0.03165094926953316,0.049373701214790344,0.06227121502161026,0.06541746854782104,5.217069149017334,0.8695114850997925,0.06689353287220001,0.0013688364997506142,0.20617897808551788,2.8005950450897217,5701647.5
73.4000015258789,46.32033157348633,-0.11054502427577972,0.00950370728969574,859.5792846679688,-0.22985059022903442,1116.9061279296875,-0.2327464520931244,1044.296142578125,-0.2780582010746002,1135.4671630859375,-0.0338541604578495,0.7321047186851501,0.5911440253257751,0.610686719417572,0.7114182114601135,0.8024550676345825,0.8531453013420105,0.0019225780852138996,0.009333583526313305,0.03207714483141899,0.04990379512310028,0.06266842782497406,0.06584925204515457,5.2573561668396,0.876226007938385,0.06742969155311584,0.0013787279604002833,0.20766887068748474,2.800412178039551,5701275.0
73.5,46.30935287475586,-0.10976307094097137,0.00781950168311596,859.5564575195312,-0.22695143520832062,1116.88330078125,-0.225589781999588,1044.2685546875,-0.27259740233421326,1135.46435546875,-0.024244526401162148,0.7323013544082642,0.592086911201477,0.6139158010482788,0.7164351344108582,0.8087422847747803,0.8597531318664551,0.0020102623384445906,0.009524352848529816,0.0325048491358757,0.05043453350663185,0.06307823956012726,0.06631095707416534,5.297974109649658,0.8829956650733948,0.06799148768186569,0.0013884931104257703,0.20913973450660706,2.800231695175171,5700908.0
73.5999984741211,46.298458099365234,-0.10896273702383041,0.008003346621990204,859.5338745117188,-0.22401055693626404,1116.861083984375,-0.21836532652378082,1044.2415771484375,-0.2670786678791046,1135.46240234375,-0.014561541378498077,0.7325068116188049,0.5930489301681519,0.6171877384185791,0.7215051651000977,0.815071165561676,0.8664084076881409,0.002098578494042158,0.009716333821415901,0.03293415904045105,0.05096618831157684,0.06350041180849075,0.06679750233888626,5.338929176330566,0.8898215293884277,0.06855364888906479,0.0013981298543512821,0.21059125661849976,2.800053596496582,5700545.0
73.69999694824219,46.287654876708984,-0.10804447531700134,0.009182605892419815,859.5116577148438,-0.2210281640291214,1116.839599609375,-0.21107348799705505,1044.2152099609375,-0.2615017592906952,1135.46142578125,-0.004806730896234512,0.7327210903167725,0.5940302610397339,0.6205027103424072,0.7266283631324768,0.8214427828788757,0.873113214969635,0.0021875135134905577,0.009909492917358875,0.03336494788527489,0.05149846896529198,0.06393320858478546,0.06730043143033981,5.380215644836426,0.8967025876045227,0.06910093873739243,0.00140762806404382,0.21202190220355988,2.799877882003784,5700187.0
73.80000305175781,46.276939392089844,-0.10713789612054825,0.009065788239240646,859.4896850585938,-0.21800443530082703,1116.81884765625,-0.20371441543102264,1044.1893310546875,-0.25586649775505066,1135.46142578125,0.005019187927246094,0.7329443097114563,0.5950309038162231,0.623860776424408,0.7318048477172852,0.8278581500053406,0.8798689246177673,0.0022770611103624105,0.01010381430387497,0.03379715234041214,0.05203123390674591,0.06437542289495468,0.06781470775604248,5.421831130981445,0.9036385416984558,0.06965036690235138,0.0014169880887493491,0.21343174576759338,2.7997043132781982,5699834.0
73.9000015258789,46.26633071899414,-0.10608817636966705,0.010497181676328182,859.468017578125,-0.21493957936763763,1116.798828125,-0.19628870487213135,1044.1639404296875,-0.2501726746559143,1135.46240234375,0.014914153143763542,0.7331765294075012,0.596051037311554,0.6272621750831604,0.7370346188545227,0.8343181610107422,0.8866763710975647,0.0023672040551900864,0.010299253277480602,0.03423060476779938,0.0525640994310379,0.06482528895139694,0.06833435595035553,5.463768482208252,0.910628080368042,0.07017853111028671,0.0014261978212743998,0.21481895446777344,2.7995333671569824,5699486.0
74.0,46.255836486816406,-0.1049417033791542,0.01146475225687027,859.4467163085938,-0.21183371543884277,1116.779541015625,-0.1887972354888916,1044.1392822265625,-0.24442030489444733,1135.46435546875,0.024875156581401825,0.7334177494049072,0.5970907807350159,0.6307069659233093,0.7423176765441895,0.8408234119415283,0.8935357332229614,0.002457917667925358,0.010495745576918125,0.0346650704741478,0.053096525371074677,0.06528070569038391,0.06885355710983276,5.506016731262207,0.9176694750785828,0.07069016993045807,0.0014352487633004785,0.21618223190307617,2.7993648052215576,5699142.5
74.0999984741211,46.24546432495117,-0.10372742265462875,0.01214284636080265,859.4256591796875,-0.20868702232837677,1116.7611083984375,-0.1812407672405243,1044.1151123046875,-0.23860935866832733,1135.4674072265625,0.0348997637629509,0.7336681485176086,0.5981502532958984,0.6341952085494995,0.7476539015769958,0.847374439239502,0.9004468321800232,0.0025491812266409397,0.010693241842091084,0.03510036692023277,0.05362807959318161,0.06574002653360367,0.06936877965927124,5.548566818237305,0.924761176109314,0.07118794322013855,0.0014441347448155284,0.21752066910266876,2.799198627471924,5698804.5
74.19999694824219,46.23527145385742,-0.10191987454891205,0.01807541586458683,859.4049682617188,-0.20549963414669037,1116.7432861328125,-0.1736225038766861,1044.091552734375,-0.23273999989032745,1135.471435546875,0.04497743397951126,0.7339276075363159,0.5992294549942017,0.6377270221710205,0.7530431747436523,0.8539713621139526,0.907408595085144,0.0026409090496599674,0.01089152880012989,0.03553571179509163,0.05415688455104828,0.06619769334793091,0.06986483186483383,5.591381072998047,0.9318968057632446,0.07159068435430527,0.0014528062893077731,0.21882681548595428,2.799034833908081,5698471.0
74.30000305175781,46.22532272338867,-0.09950839728116989,0.024114836007356644,859.3845825195312,-0.20227168500423431,1116.726318359375,-0.1659475862979889,1044.068603515625,-0.22681273519992828,1135.4764404296875,0.055091701447963715,0.7341963052749634,0.6003285646438599,0.6413022875785828,0.7584850192070007,0.8606135845184326,0.91441810131073,0.0027329670265316963,0.011090276762843132,0.03596990182995796,0.05468003451824188,0.06664568930864334,0.07032155990600586,5.634398460388184,0.9390664100646973,0.07188887149095535,0.0014612129889428616,0.22009305655956268,2.7988739013671875,5698143.5
74.4000015258789,46.215667724609375,-0.09654723107814789,0.029611622914671898,859.364501953125,-0.19900336861610413,1116.710205078125,-0.1582215130329132,1044.046142578125,-0.22082842886447906,1135.482421875,0.06522560119628906,0.734474241733551,0.6014475226402283,0.6449208855628967,0.7639788389205933,0.8672997355461121,0.921470582485199,0.002825216157361865,0.011289145797491074,0.03640170767903328,0.05519460514187813,0.06707635521888733,0.07072293758392334,5.677557468414307,0.9462595582008362,0.07208262383937836,0.001469308976083994,0.2213125079870224,2.798715353012085,5697820.5
74.5,46.206356048583984,-0.09310150891542435,0.03445719555020332,859.3447875976562,-0.19569484889507294,1116.6947021484375,-0.15044990181922913,1044.0244140625,-0.2147883027791977,1135.4893798828125,0.07536251842975616,0.7347613573074341,0.6025863885879517,0.6485825181007385,0.7695235013961792,0.8740278482437134,0.9285598993301392,0.0029175207018852234,0.011487800627946854,0.036829933524131775,0.05569780617952347,0.06748278439044952,0.07105734944343567,5.720796585083008,0.9534660577774048,0.07217460125684738,0.0014770542038604617,0.22247910499572754,2.7985594272613525,5697503.0
74.5999984741211,46.197444915771484,-0.08913002908229828,0.03971480578184128,859.3253784179688,-0.19234639406204224,1116.6800537109375,-0.14263896644115448,1044.003173828125,-0.20869392156600952,1135.4974365234375,0.08548477292060852,0.7350577116012573,0.6037450432777405,0.65228670835495,0.775117814540863,0.8807950019836426,0.9356787800788879,0.0030097344424575567,0.011685886420309544,0.03725330904126167,0.056186724454164505,0.06785805523395538,0.0713142529129982,5.764050006866455,0.9606750011444092,0.07215176522731781,0.001484404900111258,0.223586305975914,2.7984061241149902,5697191.0
74.69999694824219,46.18898391723633,-0.08460067957639694,0.04529355466365814,859.3063354492188,-0.1889582723379135,1116.6661376953125,-0.13479571044445038,1043.982666015625,-0.20254719257354736,1135.5064697265625,0.09557268768548965,0.7353633046150208,0.6049234867095947,0.656032919883728,0.7807601094245911,0.8875978589057922,0.9428189992904663,0.0031016957946121693,0.011883006431162357,0.037670429795980453,0.056658148765563965,0.06819479167461395,0.07148262858390808,5.807245254516602,0.9678742289543152,0.07200200110673904,0.0014913149643689394,0.22462713718414307,2.798255443572998,5696884.5
74.80000305175781,46.181026458740234,-0.07958792895078659,0.05012749135494232,859.28759765625,-0.18553084135055542,1116.653076171875,-0.1269274353981018,1043.962646484375,-0.19635042548179626,1135.5166015625,0.10560642182826996,0.7356780767440796,0.6061215996742249,0.6598204970359802,0.78644859790802,0.8944321274757385,0.9499711990356445,0.0031932403799146414,0.012078761123120785,0.038079895079135895,0.05710892751812935,0.06848608702421188,0.0715537965297699,5.850308418273926,0.9750514030456543,0.07172980159521103,0.0014977448154240847,0.2255956083536148,2.798107385635376,5696583.0
74.9000015258789,46.17361068725586,-0.07412723451852798,0.05460694804787636,859.2692260742188,-0.18206454813480377,1116.6407470703125,-0.11904165893793106,1043.943359375,-0.19010627269744873,1135.527587890625,0.11556640267372131,0.7360019087791443,0.6073392033576965,0.6636485457420349,0.7921809554100037,0.9012929201126099,0.9571253657341003,0.0032842056825757027,0.012272754684090614,0.03848032280802727,0.05753602832555771,0.06872567534446716,0.07152153551578522,5.893165588378906,0.9821942448616028,0.07133453339338303,0.0015036575496196747,0.2264862060546875,2.797962188720703,5696287.5
75.0,46.166786193847656,-0.06826256215572357,0.058646682649850845,859.2511596679688,-0.17855989933013916,1116.6292724609375,-0.11114605516195297,1043.9246826171875,-0.18381766974925995,1135.5396728515625,0.12543326616287231,0.7363348603248596,0.6085760593414307,0.6675161123275757,0.7979546785354614,0.9081748723983765,0.9642709493637085,0.003374430350959301,0.012464595958590508,0.03887036442756653,0.05793652683496475,0.06890785694122314,0.07138130813837051,5.935743808746338,0.9892906546592712,0.07081757485866547,0.0015090202214196324,0.2272939383983612,2.7978198528289795,5695997.5
75.0999984741211,46.16061019897461,-0.061739228665828705,0.06523334234952927,859.2335205078125,-0.17501750588417053,1116.6185302734375,-0.1032499149441719,1043.9066162109375,-0.17748795449733734,1135.552734375,0.13518302142620087,0.7366767525672913,0.6098319888114929,0.6714221239089966,0.8037670254707336,0.9150718450546265,0.9713965654373169,0.0034637153148651123,0.012653800658881664,0.03924834355711937,0.0583067387342453,0.06902507692575455,0.07112248241901398,5.9779534339904785,0.9963256120681763,0.07013212144374847,0.0015137788141146302,0.22801069915294647,2.797680139541626,5695713.0
75.19999694824219,46.15516662597656,-0.05446960777044296,0.07269623875617981,859.2161865234375,-0.171438068151474,1116.608642578125,-0.09536436200141907,1043.88916015625,-0.17112092673778534,1135.5667724609375,0.14478661119937897,0.7370275259017944,0.6111066937446594,0.6753652095794678,0.8096146583557129,0.9219768047332764,0.9784896969795227,0.003551819594576955,0.012839782983064651,0.039612215012311935,0.05864214152097702,0.0690678060054779,0.07072926312685013,6.0196852684021,1.0032808780670166,0.06925535202026367,0.001517872209660709,0.2286272644996643,2.7975432872772217,5695434.5
75.30000305175781,46.15048599243164,-0.04677668586373329,0.07692921906709671,859.19921875,-0.16782242059707642,1116.5994873046875,-0.08749993145465851,1043.8724365234375,-0.16472084820270538,1135.5816650390625,0.1542181521654129,0.7373870611190796,0.6123998165130615,0.6793438792228699,0.8154938817024231,0.9288820624351501,0.9855364561080933,0.0036385273560881615,0.013022022321820259,0.03996019810438156,0.05893891677260399,0.069028839468956,0.07019466161727905,6.0608415603637695,1.010140299797058,0.06823162734508514,0.0015212662983685732,0.22913850843906403,2.7974092960357666,5695161.5
75.4000015258789,46.1466178894043,-0.038689278066158295,0.08087407797574997,859.1826171875,-0.164171501994133,1116.5911865234375,-0.07966659963130951,1043.856201171875,-0.15829235315322876,1135.5975341796875,0.16345466673374176,0.7377551794052124,0.6137109398841858,0.683356523513794,0.8214007019996643,0.9357790350914001,0.9925225973129272,0.003723644884303212,0.013200050219893456,0.040290720760822296,0.05919384956359863,0.06890291720628738,0.06951741874217987,6.101334095001221,1.016888976097107,0.06706112623214722,0.001523929531686008,0.2295396476984024,2.7972781658172607,5694894.5
75.5,46.143592834472656,-0.03024151735007763,0.08447758853435516,859.1663818359375,-0.1604863852262497,1116.5836181640625,-0.07187453657388687,1043.8406982421875,-0.15184038877487183,1135.6143798828125,0.17247344553470612,0.7381317615509033,0.6150396466255188,0.687401294708252,0.8273308277130127,0.9426588416099548,0.9994338154792786,0.003806981025263667,0.01337340660393238,0.04060225188732147,0.05940384790301323,0.06868527084589005,0.06869687885046005,6.141075611114502,1.023512601852417,0.06574559211730957,0.0015258330386132002,0.22982634603977203,2.797149896621704,5694633.5
75.5999984741211,46.14146041870117,-0.021346010267734528,0.08895507454872131,859.1505126953125,-0.1567682921886444,1116.5767822265625,-0.06413465738296509,1043.825927734375,-0.1453702300786972,1135.632080078125,0.18125015497207642,0.7385165095329285,0.6163854002952576,0.6914761662483215,0.833279550075531,0.9495121240615845,1.0062556266784668,0.00388833018951118,0.01354159601032734,0.04089314118027687,0.059565603733062744,0.06837067008018494,0.06772983819246292,6.179973125457764,1.0299955606460571,0.0642668753862381,0.0015269409632310271,0.22999323904514313,2.7970244884490967,5694378.0
75.69999694824219,46.140228271484375,-0.012327028438448906,0.09018982201814651,859.135009765625,-0.15301857888698578,1116.5706787109375,-0.05645690858364105,1043.8116455078125,-0.1388874650001526,1135.650634765625,0.1897645741701126,0.7389093041419983,0.6177477240562439,0.6955790519714355,0.8392419219017029,0.9563289284706116,1.012973666191101,0.003967519849538803,0.013704207725822926,0.04116206616163254,0.059676643460989,0.0679563358426094,0.06662024557590485,6.217947483062744,1.0363246202468872,0.06267606467008591,0.00152724445797503,0.23003895580768585,2.7969021797180176,5694129.0
75.80000305175781,46.139854431152344,-0.0037371290381997824,0.0858989879488945,859.1199340820312,-0.149238720536232,1116.5654296875,-0.04884760454297066,1043.798095703125,-0.13239772617816925,1135.6700439453125,0.19800950586795807,0.7393099069595337,0.61912602186203,0.6997076869010925,0.8452128171920776,0.963099479675293,1.019574522972107,0.00404448201879859,0.013861083425581455,0.04140864685177803,0.059736888855695724,0.06744606792926788,0.06539058685302734,6.254966735839844,1.042494535446167,0.061068229377269745,0.0015267806593328714,0.2299690842628479,2.7967827320098877,5693886.0
75.9000015258789,46.140281677246094,0.004281484987586737,0.0801861435174942,859.1051635742188,-0.14543034136295319,1116.5609130859375,-0.04131033644080162,1043.78515625,-0.12590648233890533,1135.690185546875,0.20598682761192322,0.7397181391716003,0.6205196976661682,0.7038598656654358,0.8511872887611389,0.9698145389556885,1.0260478258132935,0.0041192215867340565,0.014012250117957592,0.04163317754864693,0.05974791198968887,0.06684785336256027,0.06407131999731064,6.291032314300537,1.0485053062438965,0.05947532504796982,0.0015255981124937534,0.22979097068309784,2.796666145324707,5693649.0
76.0,46.14147186279297,0.01190701499581337,0.07625530660152435,859.0908203125,-0.14159516990184784,1116.5572509765625,-0.03384866192936897,1043.77294921875,-0.11941889673471451,1135.711181640625,0.21369817852973938,0.7401337027549744,0.6219282150268555,0.7080334424972534,0.8571604490280151,0.9764657020568848,1.0323857069015503,0.004191742744296789,0.014157727360725403,0.04183592274785042,0.05971119552850723,0.0661688819527626,0.06268478184938431,6.326143741607666,1.0543572902679443,0.05787527188658714,0.0015237309271469712,0.22950972616672516,2.796552896499634,5693418.0
76.0999984741211,46.14336395263672,0.01892910711467266,0.07022091746330261,859.0768432617188,-0.1377350240945816,1116.55419921875,-0.02646515890955925,1043.7613525390625,-0.11293989419937134,1135.73291015625,0.22114813327789307,0.7405563592910767,0.6233510375022888,0.7122262120246887,0.8631277084350586,0.9830453395843506,1.038582682609558,0.004262073431164026,0.01429759431630373,0.0420173741877079,0.05962872505187988,0.06541727483272552,0.061252493411302567,6.3603129386901855,1.0600521564483643,0.05631084367632866,0.0015212303260341287,0.22913308441638947,2.7964425086975098,5693193.5
76.19999694824219,46.1458854675293,0.025199607014656067,0.06270500272512436,859.0632934570312,-0.1338518112897873,1116.5518798828125,-0.019160419702529907,1043.7503662109375,-0.10647401958703995,1135.75537109375,0.22834739089012146,0.7409859895706177,0.6247875094413757,0.7164360880851746,0.8690844774246216,0.9895466566085815,1.0446351766586304,0.0043302904814481735,0.014432053081691265,0.04217845946550369,0.05950353294610977,0.06460351496934891,0.05979989096522331,6.393572807312012,1.0655955076217651,0.05481639876961708,0.001518160104751587,0.2286706268787384,2.796335220336914,5692975.0
76.30000305175781,46.1489143371582,0.030312536284327507,0.051129285246133804,859.0501098632812,-0.1299474984407425,1116.5504150390625,-0.011931736022233963,1043.739990234375,-0.10002531111240387,1135.778564453125,0.23531702160835266,0.7414223551750183,0.6262372136116028,0.7206611633300781,0.8750268816947937,0.9959641098976135,1.050542950630188,0.004396556410938501,0.014561510644853115,0.0423208512365818,0.0593404546380043,0.06374240666627884,0.058361951261758804,6.425995826721191,1.070999264717102,0.05347314849495888,0.0015146172372624278,0.22813698649406433,2.7962310314178467,5692763.0
76.4000015258789,46.15232467651367,0.03407325968146324,0.03760723024606705,859.0372924804688,-0.1260240226984024,1116.549560546875,-0.0047730738297104836,1043.7303466796875,-0.09359703958034515,1135.802490234375,0.24208790063858032,0.7418652772903442,0.6276996731758118,0.7248995900154114,0.8809513449668884,1.0022939443588257,1.0563095808029175,0.00446111336350441,0.01468657050281763,0.042446937412023544,0.059145987033843994,0.06285247206687927,0.05697992071509361,6.45768928527832,1.0762815475463867,0.05232963711023331,0.001510714995674789,0.2275492250919342,2.7961299419403076,5692557.0
76.5,46.15597152709961,0.03649348020553589,0.024202212691307068,859.02490234375,-0.1220833957195282,1116.5494384765625,0.0023233811371028423,1043.7213134765625,-0.087191641330719,1135.8270263671875,0.24869517982006073,0.7423145174980164,0.6291744112968445,0.7291499972343445,0.8868551254272461,1.0085341930389404,1.0619425773620605,0.004524238407611847,0.014807923696935177,0.042559392750263214,0.058927226811647415,0.06195289269089699,0.05569134280085564,6.488777160644531,1.0814628601074219,0.05139948055148125,0.0015065654879435897,0.22692421078681946,2.796031951904297,5692357.5
76.5999984741211,46.159767150878906,0.03794664889574051,0.014531699940562248,859.0128784179688,-0.11812753975391388,1116.5499267578125,0.009364637546241283,1043.712890625,-0.08081073313951492,1135.8521728515625,0.2551693618297577,0.7427700757980347,0.630661129951477,0.7334110140800476,0.8927360773086548,1.0146846771240234,1.0674524307250977,0.0045861741527915,0.014926169998943806,0.04266054555773735,0.05869026482105255,0.061059094965457916,0.05451756343245506,6.519367218017578,1.0865612030029297,0.05063088983297348,0.0015022497391328216,0.22627416253089905,2.7959370613098145,5692164.0
76.69999694824219,46.16364669799805,0.03880193829536438,0.008552868850529194,859.0012817382812,-0.11415832489728928,1116.55126953125,0.016355473548173904,1043.705078125,-0.07445533573627472,1135.8780517578125,0.26153185963630676,0.7432317137718201,0.6321595311164856,0.7376816868782043,0.8985925912857056,1.0207465887069702,1.0728507041931152,0.004647089634090662,0.015041730366647243,0.04275203496217728,0.05843939632177353,0.060180842876434326,0.053461141884326935,6.549535751342773,1.091589331626892,0.04996749386191368,0.0014978178078308702,0.22560660541057587,2.7958452701568604,5691977.5
76.80000305175781,46.16758346557617,0.039368048310279846,0.0056611024774611,858.9900512695312,-0.11017753928899765,1116.55322265625,0.02329840511083603,1043.697998046875,-0.0681261271238327,1135.904541015625,0.26779529452323914,0.7436994314193726,0.633669376373291,0.7419611215591431,0.9044234752655029,1.026721715927124,1.0781488418579102,0.0047070845030248165,0.015154853463172913,0.04283486306667328,0.058177221566438675,0.05932283774018288,0.05251101404428482,6.579326152801514,1.0965542793273926,0.04935885965824127,0.0014932944905012846,0.22492527961730957,2.7957565784454346,5691797.0
76.9000015258789,46.171566009521484,0.03981545940041542,0.004474122077226639,858.979248046875,-0.10618691146373749,1116.555908203125,0.03019430860877037,1043.6915283203125,-0.06182364374399185,1135.9315185546875,0.27396607398986816,0.7441731095314026,0.6351904273033142,0.7462483644485474,0.9102276563644409,1.0326120853424072,1.0833563804626465,0.004766208119690418,0.015265668742358685,0.04290957376360893,0.0579051747918129,0.05848640203475952,0.051649726927280426,6.608760356903076,1.1014600992202759,0.04877564311027527,0.0014886899152770638,0.22423171997070312,2.795670986175537,5691623.0
77.0,46.17558288574219,0.040157500654459,0.003420414635911584,858.9688110351562,-0.10218805074691772,1116.559326171875,0.03704354166984558,1043.6856689453125,-0.05554835870862007,1135.959228515625,0.28004851937294006,0.7446526288986206,0.6367224454879761,0.7505427002906799,0.9160041809082031,1.0384198427200317,1.0884815454483032,0.004824493546038866,0.0153742590919137,0.04297654703259468,0.057624250650405884,0.05767170712351799,0.050861068069934845,6.637853145599365,1.1063088178634644,0.04821501299738884,0.001484013395383954,0.22352734208106995,2.795588731765747,5691455.5
77.0999984741211,46.179630279541016,0.040489695966243744,0.0033219442702829838,858.9588012695312,-0.09818251430988312,1116.5633544921875,0.04384593665599823,1043.680419921875,-0.04930074140429497,1135.987548828125,0.2860448360443115,0.7451379895210266,0.6382651925086975,0.7548433542251587,0.9217521548271179,1.0441471338272095,1.0935308933258057,0.004881957545876503,0.01548067107796669,0.04303601756691933,0.05733506754040718,0.05687793344259262,0.050129830837249756,6.6666107177734375,1.111101746559143,0.04765932634472847,0.0014792663278058171,0.22281232476234436,2.7955095767974854,5691294.0
77.19999694824219,46.183719635009766,0.04087013006210327,0.0038043370004743338,858.9491577148438,-0.09417178481817245,1116.568115234375,0.05060070380568504,1043.67578125,-0.043081287294626236,1136.0164794921875,0.29195502400398254,0.7456290125846863,0.6398184895515442,0.7591496109962463,0.927470862865448,1.0497961044311523,1.0985091924667358,0.00493859825655818,0.01558490376919508,0.043088048696517944,0.057037800550460815,0.056103192269802094,0.049441147595644,6.695032596588135,1.1158387660980225,0.047096848487854004,0.0014744452200829983,0.22208614647388458,2.795433521270752,5691139.5
77.30000305175781,46.18785858154297,0.041403185576200485,0.005330566316843033,858.93994140625,-0.09015727043151855,1116.573486328125,0.05730621516704559,1043.6717529296875,-0.03689058497548103,1136.0460205078125,0.29777613282203674,0.7461256384849548,0.6413820385932922,0.7634606957435608,0.9331594109535217,1.055368423461914,1.1034201383590698,0.004994390532374382,0.01568690314888954,0.04313249513506889,0.056732114404439926,0.0553443469107151,0.04877953231334686,6.723106384277344,1.1205177307128906,0.04650691896677017,0.0014695378486067057,0.22134697437286377,2.795360803604126,5690991.0
77.4000015258789,46.192100524902344,0.04244090989232063,0.010377231054008007,858.93115234375,-0.08614031970500946,1116.5794677734375,0.06395839899778366,1043.6683349609375,-0.030729420483112335,1136.0760498046875,0.30349716544151306,0.7466278672218323,0.6429557204246521,0.7677757740020752,0.9388168454170227,1.0608654022216797,1.1082651615142822,0.005049244966357946,0.01578644849359989,0.043168626725673676,0.056416209787130356,0.054594479501247406,0.048120930790901184,6.750791549682617,1.1251319646835327,0.045822400599718094,0.0014645028859376907,0.2205885797739029,2.7952911853790283,5690849.5
77.5,46.19651412963867,0.04411305859684944,0.01672149822115898,858.9227294921875,-0.08212225884199142,1116.5863037109375,0.07055090367794037,1043.6656494140625,-0.024598950520157814,1136.106689453125,0.3090999126434326,0.7471354603767395,0.6445392370223999,0.7720940113067627,0.944442093372345,1.0662872791290283,1.113043189048767,0.00510301161557436,0.015883183106780052,0.04319518432021141,0.05608702450990677,0.053843677043914795,0.04743648320436478,6.77802038192749,1.1296700239181519,0.04501316696405411,0.0014592882944270968,0.21980313956737518,2.795224666595459,5690714.0
77.5999984741211,46.20112609863281,0.04613001272082329,0.020169544965028763,858.9147338867188,-0.07810436189174652,1116.5936279296875,0.07707800716161728,1043.6634521484375,-0.018500741571187973,1136.1378173828125,0.31456902623176575,0.7476484179496765,0.6461322903633118,0.7764143943786621,0.9500336050987244,1.0716336965560913,1.117750644683838,0.005155565217137337,0.01597680151462555,0.04321114346385002,0.05574212223291397,0.05308426544070244,0.04670904576778412,6.80473518371582,1.1341224908828735,0.04412542283535004,0.0014538661343976855,0.21898643672466278,2.795161247253418,5690585.0
77.69999694824219,46.20594787597656,0.048202790319919586,0.02072778344154358,858.9071044921875,-0.07408791035413742,1116.6016845703125,0.08353616297245026,1043.661865234375,-0.012436598539352417,1136.1695556640625,0.31989729404449463,0.7481665015220642,0.6477344632148743,0.7807357907295227,0.9555898308753967,1.0769035816192627,1.1223831176757812,0.005206844303756952,0.01606716215610504,0.04321606457233429,0.055380553007125854,0.05231310799717903,0.04593771696090698,6.830907821655273,1.1384847164154053,0.043209098279476166,0.0014482325641438365,0.21813789010047913,2.7951011657714844,5690463.0
77.80000305175781,46.21100616455078,0.05059758946299553,0.023947985842823982,858.89990234375,-0.0700741782784462,1116.6103515625,0.08992120623588562,1043.6610107421875,-0.006408450659364462,1136.2017822265625,0.3250754773616791,0.7486897110939026,0.6493455767631531,0.7850571274757385,0.9611090421676636,1.0820956230163574,1.1269360780715942,0.0052567715756595135,0.016154078766703606,0.04320936277508736,0.05500105395913124,0.05152631923556328,0.04511851444840431,6.856503009796143,1.1427505016326904,0.04221465811133385,0.0014423615066334605,0.21725358068943024,2.795044183731079,5690347.0
77.9000015258789,46.216392517089844,0.053857557475566864,0.032599665224552155,858.89306640625,-0.06606443971395493,1116.61962890625,0.09622478485107422,1043.66064453125,-0.0004185474244877696,1136.234619140625,0.33008068799972534,0.7492178082466125,0.65096515417099,0.7893771529197693,0.9665891528129578,1.0872077941894531,1.1314038038253784,0.005305158905684948,0.016237100586295128,0.04318947345018387,0.05459990352392197,0.05071355029940605,0.04422760382294655,6.881435394287109,1.1469058990478516,0.041038088500499725,0.0014361822977662086,0.21632283926010132,2.7949905395507812,5690237.5
78.0,46.22218704223633,0.0579315647482872,0.04074006527662277,858.8866577148438,-0.06206000968813896,1116.6295166015625,0.10243638604879379,1043.660888671875,0.005530302878469229,1136.267822265625,0.33488380908966064,0.7497506737709045,0.6525927782058716,0.7936944365501404,0.9720278978347778,1.0922367572784424,1.135777473449707,0.0053517683409154415,0.016315648332238197,0.043154384940862656,0.054172370582818985,0.04986220598220825,0.04323791712522507,6.9055962562561035,1.1509326696395874,0.03968050703406334,0.0014296279987320304,0.21533562242984772,2.7949399948120117,5690134.5
78.0999984741211,46.228458404541016,0.06271254271268845,0.04780977964401245,858.8806762695312,-0.058062221854925156,1116.64013671875,0.10854557156562805,1043.6617431640625,0.011434724554419518,1136.301513671875,0.33945727348327637,0.7502880692481995,0.6542280912399292,0.7980073690414429,0.9774224162101746,1.0971782207489014,1.1400463581085205,0.005396371707320213,0.01638917438685894,0.0431022122502327,0.0537140890955925,0.04896138980984688,0.042131152004003525,6.928882122039795,1.1548137664794922,0.0381544791162014,0.001422641333192587,0.21428325772285461,2.7948925495147705,5690037.5
78.19999694824219,46.235267639160156,0.06810984015464783,0.05397295579314232,858.8750610351562,-0.054072484374046326,1116.6512451171875,0.1145421639084816,1043.6632080078125,0.017290852963924408,1136.335693359375,0.34377551078796387,0.7508298754692078,0.6558704376220703,0.8023141026496887,0.9827693700790405,1.1020265817642212,1.1441982984542847,0.005438757594674826,0.016457168385386467,0.043031223118305206,0.053221188485622406,0.04800202697515488,0.0408964604139328,6.951197147369385,1.1585328578948975,0.03647138178348541,0.0014151721261441708,0.21315822005271912,2.7948482036590576,5689947.5
78.30000305175781,46.24265670776367,0.07388065755367279,0.05770821124315262,858.869873046875,-0.05009227618575096,1116.6629638671875,0.12041715532541275,1043.6651611328125,0.02309443987905979,1136.3702392578125,0.3478180170059204,0.7513757348060608,0.6575192809104919,0.8066127896308899,0.9880651235580444,1.1067758798599243,1.1482203006744385,0.005478754639625549,0.016519220545887947,0.04294007644057274,0.052690792828798294,0.046978242695331573,0.03953324258327484,6.972461700439453,1.1620769500732422,0.0346728079020977,0.001407190808095038,0.21195605397224426,2.794806957244873,5689863.5
78.4000015258789,46.2506217956543,0.07966111600399017,0.05780456215143204,858.8650512695312,-0.046123165637254715,1116.67529296875,0.12616418302059174,1043.6678466796875,0.028841041028499603,1136.4052734375,0.3515738546848297,0.751925528049469,0.6591740250587463,0.8109012842178345,0.9933059215545654,1.1114195585250854,1.1521000862121582,0.005516267381608486,0.016575109213590622,0.04282813146710396,0.052121829241514206,0.04588930681347847,0.03805539384484291,6.992632865905762,1.1654387712478638,0.03282616287469864,0.0013986979611217976,0.21067681908607483,2.794769048690796,5689786.5
78.5,46.25912857055664,0.0850551575422287,0.053940411657094955,858.8606567382812,-0.04216679185628891,1116.688232421875,0.13178037106990814,1043.6710205078125,0.034526288509368896,1136.4405517578125,0.35504427552223206,0.7524788975715637,0.660834014415741,0.8151775598526001,0.9984879493713379,1.1159512996673584,1.1558276414871216,0.00555129861459136,0.016624854877591133,0.042695630341768265,0.05151544138789177,0.044740527868270874,0.03649159148335457,7.011709213256836,1.1686182022094727,0.031008854508399963,0.0013897271128371358,0.20932559669017792,2.794734001159668,5689715.5
78.5999984741211,46.26812744140625,0.09000662714242935,0.049514688551425934,858.8566284179688,-0.03822486102581024,1116.70166015625,0.13726487755775452,1043.6746826171875,0.0401461161673069,1136.476318359375,0.3582369089126587,0.7530356645584106,0.6624987125396729,0.8194395899772644,1.0036076307296753,1.1203656196594238,1.1593959331512451,0.005583904683589935,0.01666860468685627,0.04254329577088356,0.05087392032146454,0.04353997856378555,0.034873031079769135,7.029715538024902,1.171619176864624,0.02923789620399475,0.00138031633105129,0.20790810883045197,2.7947022914886475,5689650.5
78.69999694824219,46.27755355834961,0.0942688062787056,0.04262183979153633,858.8529663085938,-0.03429913520812988,1116.7156982421875,0.14261896908283234,1043.678955078125,0.04569685459136963,1136.51220703125,0.36116594076156616,0.7535955905914307,0.6641675233840942,0.8236854672431946,1.0086615085601807,1.1246576309204102,1.1628011465072632,0.00561419315636158,0.016706636175513268,0.04237230867147446,0.050200656056404114,0.04229830950498581,0.033233098685741425,7.046698093414307,1.1744496822357178,0.027566617354750633,0.001370524289086461,0.20643319189548492,2.7946736812591553,5689592.5
78.80000305175781,46.28734588623047,0.09790331870317459,0.03634507954120636,858.8497314453125,-0.030391398817300797,1116.730224609375,0.1478450447320938,1043.683837890625,0.05117535591125488,1136.5484619140625,0.36384841799736023,0.7541584372520447,0.6658398509025574,0.8279134035110474,1.0136466026306152,1.12882399559021,1.166042685508728,0.005642296280711889,0.016739284619688988,0.04218405485153198,0.04949948564171791,0.04102673754096031,0.03160114958882332,7.06271505355835,1.1771191358566284,0.025991573929786682,0.0013604044215753675,0.20490890741348267,2.7946481704711914,5689540.5
78.9000015258789,46.29747772216797,0.10130572319030762,0.03402407467365265,858.846923828125,-0.026503443717956543,1116.7452392578125,0.15294361114501953,1043.689208984375,0.05657888203859329,1136.5849609375,0.3662940263748169,0.7547239661216736,0.6675151586532593,0.8321216702461243,1.0185602903366089,1.1328619718551636,1.1691219806671143,0.005668287631124258,0.016766740009188652,0.041979383677244186,0.04877282306551933,0.03973202407360077,0.029988236725330353,7.077798366546631,1.1796331405639648,0.024444952607154846,0.0013499772176146507,0.20333832502365112,2.794625759124756,5689494.5
79.0,46.30794143676758,0.10465867072343826,0.03352944180369377,858.844482421875,-0.02263706363737583,1116.7608642578125,0.15791316330432892,1043.6951904296875,0.0619048997759819,1136.6217041015625,0.36850506067276,0.7552919983863831,0.6691929697990417,0.8363085985183716,1.0234001874923706,1.1367695331573486,1.1720408201217651,0.00569218210875988,0.01678904891014099,0.04175858944654465,0.04802168905735016,0.03841674327850342,0.028391655534505844,7.091953754425049,1.1819922924041748,0.022895315662026405,0.0013392481487244368,0.20172227919101715,2.7946062088012695,5689455.0
79.0999984741211,46.31874084472656,0.10800749808549881,0.03348832204937935,858.8424072265625,-0.018794037401676178,1116.77685546875,0.1627514809370041,1043.70166015625,0.06715095043182373,1136.65869140625,0.37048110365867615,0.755862295627594,0.6708728075027466,0.8404726982116699,1.0281636714935303,1.1405445337295532,1.1748005151748657,0.005713971331715584,0.01680620200932026,0.04152177274227142,0.047246579080820084,0.03708193078637123,0.026805387809872627,7.105175971984863,1.1841959953308105,0.021335162222385406,0.0013282186118885875,0.20006097853183746,2.7945897579193115,5689421.5
79.19999694824219,46.329864501953125,0.11123925447463989,0.03231751546263695,858.8406982421875,-0.01497613824903965,1116.7933349609375,0.16745685040950775,1043.7086181640625,0.07231462746858597,1136.69580078125,0.372223436832428,0.7564346790313721,0.6725540161132812,0.8446123600006104,1.032848596572876,1.144185185432434,1.1774020195007324,0.0057336632162332535,0.016818227246403694,0.04126916825771332,0.046448301523923874,0.03572944551706314,0.02522772178053856,7.117467403411865,1.1862444877624512,0.019786525517702103,0.0013168996665626764,0.19835607707500458,2.794576644897461,5689394.5
79.30000305175781,46.34129333496094,0.11427857726812363,0.030393246561288834,858.83935546875,-0.011185120791196823,1116.810302734375,0.172028586268425,1043.716064453125,0.07739364355802536,1136.733154296875,0.3737363815307617,0.757008969783783,0.6742362380027771,0.8487259149551392,1.0374524593353271,1.1476898193359375,1.1798462867736816,0.005751288030296564,0.01682521030306816,0.04100121930241585,0.045628178864717484,0.03436245396733284,0.023661833256483078,7.12883996963501,1.1881400346755981,0.018265200778841972,0.001305308542214334,0.19661016762256622,2.7945661544799805,5689373.5
79.4000015258789,46.352962493896484,0.11668536812067032,0.02406792901456356,858.8384399414062,-0.007422723341733217,1116.8277587890625,0.17646895349025726,1043.7239990234375,0.08238596469163895,1136.7705078125,0.37503400444984436,0.7575848698616028,0.6759188771247864,0.8528119921684265,1.0419734716415405,1.1510573625564575,1.1821354627609253,0.005766956135630608,0.016827428713440895,0.04071907326579094,0.04478926584124565,0.03298871964216232,0.02212509512901306,7.139342784881592,1.1898905038833618,0.016856912523508072,0.0012934989063069224,0.19483137130737305,2.7945587635040283,5689358.5
79.5,46.36482620239258,0.11864954978227615,0.019641797989606857,858.837890625,-0.0036906516179442406,1116.8455810546875,0.1807810664176941,1043.7325439453125,0.087289959192276,1136.80810546875,0.3761323392391205,0.758162260055542,0.6776015162467957,0.8568692207336426,1.0464097261428833,1.154287576675415,1.1842730045318604,0.005780794192105532,0.016825206577777863,0.04042402282357216,0.043934907764196396,0.03161637485027313,0.020633336156606674,7.149031162261963,1.1915051937103271,0.015530865639448166,0.0012815088266506791,0.1930253803730011,2.7945544719696045,5689349.5
79.5999984741211,46.376834869384766,0.12005703896284103,0.01407491322606802,858.8377075195312,9.433461855223868e-06,1116.8638916015625,0.18496853113174438,1043.741455078125,0.09210439026355743,1136.8458251953125,0.3770480751991272,0.7587409615516663,0.6792837381362915,0.8608963489532471,1.0507599115371704,1.1573809385299683,1.1862642765045166,0.005792935378849506,0.016818873584270477,0.04011739790439606,0.043068479746580124,0.03025328926742077,0.019199805334210396,7.15796422958374,1.1929939985275269,0.014312841929495335,0.0012693856842815876,0.19119934737682343,2.79455304145813,5689346.5
79.69999694824219,46.38893508911133,0.12102416157722473,0.009671186096966267,858.837890625,0.003675928572192788,1116.882568359375,0.189035102725029,1043.7509765625,0.0968283861875534,1136.883544921875,0.3777976632118225,0.7593207955360413,0.6809651851654053,0.864892303943634,1.0550230741500854,1.1603388786315918,1.1881155967712402,0.005803510546684265,0.01680876314640045,0.0398004911839962,0.0421932153403759,0.028906553983688354,0.01783393695950508,7.166199684143066,1.1943665742874146,0.013184967450797558,0.0012571669649332762,0.1893589347600937,2.7945544719696045,5689349.5
79.80000305175781,46.401123046875,0.1218739002943039,0.008497425355017185,858.8384399414062,0.007307298015803099,1116.9017333984375,0.19298270344734192,1043.7608642578125,0.10146138817071915,1136.92138671875,0.37839025259017944,0.7599016427993774,0.6826453804969788,0.8688560724258423,1.059198260307312,1.1631630659103394,1.189833641052246,0.005812592804431915,0.01679505780339241,0.03947407379746437,0.041310977190732956,0.027579184621572495,0.01653205044567585,7.173769474029541,1.1956281661987305,0.012089277617633343,0.0012448637280613184,0.18750576674938202,2.7945587635040283,5689358.5
79.9000015258789,46.41341018676758,0.12288837134838104,0.010144680738449097,858.83935546875,0.01090207602828741,1116.921142578125,0.19681066274642944,1043.771240234375,0.10600288212299347,1136.959228515625,0.3788260519504547,0.7604832649230957,0.6843240261077881,0.8727867603302002,1.063284993171692,1.1658554077148438,1.1914238929748535,0.005820183549076319,0.016777772456407547,0.039138250052928925,0.040421951562166214,0.02626953087747097,0.015277881175279617,7.180673122406006,1.1967788934707642,0.01097311545163393,0.0012324629351496696,0.18563790619373322,2.7945659160614014,5689373.0
80.0,46.425804138183594,0.12391990423202515,0.010315367951989174,858.8406372070312,0.014458862133324146,1116.9410400390625,0.20051823556423187,1043.7821044921875,0.11045228689908981,1136.9970703125,0.37910470366477966,0.7610656023025513,0.6860007643699646,0.8766833543777466,1.0672824382781982,1.1684175729751587,1.1928905248641968,0.005826279520988464,0.016756901517510414,0.038793087005615234,0.039526231586933136,0.024975856766104698,0.014058726839721203,7.186909198760986,1.1978181600570679,0.009862956590950489,0.0012199641205370426,0.1837552934885025,2.7945759296417236,5689393.5
80.0999984741211,46.43828582763672,0.12483668327331543,0.00916777178645134,858.8422241210938,0.017976317554712296,1116.9613037109375,0.20410585403442383,1043.7933349609375,0.11480904370546341,1137.0350341796875,0.3792300522327423,0.7616484761238098,0.6876752972602844,0.8805450201034546,1.0711899995803833,1.1708511114120483,1.1942367553710938,0.0058309114538133144,0.016732530668377876,0.03843895345926285,0.03862464800477028,0.023698586970567703,0.01287120208144188,7.1924896240234375,1.198748230934143,0.00878284964710474,0.0012073778780177236,0.18185950815677643,2.794588804244995,5689419.5
80.19999694824219,46.45085906982422,0.12570475041866302,0.008680651895701885,858.84423828125,0.021453160792589188,1116.98193359375,0.20757409930229187,1043.8050537109375,0.11907266825437546,1137.0728759765625,0.3792060315608978,0.762231707572937,0.6893471479415894,0.8843708038330078,1.0750072002410889,1.1731579303741455,1.1954658031463623,0.005834110546857119,0.01670474000275135,0.03807622194290161,0.0377180352807045,0.022438205778598785,0.011712968349456787,7.197428226470947,1.1995713710784912,0.007720662746578455,0.0011947090970352292,0.17995129525661469,2.7946043014526367,5689451.5
80.30000305175781,46.46350860595703,0.12650059163570404,0.007958381436765194,858.8465576171875,0.024888167157769203,1117.0028076171875,0.21092355251312256,1043.817138671875,0.12324271351099014,1137.11083984375,0.3790363073348999,0.7628152370452881,0.6910160779953003,0.8881599307060242,1.0787334442138672,1.1753394603729248,1.196580410003662,0.0058359066024422646,0.016673611477017403,0.03770525008440018,0.03680717572569847,0.02119503915309906,0.010581946931779385,7.201736927032471,1.2002894878387451,0.0066811395809054375,0.0011819647625088692,0.17803169786930084,2.7946226596832275,5689488.5
80.4000015258789,46.47620391845703,0.12697231769561768,0.00471728527918458,858.8491821289062,0.028280174359679222,1117.0240478515625,0.2141563892364502,1043.8297119140625,0.127318874001503,1137.148681640625,0.37872976064682007,0.7633988261222839,0.6926817297935486,0.8919115662574768,1.0823684930801392,1.1773977279663086,1.197583556175232,0.005836371798068285,0.016639327630400658,0.03732676804065704,0.0358937606215477,0.019971977919340134,0.00948459655046463,7.205447673797607,1.2009079456329346,0.005712080746889114,0.0011691725812852383,0.17610490322113037,2.7946436405181885,5689531.5
80.5,46.488861083984375,0.12657462060451508,-0.00397696765139699,858.8521728515625,0.0316280759871006,1117.045654296875,0.21727898716926575,1043.8426513671875,0.1313011348247528,1137.1866455078125,0.3783089816570282,0.7639824748039246,0.6943438649177551,0.8956250548362732,1.0859122276306152,1.1793349981307983,1.1984797716140747,0.005835688207298517,0.01660233922302723,0.0369424894452095,0.03498191386461258,0.01877846196293831,0.00844659935683012,7.20864200592041,1.2014403343200684,0.0049178325571119785,0.0011564061278477311,0.1741819679737091,2.7946674823760986,5689579.5
80.5999984741211,46.501365661621094,0.12501226365566254,-0.01562361977994442,858.8555297851562,0.03493084758520126,1117.0675048828125,0.2203017771244049,1043.85595703125,0.1351901739835739,1137.224365234375,0.37780895829200745,0.7645659446716309,0.6960021257400513,0.8992999196052551,1.0893652439117432,1.1811552047729492,1.1992769241333008,0.005834140349179506,0.016563352197408676,0.036555033177137375,0.03407790884375572,0.017629355192184448,0.007506079506129026,7.211446762084961,1.2019078731536865,0.004358611535280943,0.0011437630746513605,0.17227762937545776,2.7946937084198,5689633.0
80.69999694824219,46.51362228393555,0.1225769966840744,-0.024352608248591423,858.8591918945312,0.03818756341934204,1117.0897216796875,0.22323527932167053,1043.86962890625,0.13898739218711853,1137.2620849609375,0.37726321816444397,0.7651492953300476,0.6976564526557922,0.9029360413551331,1.0927283763885498,1.1828632354736328,1.1999861001968384,0.0058320011012256145,0.01652303710579872,0.036166880279779434,0.03318759799003601,0.01653764583170414,0.006689390167593956,7.213984489440918,1.2023307085037231,0.0039864471182227135,0.0011313167633488774,0.1704029142856598,2.794722557067871,5689692.0
80.80000305175781,46.52553176879883,0.11908550560474396,-0.034914903342723846,858.8631591796875,0.041397422552108765,1117.1121826171875,0.22609078884124756,1043.8836669921875,0.1426948606967926,1137.2998046875,0.3767063319683075,0.7657323479652405,0.6993067264556885,0.906533420085907,1.096003532409668,1.1844655275344849,1.2006207704544067,0.005829553119838238,0.016482088714838028,0.035780586302280426,0.03231687843799591,0.015515906736254692,0.006018494721502066,7.216382026672363,1.2027302980422974,0.0038413498550653458,0.0011191557860001922,0.16857118904590607,2.7947540283203125,5689756.0
80.9000015258789,46.53696823120117,0.11438459903001785,-0.04700906202197075,858.867431640625,0.04455975815653801,1117.1348876953125,0.22888176143169403,1043.898193359375,0.14631538093090057,1137.3375244140625,0.37617871165275574,0.7663151621818542,0.7009528875350952,0.9100923538208008,1.0991928577423096,1.1859698295593262,1.2011969089508057,0.005827126558870077,0.01644132100045681,0.03539910167455673,0.03147256001830101,0.014578619971871376,0.00551883177831769,7.218787670135498,1.2031313180923462,0.003957157023251057,0.0011073814239352942,0.1667976975440979,2.794787883758545,5689825.0
81.0,46.547813415527344,0.10845296084880829,-0.059316352009773254,858.8720703125,0.04767408221960068,1117.157958984375,0.23162312805652618,1043.9129638671875,0.14985257387161255,1137.3751220703125,0.37572360038757324,0.7668977975845337,0.702595055103302,0.9136135578155518,1.1022993326187134,1.1873853206634521,1.2017326354980469,0.005825077649205923,0.01640160195529461,0.03502556309103966,0.030661797150969505,0.013740608468651772,0.005214106757193804,7.2213616371154785,1.20356023311615,0.004343858454376459,0.0010960964718833566,0.1650979071855545,2.7948243618011475,5689899.0
81.0999984741211,46.55794906616211,0.10136400908231735,-0.07088955491781235,858.8770141601562,0.0507400780916214,1117.1812744140625,0.23433025181293488,1043.9281005859375,0.1533108651638031,1137.41259765625,0.37538382411003113,0.7674802541732788,0.7042332887649536,0.9170979261398315,1.1053268909454346,1.1887226104736328,1.2022485733032227,0.00582375843077898,0.016363797709345818,0.034663066267967224,0.02989150583744049,0.013015403412282467,0.005121831316500902,7.2242631912231445,1.2040438652038574,0.004993967246264219,0.001085397438146174,0.16348637640476227,2.794863224029541,5689978.5
81.19999694824219,46.567291259765625,0.09340175986289978,-0.07962246984243393,858.8822021484375,0.05375763773918152,1117.204833984375,0.237017422914505,1043.943603515625,0.15669533610343933,1137.4501953125,0.3751967251300812,0.7680625915527344,0.7058678865432739,0.9205467104911804,1.1082795858383179,1.1899933815002441,1.2027661800384521,0.005823479499667883,0.016328662633895874,0.03431427478790283,0.029167428612709045,0.0124127846211195,0.005246974527835846,7.227631568908691,1.2046053409576416,0.0058601973578333855,0.0010753569658845663,0.16197405755519867,2.7949047088623047,5690062.5
81.30000305175781,46.575782775878906,0.0849071592092514,-0.08494599908590317,858.8877563476562,0.05672686547040939,1117.2286376953125,0.23969663679599762,1043.95947265625,0.16001157462596893,1137.4876708984375,0.3751903772354126,0.7686449885368347,0.7074991464614868,0.9239614009857178,1.1111624240875244,1.191210389137268,1.203306794166565,0.005824477411806583,0.01629677042365074,0.033981166779994965,0.028493506833910942,0.011937282048165798,0.005579644348472357,7.231574535369873,1.2052624225616455,0.006883188616484404,0.0010660190600901842,0.16056755185127258,2.7949483394622803,5690151.5
81.4000015258789,46.58340835571289,0.07626841217279434,-0.0863875150680542,858.8935546875,0.05964808911085129,1117.252685546875,0.24237698316574097,1043.9755859375,0.1632653921842575,1137.5252685546875,0.37538185715675354,0.7692275643348694,0.7091274261474609,0.9273436665534973,1.1139804124832153,1.1923860311508179,1.2038899660110474,0.005826899316161871,0.016268478706479073,0.033664900809526443,0.027871593832969666,0.011587676592171192,0.006095954217016697,7.236159324645996,1.206026554107666,0.007992539554834366,0.0010573952458798885,0.1592686027288437,2.7949941158294678,5690245.0
81.5,46.590187072753906,0.06778496503829956,-0.08483445644378662,858.899658203125,0.06252183020114899,1117.277099609375,0.2450646311044693,1043.9920654296875,0.16646258533000946,1137.562744140625,0.37577807903289795,0.7698104381561279,0.7107530236244202,0.930695116519928,1.1167387962341309,1.1935327053070068,1.2045323848724365,0.005830812733620405,0.016243943944573402,0.0333658903837204,0.027301663532853127,0.011357864364981651,0.006762773264199495,7.241416931152344,1.2069028615951538,0.00913193728774786,0.0010494719026610255,0.15807515382766724,2.7950425148010254,5690343.0
81.5999984741211,46.59613800048828,0.059511177241802216,-0.08273787051439285,858.9060668945312,0.06534881144762039,1117.3017578125,0.24776440858840942,1044.0089111328125,0.1696087270975113,1137.600341796875,0.37638118863105774,0.7703937888145447,0.7123763561248779,0.934017539024353,1.1194428205490112,1.194662094116211,1.2052476406097412,0.00583624467253685,0.016223227605223656,0.0330842025578022,0.026782836765050888,0.011239917948842049,0.0075482153333723545,7.2473602294921875,1.2078933715820312,0.010288654826581478,0.0010422306368127465,0.15698446333408356,2.795093059539795,5690446.0
81.69999694824219,46.60129928588867,0.0516275092959404,-0.07883668690919876,858.9127197265625,0.06812991946935654,1117.32666015625,0.25047963857650757,1044.0260009765625,0.1727091372013092,1137.6380615234375,0.3771887421607971,0.7709777355194092,0.7139977812767029,0.937312662601471,1.122097373008728,1.1957849264144897,1.2060459852218628,0.0058431862853467464,0.016206296160817146,0.03281955420970917,0.02631342224776745,0.011224261485040188,0.008421274833381176,7.253986358642578,1.2089977264404297,0.011425658129155636,0.0010356383863836527,0.15599149465560913,2.7951457500457764,5690553.5
81.80000305175781,46.605743408203125,0.044439494609832764,-0.07188014686107635,858.919677734375,0.0708661824464798,1117.351806640625,0.25321105122566223,1044.04345703125,0.17576876282691956,1137.67578125,0.37818974256515503,0.7715624570846558,0.7156177759170532,0.9405820965766907,1.1247073411941528,1.1969106197357178,1.2069343328475952,0.005851559340953827,0.016192952170968056,0.032571058720350266,0.025890231132507324,0.011297861114144325,0.00934565719217062,7.261260509490967,1.2102100849151611,0.012481989338994026,0.001029635895974934,0.1550873965024948,2.7952005863189697,5690665.0
81.9000015258789,46.60955047607422,0.038046907633543015,-0.06392587721347809,858.9268798828125,0.0735587626695633,1117.3773193359375,0.2559572458267212,1044.0611572265625,0.17879197001457214,1137.7137451171875,0.3793671131134033,0.772148072719574,0.7172365188598633,0.9438274502754211,1.127277135848999,1.1980475187301636,1.207916021347046,0.00586123438552022,0.016182873398065567,0.03233737871050835,0.025509044528007507,0.011445694603025913,0.010284864343702793,7.269125938415527,1.211521029472351,0.013433429412543774,0.0010241562267765403,0.15426203608512878,2.795257806777954,5690781.5
82.0,46.61279296875,0.03243512660264969,-0.05611780285835266,858.9343872070312,0.07620888948440552,1117.403076171875,0.25871604681015015,1044.0792236328125,0.1817825436592102,1137.751708984375,0.3807019591331482,0.7727347612380981,0.7188544273376465,0.9470500946044922,1.1298106908798218,1.1992021799087524,1.2089910507202148,0.005872067995369434,0.01617569848895073,0.032117053866386414,0.025165434926748276,0.011653033085167408,0.011208686046302319,7.2775187492370605,1.2129197120666504,0.014275956898927689,0.0010191333713009953,0.15350547432899475,2.7953169345855713,5690902.0
82.0999984741211,46.615543365478516,0.027500106021761894,-0.049350202083587646,858.942138671875,0.07881788909435272,1117.4290771484375,0.26148521900177,1044.0975341796875,0.1847437173128128,1137.789794921875,0.38217660784721375,0.7733225226402283,0.7204717993736267,0.9502513408660889,1.1323115825653076,1.2003800868988037,1.2101565599441528,0.005883925128728151,0.01617109216749668,0.03190872073173523,0.024855295196175575,0.011906882748007774,0.012096100486814976,7.286378383636475,1.214396357536316,0.015022408217191696,0.0010145101696252823,0.15280909836292267,2.7953782081604004,5691026.5
82.19999694824219,46.617820739746094,0.0227687805891037,-0.04731325805187225,858.9501342773438,0.08138708770275116,1117.455322265625,0.2642650306224823,1044.1162109375,0.1876782923936844,1137.828125,0.38378292322158813,0.7739115953445435,0.7220887541770935,0.9534323215484619,1.1347830295562744,1.201585292816162,1.2114089727401733,0.00589674711227417,0.016168905422091484,0.031711723655462265,0.02457633800804615,0.012199955061078072,0.012945660389959812,7.295679569244385,1.2159465551376343,0.01575566455721855,0.0010102689266204834,0.15217027068138123,2.7954413890838623,5691155.5
82.30000305175781,46.6196174621582,0.01796121895313263,-0.04807562008500099,858.9584350585938,0.08391787111759186,1117.48193359375,0.26705867052078247,1044.1351318359375,0.19058898091316223,1137.8665771484375,0.3855229318141937,0.7745019197463989,0.7237056493759155,0.9565941691398621,1.137228012084961,1.2028216123580933,1.2127450704574585,0.005910556297749281,0.016169188544154167,0.03152613714337349,0.024328181520104408,0.012530550360679626,0.013771465979516506,7.3054327964782715,1.2175720930099487,0.01652544178068638,0.0010064155794680119,0.15158985555171967,2.795506715774536,5691288.5
82.4000015258789,46.62092590332031,0.01310848630964756,-0.048527318984270096,858.9669189453125,0.08641163259744644,1117.5087890625,0.26986998319625854,1044.154296875,0.19347849488258362,1137.9052734375,0.38740113377571106,0.7750937342643738,0.7253227233886719,0.95973801612854,1.1396498680114746,1.2040928602218628,1.2141631841659546,0.005925395525991917,0.01617204025387764,0.03135222569108009,0.024110887199640274,0.012898297049105167,0.014587613753974438,7.315658092498779,1.2192763090133667,0.01732640527188778,0.0010029530385509133,0.1510683298110962,2.7955739498138428,5691425.5
82.5,46.621768951416016,0.008409562520682812,-0.04698924347758293,858.9757080078125,0.08886978775262833,1117.535888671875,0.2727016508579254,1044.173828125,0.19634956121444702,1137.944091796875,0.38941797614097595,0.775687038898468,0.7269401550292969,0.9628650546073914,1.1420514583587646,1.2054027318954468,1.2156627178192139,0.005941275041550398,0.016177482903003693,0.031189946457743645,0.023923782631754875,0.013300835154950619,0.015398459509015083,7.326359748840332,1.221060037612915,0.018122419714927673,0.0009998680325224996,0.15060365200042725,2.7956433296203613,5691566.0
82.5999984741211,46.6221923828125,0.004242358263581991,-0.04167203977704048,858.9846801757812,0.09129378199577332,1117.563232421875,0.2755534052848816,1044.193603515625,0.19920477271080017,1137.983154296875,0.391564279794693,0.776282012462616,0.7285583019256592,0.9659764170646667,1.1444357633590698,1.206754207611084,1.2172424793243408,0.00595812639221549,0.016185343265533447,0.031038563698530197,0.023764485493302345,0.013731268234550953,0.01619275100529194,7.3375091552734375,1.222918152809143,0.018842315301299095,0.0009971153922379017,0.15018904209136963,2.7957143783569336,5691711.0
82.69999694824219,46.622291564941406,0.0010115304030478,-0.03230828046798706,858.9939575195312,0.09368505328893661,1117.5909423828125,0.2784211337566376,1044.213623046875,0.20204629004001617,1138.0224609375,0.39381852746009827,0.7768787145614624,0.7301773428916931,0.9690731763839722,1.1468052864074707,1.2081496715545654,1.2188997268676758,0.005975781939923763,0.016195204108953476,0.030896440148353577,0.023628422990441322,0.014177086763083935,0.01694316416978836,7.349030494689941,1.224838376045227,0.01940697245299816,0.0009946163045242429,0.14981262385845184,2.7957875728607178,5691860.0
82.80000305175781,46.62218475341797,-0.001097002997994423,-0.021085333079099655,859.00341796875,0.09604504704475403,1117.6190185546875,0.2812977135181427,1044.2340087890625,0.2048756182193756,1138.0618896484375,0.3961501717567444,0.7774772047996521,0.7317973971366882,0.9721559882164001,1.1491621732711792,1.2095897197723389,1.2206281423568726,0.005994000006467104,0.016206467524170876,0.030761301517486572,0.023509519174695015,0.014622329734265804,0.017615599557757378,7.360815048217773,1.2268025875091553,0.019774863496422768,0.0009922765893861651,0.14946019649505615,2.7958624362945557,5692012.5
82.9000015258789,46.62196731567383,-0.002156607573851943,-0.010596045292913914,859.01318359375,0.09837514162063599,1117.647216796875,0.28417491912841797,1044.254638671875,0.20769351720809937,1138.1016845703125,0.3985269367694855,0.7780775427818298,0.7334186434745789,0.9752256274223328,1.1515076160430908,1.2110735177993774,1.2224185466766357,0.006012523081153631,0.016218503937125206,0.030630748718976974,0.023401524871587753,0.015051368623971939,0.01818159595131874,7.372748374938965,1.228791356086731,0.019951071590185165,0.0009900081204250455,0.14911851286888123,2.7959392070770264,5692169.0
83.0,46.621700286865234,-0.002667546272277832,-0.0051093874499201775,859.0231323242188,0.10067667067050934,1117.67578125,0.287046879529953,1044.2755126953125,0.21050015091896057,1138.1416015625,0.4009258449077606,0.7786797285079956,0.7350411415100098,0.9782822728157043,1.1538426876068115,1.2125989198684692,1.2242599725723267,0.00603116862475872,0.016230860725045204,0.030503088608384132,0.023300040513277054,0.015454418957233429,0.01863391138613224,7.3847479820251465,1.2307913303375244,0.020021457225084305,0.0009877650300040841,0.14878065884113312,2.79601788520813,5692329.0
83.0999984741211,46.62141036987305,-0.0029243624303489923,-0.002568161115050316,859.0333251953125,0.10295088589191437,1117.7047119140625,0.2899104654788971,1044.2967529296875,0.2132953256368637,1138.181884765625,0.40333452820777893,0.7792837619781494,0.7366648316383362,0.9813262820243835,1.15616774559021,1.2141631841659546,1.226141333580017,0.006049837917089462,0.01624329760670662,0.030377402901649475,0.023202672600746155,0.015827601775527,0.01898263581097126,7.396769046783447,1.2327948808670044,0.020036350935697556,0.0009855261305347085,0.14844341576099396,2.796098470687866,5692493.0
83.19999694824219,46.621089935302734,-0.003167529357597232,-0.002431669272482395,859.043701171875,0.1051989495754242,1117.7337646484375,0.29276469349861145,1044.318115234375,0.2160787731409073,1138.2222900390625,0.40574824810028076,0.779889702796936,0.7382897734642029,0.9843578338623047,1.1584833860397339,1.2157633304595947,1.228053092956543,0.0060684941709041595,0.01625572144985199,0.030253330245614052,0.0231084693223238,0.01617109775543213,0.01924675516784191,7.4087958335876465,1.2347992658615112,0.02003958821296692,0.0009832901414483786,0.1481066197156906,2.796180486679077,5692660.0
83.30000305175781,46.620765686035156,-0.0032507572323083878,-0.0008322804933413863,859.0543212890625,0.10742194950580597,1117.76318359375,0.29560840129852295,1044.3399658203125,0.21885019540786743,1138.262939453125,0.40816211700439453,0.7804974317550659,0.7399159669876099,0.9873769879341125,1.1607896089553833,1.2173962593078613,1.2299878597259521,0.006087098736315966,0.016268039122223854,0.030130503699183464,0.023016473278403282,0.016484953463077545,0.01944001205265522,7.420810222625732,1.2368017435073853,0.020003924146294594,0.0009810436749830842,0.14776825904846191,2.7962646484375,5692831.0
83.4000015258789,46.62047576904297,-0.0029133448842912912,0.003374123480170965,859.065185546875,0.10962087661027908,1117.79296875,0.2984383702278137,1044.3619384765625,0.2216091901063919,1138.303955078125,0.41056451201438904,0.7811070680618286,0.7415433526039124,0.9903839230537415,1.1630866527557373,1.2190589904785156,1.231938362121582,0.006105558481067419,0.016280023381114006,0.030008072033524513,0.022924533113837242,0.016765886917710304,0.019562523812055588,7.432770729064941,1.2387951612472534,0.019880296662449837,0.0009787516901269555,0.14742302894592285,2.7963502407073975,5693006.0
83.5,46.6202507019043,-0.002246156334877014,0.006671885494142771,859.0762939453125,0.11179668456315994,1117.8228759765625,0.3012508153915405,1044.38427734375,0.22435517609119415,1138.3450927734375,0.4129425585269928,0.7817185521125793,0.7431719303131104,0.9933785796165466,1.1653743982315063,1.220747947692871,1.2338974475860596,0.006123770028352737,0.016291419044137,0.029885096475481987,0.022830329835414886,0.017010245472192764,0.01961258426308632,7.4446306228637695,1.240771770477295,0.0196843184530735,0.0009763867710717022,0.14706681668758392,2.7964377403259277,5693184.0
83.5999984741211,46.6201286315918,-0.0012184218503534794,0.010277345776557922,859.0875244140625,0.1139502003788948,1117.8531494140625,0.3040418326854706,1044.4068603515625,0.22708730399608612,1138.386474609375,0.41528356075286865,0.7823318243026733,0.7448016405105591,0.9963608980178833,1.1676524877548218,1.2224594354629517,1.2358578443527222,0.006141630467027426,0.016301976516842842,0.029760653153061867,0.02273162268102169,0.017214709892868996,0.01958896592259407,7.456343650817871,1.2427239418029785,0.01940782740712166,0.000973918940871954,0.1466951072216034,2.7965269088745117,5693365.5
83.69999694824219,46.62015151977539,0.0002172755921492353,0.014356974512338638,859.0990600585938,0.11608218401670456,1117.8836669921875,0.30680686235427856,1044.4296875,0.22980454564094543,1138.4281005859375,0.4175732433795929,0.7829468846321106,0.7464323043823242,0.9993306398391724,1.1699204444885254,1.2241891622543335,1.2378120422363281,0.006159024313092232,0.016311412677168846,0.029633715748786926,0.022625945508480072,0.01737542450428009,0.019488265737891197,7.4678568840026855,1.2446428537368774,0.019039779901504517,0.00097131438087672,0.14630278944969177,2.7966179847717285,5693550.5
83.80000305175781,46.62038040161133,0.002311604330316186,0.020943287760019302,859.1107788085938,0.11819332093000412,1117.91455078125,0.3095393776893616,1044.4527587890625,0.23250557482242584,1138.469970703125,0.41979148983955383,0.7835636138916016,0.748063862323761,1.00228750705719,1.1721773147583008,1.2259324789047241,1.2397518157958984,0.00617578811943531,0.016319330781698227,0.029502835124731064,0.02250983938574791,0.017485927790403366,0.019298924133181572,7.479097366333008,1.246516227722168,0.018529972061514854,0.0009685183758847415,0.14588165283203125,2.79671049118042,5693739.0
83.9000015258789,46.620880126953125,0.004979166202247143,0.026675619184970856,859.1226806640625,0.12028416991233826,1117.945556640625,0.3122321665287018,1044.4761962890625,0.23518866300582886,1138.5120849609375,0.421916663646698,0.7841820120811462,0.7496960759162903,1.0052310228347778,1.174421787261963,1.2276840209960938,1.241667628288269,0.006191745400428772,0.016325300559401512,0.02936646156013012,0.022379642352461815,0.017539460211992264,0.019009895622730255,7.48998498916626,1.24833083152771,0.017891069874167442,0.0009654834866523743,0.14542452991008759,2.796804666519165,5693930.5
84.0,46.62168502807617,0.008036449551582336,0.030572835355997086,859.1348266601562,0.12235519289970398,1117.9769287109375,0.3148788809776306,1044.499755859375,0.23785172402858734,1138.554443359375,0.4239311218261719,0.7848019003868103,0.7513288259506226,1.0081604719161987,1.1766525506973267,1.2294378280639648,1.2435495853424072,0.006206751335412264,0.016328971832990646,0.029223348945379257,0.022232521325349808,0.017531784251332283,0.018618933856487274,7.500453948974609,1.2500755786895752,0.01715412549674511,0.0009621777571737766,0.14492660760879517,2.796900510787964,5694126.0
84.0999984741211,46.622798919677734,0.011165332980453968,0.03128883242607117,859.1471557617188,0.12440674006938934,1118.008544921875,0.317475289106369,1044.523681640625,0.2404925525188446,1138.596923828125,0.425825297832489,0.7854232788085938,0.7529617547988892,1.0110753774642944,1.1788675785064697,1.2311879396438599,1.2453876733779907,0.006220726296305656,0.01633014902472496,0.029072847217321396,0.02206716127693653,0.01746293157339096,0.018136395141482353,7.510467529296875,1.2517446279525757,0.01637752167880535,0.0009585958323441446,0.14438708126544952,2.7969980239868164,5694324.5
84.19999694824219,46.624229431152344,0.014293723739683628,0.0312839038670063,859.1597290039062,0.12643906474113464,1118.0404052734375,0.3200186491012573,1044.5478515625,0.2431088536977768,1138.6395263671875,0.4275946021080017,0.786046028137207,0.7545947432518005,1.0139747858047485,1.1810652017593384,1.2329280376434326,1.247173547744751,0.006233629304915667,0.01632874272763729,0.028914669528603554,0.021883176639676094,0.01733534410595894,0.017577338963747025,7.520007610321045,1.253334641456604,0.01557490136474371,0.0009547382942400873,0.14380605518817902,2.7970972061157227,5694526.0
84.30000305175781,46.625953674316406,0.017261620610952377,0.02967897057533264,859.1724243164062,0.12845228612422943,1118.0726318359375,0.3225072920322418,1044.5723876953125,0.2456984668970108,1138.682373046875,0.42923858761787415,0.7866699695587158,0.756227433681488,1.0168579816818237,1.1832435131072998,1.2346527576446533,1.2489006519317627,0.006245454773306847,0.016324739903211594,0.028748836368322372,0.02168094553053379,0.017153332009911537,0.016959412023425102,7.529069900512695,1.2548450231552124,0.01477835699915886,0.0009506194037385285,0.14318564534187317,2.7971978187561035,5694731.0
84.4000015258789,46.62794494628906,0.01990557834506035,0.02643957920372486,859.1853637695312,0.13044649362564087,1118.10498046875,0.3249412775039673,1044.5970458984375,0.24825941026210785,1138.725341796875,0.43076229095458984,0.7872951030731201,0.7578595876693726,1.0197242498397827,1.1854007244110107,1.2363568544387817,1.2505638599395752,0.006256239488720894,0.01631823740899563,0.02857576310634613,0.021461814641952515,0.01692352443933487,0.016304055228829384,7.537671089172363,1.2562785148620605,0.014021444134414196,0.0009462667512707412,0.14253003895282745,2.797300100326538,5694939.5
84.5,46.63016128540039,0.02217213809490204,0.022665586322546005,859.1985473632812,0.13242162764072418,1118.1375732421875,0.32732176780700684,1044.6219482421875,0.25078994035720825,1138.7685546875,0.43217408657073975,0.7879211902618408,0.759490966796875,1.0225728750228882,1.187535285949707,1.238035798072815,1.252160668373108,0.006266048178076744,0.016309397295117378,0.028396107256412506,0.02122771181166172,0.01665370725095272,0.015632491558790207,7.545839786529541,1.25764000415802,0.01331773865967989,0.0009417125838808715,0.14184407889842987,2.7974038124084473,5695150.5
84.5999984741211,46.632572174072266,0.024102456867694855,0.019303204491734505,859.2118530273438,0.1343776285648346,1118.17041015625,0.3296501636505127,1044.647216796875,0.2532886266708374,1138.811767578125,0.43348270654678345,0.7885482311248779,0.761121392250061,1.0254032611846924,1.189645767211914,1.2396862506866455,1.253690242767334,0.006274949759244919,0.01629839465022087,0.028210552409291267,0.020980577915906906,0.016351226717233658,0.014961223118007183,7.553605556488037,1.2589342594146729,0.012663224712014198,0.0009369855979457498,0.14113208651542664,2.7975094318389893,5695365.5
84.69999694824219,46.63509750366211,0.025256361812353134,0.011539031751453876,859.2254028320312,0.13631437718868256,1118.2034912109375,0.33193063735961914,1044.672607421875,0.25575441122055054,1138.855224609375,0.43470582365989685,0.7891761660575867,0.7627505660057068,1.0282148122787476,1.1917309761047363,1.2413052320480347,1.2551538944244385,0.006283083464950323,0.016285575926303864,0.028020424768328667,0.020723922178149223,0.01602727174758911,0.014316432178020477,7.561031818389893,1.260171890258789,0.01214605662971735,0.0009321512188762426,0.1404038965702057,2.7976162433624268,5695583.0
84.80000305175781,46.63766098022461,0.025606147944927216,0.0034978631883859634,859.2391357421875,0.13823169469833374,1118.23681640625,0.33416956663131714,1044.6983642578125,0.25818678736686707,1138.8988037109375,0.4358673095703125,0.7898048162460327,0.7643784284591675,1.031007170677185,1.193790316581726,1.2428913116455078,1.2565557956695557,0.006290642078965902,0.01627141237258911,0.027827491983771324,0.020462289452552795,0.01569523848593235,0.013727117329835892,7.568203449249268,1.2613672018051147,0.011776396073400974,0.0009272769675590098,0.139669731259346,2.797724723815918,5695804.0
84.9000015258789,46.64019775390625,0.02539183385670185,-0.002143129473552108,859.2530517578125,0.1401294469833374,1118.2703857421875,0.33637258410453796,1044.7242431640625,0.2605857849121094,1138.9423828125,0.43698742985725403,0.7904342412948608,0.7660048007965088,1.0337802171707153,1.1958234310150146,1.2444443702697754,1.2579022645950317,0.00629778765141964,0.016256310045719147,0.027633249759674072,0.020199457183480263,0.015365686267614365,0.013209625147283077,7.575193881988525,1.2625322341918945,0.01151459850370884,0.0009224104578606784,0.13893671333789825,2.797834634780884,5696027.5
85.0,46.64268493652344,0.024845130741596222,-0.005467039532959461,859.2671508789062,0.142007514834404,1118.3040771484375,0.3385436236858368,1044.75048828125,0.2629517614841461,1138.9862060546875,0.4380798637866974,0.7910643815994263,0.7676296830177307,1.0365338325500488,1.1978302001953125,1.2459648847579956,1.2592006921768188,0.006304631009697914,0.01624053716659546,0.027438705787062645,0.019937919452786446,0.015045121312141418,0.012766492553055286,7.582052707672119,1.2636754512786865,0.011321265250444412,0.000917579629458487,0.13820908963680267,2.7979462146759033,5696254.5
85.0999984741211,46.64511489868164,0.024296974763274193,-0.00548156164586544,859.2814331054688,0.14386576414108276,1118.3380126953125,0.34068426489830017,1044.77685546875,0.26528531312942505,1139.030029296875,0.4391494691371918,0.7916951775550842,0.7692528963088989,1.0392680168151855,1.1998111009597778,1.2474538087844849,1.260457992553711,0.006311212666332722,0.016224198043346405,0.027244221419095993,0.019678529351949692,0.014735227450728416,0.012386457994580269,7.588797569274902,1.2647995948791504,0.011135607957839966,0.0009127848315984011,0.13748687505722046,2.7980589866638184,5696484.5
85.19999694824219,46.64752197265625,0.024103106930851936,-0.0019386779749765992,859.2959594726562,0.14570413529872894,1118.3721923828125,0.34279289841651917,1044.803466796875,0.26758697628974915,1139.073974609375,0.4401904344558716,0.7923266291618347,0.7708745002746582,1.041982650756836,1.201766014099121,1.2489122152328491,1.2616794109344482,0.006317486055195332,0.016207177191972733,0.027049371972680092,0.019420171156525612,0.014432257041335106,0.012044879607856274,7.595407962799072,1.2659013271331787,0.01088967826217413,0.0009079966112039983,0.13676565885543823,2.798173427581787,5696717.5
85.30000305175781,46.64997100830078,0.024488233029842377,0.0038512679748237133,859.3106079101562,0.14752258360385895,1118.4066162109375,0.3448653221130371,1044.8304443359375,0.26985689997673035,1139.1180419921875,0.44118812680244446,0.792958676815033,0.7724943161010742,1.044677734375,1.2036950588226318,1.250340223312378,1.2628672122955322,0.006323333829641342,0.01618918962776661,0.026853103190660477,0.019160175696015358,0.014128423295915127,0.01171003095805645,7.601830005645752,1.2669717073440552,0.010538016445934772,0.0009031668305397034,0.1360381692647934,2.7982892990112305,5696953.5
85.4000015258789,46.65251541137695,0.02544853650033474,0.009603042155504227,859.325439453125,0.14932101964950562,1118.441162109375,0.34689608216285706,1044.8575439453125,0.2720949351787567,1139.1622314453125,0.4421248435974121,0.7935912609100342,0.7741122841835022,1.0473531484603882,1.2055978775024414,1.2517374753952026,1.264020562171936,0.00632861303165555,0.01616988517343998,0.026654141023755074,0.018895387649536133,0.013815052807331085,0.011353520676493645,7.6080002784729,1.2680000066757202,0.01007703598588705,0.0008982477011159062,0.1352972388267517,2.7984066009521484,5697192.0
85.5,46.65523147583008,0.027151955291628838,0.017034176737070084,859.3404541015625,0.15109939873218536,1118.4759521484375,0.3488783538341522,1044.884765625,0.27430036664009094,1139.2064208984375,0.4429789185523987,0.7942243814468384,0.7757282257080078,1.0500084161758423,1.2074737548828125,1.253102421760559,1.2651358842849731,0.00633314810693264,0.01614883728325367,0.026450932025909424,0.018622005358338356,0.013482139445841312,0.010947728529572487,7.6138386726379395,1.2689731121063232,0.009469570592045784,0.0008931774646043777,0.13453353941440582,2.798525333404541,5697433.5
85.5999984741211,46.65821075439453,0.029770812019705772,0.02618856355547905,859.3556518554688,0.15285761654376984,1118.510986328125,0.3508031666278839,1044.912353515625,0.27647197246551514,1139.2508544921875,0.44372257590293884,0.7948578596115112,0.7773419618606567,1.052643060684204,1.2093216180801392,1.2544325590133667,1.2662067413330078,0.00633671460673213,0.016125496476888657,0.026241485029459,0.018335221335291862,0.013117430731654167,0.010462542064487934,7.619243621826172,1.2698739767074585,0.008677566424012184,0.0008878802182152867,0.13373565673828125,2.798645257949829,5697678.0
85.69999694824219,46.66155242919922,0.033445924520492554,0.03675113245844841,859.3710327148438,0.1545954942703247,1118.546142578125,0.35265955328941345,1044.9400634765625,0.27860790491104126,1139.295166015625,0.44432246685028076,0.795491635799408,0.7789531946182251,1.0552563667297363,1.2111400365829468,1.2557240724563599,1.2672237157821655,0.006339040119200945,0.016099203377962112,0.026023419573903084,0.018029332160949707,0.012706849724054337,0.009866738691926003,7.624092102050781,1.2706820964813232,0.007668190635740757,0.0008822682430036366,0.13289035856723785,2.798766851425171,5697925.5
85.80000305175781,46.66537094116211,0.038183752447366714,0.047378260642290115,859.3865966796875,0.15631283819675446,1118.58154296875,0.3544352352619171,1044.968017578125,0.2807054817676544,1139.3397216796875,0.4447426497936249,0.796125590801239,0.780561625957489,1.057847261428833,1.2129265069961548,1.2569714784622192,1.2681742906570435,0.006339831743389368,0.016069240868091583,0.02579418569803238,0.01769830659031868,0.012236104346811771,0.00913276057690382,7.628252029418945,1.271375298500061,0.00643387995660305,0.000876253645401448,0.1319844126701355,2.798889636993408,5698175.5
85.9000015258789,46.669761657714844,0.04387671872973442,0.056929681450128555,859.4022827148438,0.15800927579402924,1118.6170654296875,0.3561178743839264,1044.9962158203125,0.28276142477989197,1139.3841552734375,0.44494837522506714,0.7967595458030701,0.7821668386459351,1.0604146718978882,1.214678406715393,1.2581682205200195,1.2690435647964478,0.0063388049602508545,0.016034921631217003,0.025551332160830498,0.017336484044790268,0.011692585423588753,0.008241537027060986,7.631593704223633,1.2719323635101318,0.004989113193005323,0.0008697574376128614,0.1310059279203415,2.79901385307312,5698428.5
86.0,46.674808502197266,0.05049614608287811,0.06619425117969513,859.4181518554688,0.15968437492847443,1118.6527099609375,0.35769495368003845,1045.024658203125,0.28477180004119873,1139.4287109375,0.4449060261249542,0.797393262386322,0.7837684154510498,1.0629569292068481,1.2163922786712646,1.25930655002594,1.2698153257369995,0.006335682701319456,0.01599557138979435,0.02529250644147396,0.016938529908657074,0.011065144091844559,0.007180036976933479,7.633991718292236,1.272331953048706,0.0033343040850013494,0.0008627033676020801,0.12994343042373657,2.7991392612457275,5698684.0
86.0999984741211,46.68061065673828,0.057994771748781204,0.07498627156019211,859.4342041015625,0.16133752465248108,1118.6885986328125,0.35915377736091614,1045.05322265625,0.286732017993927,1139.47314453125,0.44458267092704773,0.7980265617370605,0.7853657603263855,1.0654723644256592,1.2180644273757935,1.2603774070739746,1.2704719305038452,0.006330192554742098,0.015950536355376244,0.02501542493700981,0.016499370336532593,0.010343821719288826,0.005939336493611336,7.635322570800781,1.27255380153656,0.001474794466048479,0.0008550192578695714,0.12878601253032684,2.7992660999298096,5698942.0
86.19999694824219,46.68720245361328,0.06594779342412949,0.07953021675348282,859.450439453125,0.1629679799079895,1118.7244873046875,0.3604837656021118,1045.0819091796875,0.28863710165023804,1139.517578125,0.4439540207386017,0.7986592054367065,0.7869582772254944,1.067959189414978,1.2196904420852661,1.2613712549209595,1.270995855331421,0.006322131957858801,0.015899326652288437,0.024718452244997025,0.016015630215406418,0.009523699060082436,0.004525822587311268,7.63549280166626,1.2725821733474731,-0.0005106735043227673,0.0008466684957966208,0.12752820551395416,2.799394369125366,5699203.0
86.30000305175781,46.69461441040039,0.07409774512052536,0.08149953931570053,859.466796875,0.16457484662532806,1118.7606201171875,0.36167705059051514,1045.1109619140625,0.29048189520835876,1139.5618896484375,0.4430057406425476,0.7992908954620361,0.7885453701019287,1.0704152584075928,1.2212656736373901,1.2622780799865723,1.271370530128479,0.006311377510428429,0.01584165170788765,0.024400679394602776,0.015485788695514202,0.00860506109893322,0.002958880504593253,7.634445667266846,1.2724076509475708,-0.0025737727992236614,0.0008376361802220345,0.12616771459579468,2.7995235919952393,5699466.5
86.4000015258789,46.70283508300781,0.08221277594566345,0.08115031570196152,859.4833374023438,0.166157066822052,1118.796875,0.36272791028022766,1045.1400146484375,0.29226115345954895,1139.606201171875,0.4417312443256378,0.7999213933944702,0.7901263236999512,1.072838544845581,1.2227857112884521,1.263088345527649,1.271582007408142,0.006297866813838482,0.01577737368643284,0.024061769247055054,0.014909771271049976,0.007591975852847099,0.001264705671928823,7.632152080535889,1.2720253467559814,-0.004668254405260086,0.0008279266767203808,0.1247052401304245,2.799654245376587,5699732.5
86.5,46.711856842041016,0.09020785987377167,0.07995083928108215,859.5000610351562,0.1677134782075882,1118.8331298828125,0.36363208293914795,1045.1693115234375,0.29396989941596985,1139.6502685546875,0.44012874364852905,0.8005503416061401,0.791700541973114,1.0752267837524414,1.2242457866668701,1.263792872428894,1.2716189622879028,0.006281577982008457,0.01570644974708557,0.0237017460167408,0.014288374222815037,0.0064905560575425625,-0.0005298354080878198,7.628599643707275,1.2714332342147827,-0.006774452980607748,0.0008175516268238425,0.12314251065254211,2.799786329269409,5700001.0
86.5999984741211,46.72169876098633,0.09844343364238739,0.08235567808151245,859.5169067382812,0.1692427545785904,1118.86962890625,0.36438363790512085,1045.1988525390625,0.2956031858921051,1139.6942138671875,0.43819087743759155,0.8011775612831116,0.7932673692703247,1.0775779485702515,1.2256414890289307,1.2643829584121704,1.2714719772338867,0.0062624444253742695,0.01562872715294361,0.02332022227346897,0.01362136472016573,0.005303654354065657,-0.0024131841491907835,7.6237568855285645,1.270626187324524,-0.008956688456237316,0.0008064924622885883,0.12147674709558487,2.799919366836548,5700272.0
86.69999694824219,46.73240280151367,0.10704483836889267,0.08601406961679459,859.5338745117188,0.17074348032474518,1118.906005859375,0.3649749755859375,1045.228515625,0.29715609550476074,1139.7379150390625,0.43590447306632996,0.8018027544021606,0.7948260307312012,1.0798898935317993,1.2269681692123413,1.2648500204086304,1.271132230758667,0.0062403506599366665,0.015543941408395767,0.022916391491889954,0.01290745660662651,0.00403099600225687,-0.00438539357855916,7.617570877075195,1.2695951461791992,-0.011234665289521217,0.0007947201374918222,0.11970355361700058,2.800053596496582,5700545.5
86.80000305175781,46.74398422241211,0.1157885417342186,0.08743706345558167,859.551025390625,0.17221412062644958,1118.942626953125,0.3653993606567383,1045.25830078125,0.29862356185913086,1139.7813720703125,0.43325984477996826,0.8024255037307739,0.7963758707046509,1.0821603536605835,1.22822105884552,1.2651855945587158,1.2705910205841064,0.006215211469680071,0.015451891347765923,0.02248971164226532,0.01214603241533041,0.0026740729808807373,-0.006441036704927683,7.6100006103515625,1.2683334350585938,-0.013563811779022217,0.0007822243496775627,0.11782139539718628,2.800189256668091,5700821.0
86.9000015258789,46.756431579589844,0.12448004633188248,0.08691500872373581,859.568359375,0.17365305125713348,1118.9791259765625,0.3656519651412964,1045.2882080078125,0.3000006079673767,1139.824462890625,0.4302540421485901,0.8030456304550171,0.7979161143302917,1.084386944770813,1.2293953895568848,1.2653814554214478,1.2698407173156738,0.006186994258314371,0.015352512709796429,0.022040128707885742,0.011337704956531525,0.0012375611113384366,-0.008565950207412243,7.601029872894287,1.2668383121490479,-0.01590544730424881,0.0007690110360272229,0.115831159055233,2.800325870513916,5701099.5
87.0,46.769744873046875,0.1331319808959961,0.08651941269636154,859.5857543945312,0.1750585287809372,1119.0157470703125,0.36572882533073425,1045.3182373046875,0.30128243565559387,1139.8673095703125,0.4268864691257477,0.8036627769470215,0.7994460463523865,1.0865674018859863,1.2304867506027222,1.265429973602295,1.2688751220703125,0.00615568645298481,0.015245790593326092,0.02156776934862137,0.01048350054770708,-0.00027307411073707044,-0.010746006853878498,7.590651512145996,1.265108585357666,-0.018258757889270782,0.0007550851441919804,0.11373358964920044,2.8004636764526367,5701380.0
87.0999984741211,46.783878326416016,0.14132384955883026,0.08191867172718048,859.6033325195312,0.17642875015735626,1119.05224609375,0.36562854051589966,1045.3485107421875,0.30246445536613464,1139.909912109375,0.42316532135009766,0.8042766451835632,0.8009649515151978,1.0886995792388916,1.2314903736114502,1.2653241157531738,1.267689824104309,0.006121346727013588,0.015131880529224873,0.021073397248983383,0.009586004540324211,-0.0018484569154679775,-0.012957108207046986,7.5788893699646,1.2631481885910034,-0.020540617406368256,0.0007404867792502046,0.1115347370505333,2.800602436065674,5701662.5
87.19999694824219,46.798789978027344,0.14912301301956177,0.07799164950847626,859.6210327148438,0.17776183784008026,1119.0888671875,0.3653511703014374,1045.3787841796875,0.30354249477386475,1139.9520263671875,0.4191027283668518,0.8048869371414185,0.8024721741676331,1.0907812118530273,1.2324022054672241,1.2650580406188965,1.2662829160690308,0.006084065418690443,0.015011017210781574,0.020558055490255356,0.00864844024181366,-0.0034780334681272507,-0.015175426378846169,7.5657830238342285,1.260963797569275,-0.022760191932320595,0.0007252504001371562,0.10923977196216583,2.8007423877716064,5701947.5
87.30000305175781,46.814491271972656,0.15701059997081757,0.07887578755617142,859.638916015625,0.17905589938163757,1119.1253662109375,0.36489418148994446,1045.4091796875,0.30451273918151855,1139.99365234375,0.4147012531757355,0.8054933547973633,0.8039668798446655,1.0928103923797607,1.2332184314727783,1.2646265029907227,1.2646540403366089,0.006043856963515282,0.014883250929415226,0.020022086799144745,0.007672238163650036,-0.00515676848590374,-0.017397459596395493,7.551336765289307,1.2585561275482178,-0.02500191703438759,0.0007093699532561004,0.10684780776500702,2.8008832931518555,5702234.5
87.4000015258789,46.830997467041016,0.16505534946918488,0.08044756948947906,859.6568603515625,0.18030895292758942,1119.1617431640625,0.36425337195396423,1045.439697265625,0.3053714334964752,1140.034912109375,0.4099576771259308,0.8060956001281738,0.8054485321044922,1.0947848558425903,1.2339351177215576,1.2640246152877808,1.2628024816513062,0.00600068923085928,0.01474851369857788,0.019465414807200432,0.006657733116298914,-0.006882888730615377,-0.019629117101430893,7.535534381866455,1.2559223175048828,-0.027273617684841156,0.0006928337970748544,0.10435707122087479,2.801025390625,5702523.5
87.5,46.84831619262695,0.17322242259979248,0.08167068660259247,859.6749877929688,0.1815190315246582,1119.1981201171875,0.363424688577652,1045.47021484375,0.3061147928237915,1140.07568359375,0.4048691391944885,0.8066933751106262,0.8069162964820862,1.0967025756835938,1.2345484495162964,1.2632479667663574,1.2607271671295166,0.005954532418400049,0.014606748707592487,0.018887989223003387,0.005605332553386688,-0.008654540404677391,-0.021874111145734787,7.518360614776611,1.2530601024627686,-0.029566600918769836,0.0006756331422366202,0.10176624357700348,2.801168203353882,5702814.5
87.5999984741211,46.86648178100586,0.18162520229816437,0.08402783423662186,859.6931762695312,0.18268413841724396,1119.2344970703125,0.3624036908149719,1045.5008544921875,0.3067391812801361,1140.1158447265625,0.39943137764930725,0.8072863817214966,0.8083695769309998,1.0985615253448486,1.235054612159729,1.2622917890548706,1.2584264278411865,0.005905346479266882,0.014457867480814457,0.018289659172296524,0.004515164997428656,-0.010470753535628319,-0.024137528613209724,7.499796390533447,1.249966025352478,-0.03189970552921295,0.0006577495951205492,0.09907256066799164,2.801312208175659,5703107.5
87.69999694824219,46.88551330566406,0.19032159447669983,0.08696389198303223,859.7114868164062,0.18380221724510193,1119.2706298828125,0.3611854016780853,1045.5316162109375,0.3072408139705658,1140.155517578125,0.39363810420036316,0.807874321937561,0.8098075985908508,1.1003596782684326,1.2354499101638794,1.2611517906188965,1.255898118019104,0.005853074602782726,0.01430174708366394,0.017670126631855965,0.00338700320571661,-0.012331599369645119,-0.026426102966070175,7.479813098907471,1.2466355562210083,-0.03428085520863533,0.0006391599308699369,0.09627252072095871,2.801456928253174,5703402.0
87.80000305175781,46.90547180175781,0.19960102438926697,0.09279431402683258,859.7299194335938,0.18487122654914856,1119.306640625,0.3597630262374878,1045.562255859375,0.30761581659317017,1140.194580078125,0.387477308511734,0.8084568977355957,0.8112296462059021,1.1020946502685547,1.2357304096221924,1.2598234415054321,1.2531390190124512,0.005797613877803087,0.014138146303594112,0.017028681933879852,0.002219579415395856,-0.014240007847547531,-0.028753748163580894,7.4583635330200195,1.24306058883667,-0.03676046058535576,0.000619816652033478,0.09335897117853165,2.801602602005005,5703698.5
87.9000015258789,46.926422119140625,0.20948426425457,0.09883232414722443,859.7484741210938,0.18588906526565552,1119.342529296875,0.3581288158893585,1045.5931396484375,0.3078601360321045,1140.2330322265625,0.380933940410614,0.8090336918830872,0.8126348853111267,1.1037644147872925,1.2358921766281128,1.2583016157150269,1.250144600868225,0.0057388367131352425,0.01396676804870367,0.01636440120637417,0.0010111152660101652,-0.01620015874505043,-0.03113534115254879,7.435388088226318,1.2392313480377197,-0.03933904320001602,0.0005996704567223787,0.09032447636127472,2.8017489910125732,5703997.0
88.0,46.94841384887695,0.2199304699897766,0.10446204245090485,859.76708984375,0.18685361742973328,1119.3782958984375,0.35627520084381104,1045.6239013671875,0.30796948075294495,1140.270751953125,0.37399396300315857,0.8096045255661011,0.8140226602554321,1.105366587638855,1.2359309196472168,1.2565809488296509,1.2469087839126587,0.005676623433828354,0.01378733292222023,0.01567644253373146,-0.00023994168441276997,-0.018215421587228775,-0.03358059003949165,7.410830974578857,1.2351385354995728,-0.042007140815258026,0.0005786754772998393,0.08716213703155518,2.801896333694458,5704296.5
88.0999984741211,46.97148895263672,0.23074230551719666,0.10811835527420044,859.7858276367188,0.18776267766952515,1119.413818359375,0.3541957437992096,1045.6546630859375,0.3079393804073334,1140.3077392578125,0.36664798855781555,0.8101688623428345,0.815392017364502,1.1068987846374512,1.2358423471450806,1.2546560764312744,1.2434252500534058,0.005610891152173281,0.013599651865661144,0.014964299276471138,-0.001534273847937584,-0.02028662897646427,-0.03608984127640724,7.384652614593506,1.2307754755020142,-0.04472682252526283,0.0005568023188970983,0.08386753499507904,2.80204439163208,5704598.0
88.19999694824219,46.995662689208984,0.24175715446472168,0.11014854162931442,859.8046875,0.18861405551433563,1119.4490966796875,0.35188576579093933,1045.6854248046875,0.3077653646469116,1140.3441162109375,0.35889214277267456,0.810726523399353,0.8167422413825989,1.1083585023880005,1.2356222867965698,1.252521276473999,1.2396879196166992,0.005541602149605751,0.013403649441897869,0.014227883890271187,-0.0028715385124087334,-0.022411808371543884,-0.038654983043670654,7.3568339347839355,1.226138949394226,-0.04746653884649277,0.0005340353818610311,0.0804382935166359,2.8021929264068604,5704900.5
88.30000305175781,47.020957946777344,0.2529412508010864,0.11184103786945343,859.8235473632812,0.18940547108650208,1119.4842529296875,0.34934133291244507,1045.7161865234375,0.3074430525302887,1140.3795166015625,0.3507254719734192,0.8112770915031433,0.8180724382400513,1.109743356704712,1.2352663278579712,1.2501715421676636,1.2356916666030884,0.005468741990625858,0.013199304230511189,0.01346731185913086,-0.004250887781381607,-0.024587741121649742,-0.04126569628715515,7.327366352081299,1.221227765083313,-0.05021686106920242,0.0005103616858832538,0.07687247544527054,2.802342414855957,5705204.5
88.4000015258789,47.047420501708984,0.2646314799785614,0.11690209805965424,859.842529296875,0.19013462960720062,1119.51904296875,0.346557080745697,1045.7469482421875,0.306968092918396,1140.4141845703125,0.342141717672348,0.8118201494216919,0.8193817734718323,1.1110509634017944,1.2347702980041504,1.2476015090942383,1.2314321994781494,0.005392253398895264,0.012986493296921253,0.012682316824793816,-0.005672450177371502,-0.026814084500074387,-0.04392233490943909,7.29622220993042,1.2160370349884033,-0.05303257703781128,0.00048573987442068756,0.07316385209560394,2.802492380142212,5705510.0
88.5,47.07511520385742,0.2769254744052887,0.12294011563062668,859.861572265625,0.19079920649528503,1119.553466796875,0.34352630376815796,1045.777587890625,0.3063361346721649,1140.447998046875,0.3331303000450134,0.8123553395271301,0.8206693530082703,1.1122788190841675,1.2341300249099731,1.2448064088821411,1.2269043922424316,0.00531204417347908,0.012765005230903625,0.011872319504618645,-0.007137133274227381,-0.02909265086054802,-0.0466315820813179,7.263357639312744,1.210559606552124,-0.05592438206076622,0.00046012038365006447,0.06930495798587799,2.802642822265625,5705816.5
88.5999984741211,47.104068756103516,0.28955796360969543,0.12632490694522858,859.8806762695312,0.1913968324661255,1119.587646484375,0.34024369716644287,1045.8082275390625,0.30554261803627014,1140.4808349609375,0.32368534803390503,0.8128823637962341,0.8219344019889832,1.1134244203567505,1.233341097831726,1.2417807579040527,1.2221029996871948,0.005228061694651842,0.012534727342426777,0.01103709451854229,-0.008644958958029747,-0.031422749161720276,-0.04939110577106476,7.22874641418457,1.2047910690307617,-0.05884148180484772,0.00043347582686692476,0.06529165804386139,2.8027937412261963,5706124.0
88.69999694824219,47.13431167602539,0.3024328052997589,0.12874843180179596,859.8998413085938,0.19192510843276978,1119.62158203125,0.33670535683631897,1045.8387451171875,0.30458319187164307,1140.5126953125,0.3138061761856079,0.8134008049964905,0.8231759667396545,1.1144851446151733,1.232399344444275,1.2385196685791016,1.2170237302780151,0.0051402924582362175,0.012295642867684364,0.010176785290241241,-0.010195031762123108,-0.03380124643445015,-0.05219161510467529,7.192380428314209,1.1987301111221313,-0.06176414340734482,0.00040578682092018425,0.06112104281783104,2.802945137023926,5706432.0
88.80000305175781,47.1658821105957,0.315677672624588,0.13244874775409698,859.9190673828125,0.1923816204071045,1119.655029296875,0.3329073488712311,1045.869140625,0.3034535050392151,1140.5435791015625,0.30349135398864746,0.8139103055000305,0.8243931531906128,1.1154587268829346,1.2313003540039062,1.2350184917449951,1.2116625308990479,0.005048719234764576,0.012047724798321724,0.009291487745940685,-0.01178660523146391,-0.03622560203075409,-0.055027227848768234,7.154250144958496,1.1923749446868896,-0.06470933556556702,0.00037702315603382885,0.05678855627775192,2.8030970096588135,5706741.0
88.9000015258789,47.198814392089844,0.32933008670806885,0.13652397692203522,859.9383544921875,0.19276390969753265,1119.6881103515625,0.32884547114372253,1045.8994140625,0.30214932560920715,1140.5733642578125,0.2927384078502655,0.814410388469696,0.825585126876831,1.1163424253463745,1.2300403118133545,1.231272578239441,1.2060160636901855,0.004953315947204828,0.011790928430855274,0.008381223306059837,-0.013419130817055702,-0.03869396820664406,-0.05789497494697571,7.114340782165527,1.1857234239578247,-0.06767711043357849,0.00034715133369900286,0.05228916183114052,2.8032491207122803,5707051.0
89.0,47.23316955566406,0.34354346990585327,0.14213398098945618,859.9576416015625,0.19306950271129608,1119.7208251953125,0.32451483607292175,1045.9295654296875,0.300666481256485,1140.60205078125,0.2815428078174591,0.814900815486908,0.8267509937286377,1.1171339750289917,1.2286148071289062,1.2272776365280151,1.2000813484191895,0.004854039754718542,0.011525162495672703,0.007445859257131815,-0.015092463232576847,-0.04120570048689842,-0.06079588457942009,7.072630882263184,1.1787718534469604,-0.07068739831447601,0.00031612481689080596,0.047615837305784225,2.8034017086029053,5707361.5
89.0999984741211,47.268951416015625,0.35784807801246643,0.14304602146148682,859.9769287109375,0.1932959258556366,1119.7530517578125,0.3199130594730377,1045.95947265625,0.2990008294582367,1140.629638671875,0.26990777254104614,0.8153810501098633,0.8278898000717163,1.1178306341171265,1.2270201444625854,1.223029613494873,1.1938551664352417,0.004750911146402359,0.011250494979321957,0.006485835183411837,-0.01680503971874714,-0.043756309896707535,-0.06371858716011047,7.029128074645996,1.1715213060379028,-0.07365567982196808,0.00028393653337843716,0.04276752099394798,2.8035542964935303,5707672.0
89.19999694824219,47.30617141723633,0.3721763491630554,0.14328274130821228,859.9962768554688,0.19344067573547363,1119.7847900390625,0.31503957509994507,1045.9893798828125,0.29714855551719666,1140.656005859375,0.25784292817115784,0.8158508539199829,0.82900071144104,1.1184301376342773,1.2252522706985474,1.2185249328613281,1.1873365640640259,0.004644001368433237,0.010967117734253407,0.005502046085894108,-0.0185542032122612,-0.046338554471731186,-0.06664521992206573,6.983860969543457,1.1639769077301025,-0.07656867802143097,0.0002505849697627127,0.03774399310350418,2.8037071228027344,5707983.0
89.30000305175781,47.34483337402344,0.38664063811302185,0.14464294910430908,860.015625,0.1935012936592102,1119.8160400390625,0.30989399552345276,1046.0189208984375,0.29510608315467834,1140.68115234375,0.24535709619522095,0.8163096904754639,0.830082893371582,1.1189301013946533,1.2233078479766846,1.2137606143951416,1.1805256605148315,0.004533377476036549,0.010675210505723953,0.004495331086218357,-0.020337486639618874,-0.048946112394332886,-0.0695633515715599,6.936858654022217,1.156143069267273,-0.0794394463300705,0.00021605902293231338,0.032543573528528214,2.8038599491119385,5708294.5
89.4000015258789,47.38494110107422,0.40107452869415283,0.14433880150318146,860.0349731445312,0.19347527623176575,1119.8466796875,0.304476797580719,1046.04833984375,0.2928702235221863,1140.705078125,0.2324618399143219,0.8167573809623718,0.8311354517936707,1.119328260421753,1.2211834192276,1.2087347507476807,1.1734238862991333,0.004419127479195595,0.01037500612437725,0.0034667192958295345,-0.022151995450258255,-0.051571790128946304,-0.0724593847990036,6.888157844543457,1.1480263471603394,-0.08223526924848557,0.00018036151595879346,0.027166688814759254,2.8040127754211426,5708605.5
89.5,47.426483154296875,0.4154261648654938,0.1435161679983139,860.0543212890625,0.19336019456386566,1119.8768310546875,0.2987896502017975,1046.0775146484375,0.29043811559677124,1140.7276611328125,0.21917176246643066,0.8171933889389038,0.832157552242279,1.1196225881576538,1.2188762426376343,1.2034456729888916,1.1660343408584595,0.004301366396248341,0.010066798888146877,0.002417457289993763,-0.023994358256459236,-0.054207440465688705,-0.07531839609146118,6.837807655334473,1.139634609222412,-0.08494454622268677,0.00014349952107295394,0.021614404395222664,2.8041656017303467,5708916.5
89.5999984741211,47.46943283081055,0.4294784963130951,0.1405235379934311,860.0736694335938,0.19315364956855774,1119.906494140625,0.29283586144447327,1046.1064453125,0.2878073751926422,1140.7489013671875,0.2055061161518097,0.8176174759864807,0.8331484794616699,1.119810938835144,1.2163835763931274,1.1978929042816162,1.158361554145813,0.004180245101451874,0.009750977158546448,0.0013491205172613263,-0.025860445573925972,-0.05684323608875275,-0.07812198251485825,6.78587532043457,1.1309791803359985,-0.0875294879078865,0.00010549833677941933,0.01589053124189377,2.804318428039551,5709227.5
89.69999694824219,47.51370620727539,0.44275104999542236,0.13272540271282196,860.0929565429688,0.19285330176353455,1119.9354248046875,0.28662213683128357,1046.135009765625,0.28497615456581116,1140.768798828125,0.19149434566497803,0.8180293440818787,0.8341074585914612,1.1198917627334595,1.2137033939361572,1.1920772790908813,1.1504125595092773,0.004055999685078859,0.009428131394088268,0.00026401810464449227,-0.02774437889456749,-0.05946502834558487,-0.08084060251712799,6.732463836669922,1.122077226638794,-0.08991427719593048,6.642387597821653e-05,0.010004998184740543,2.8044707775115967,5709538.0
89.80000305175781,47.559226989746094,0.4551831781864166,0.12432129681110382,860.1122436523438,0.19245688617229462,1119.9637451171875,0.28015708923339844,1046.1634521484375,0.2819433808326721,1140.7872314453125,0.17717090249061584,0.8184285759925842,0.8350338339805603,1.1198631525039673,1.2108341455459595,1.186000943183899,1.1421973705291748,0.003928906749933958,0.009098952636122704,-0.0008351957076229155,-0.029639532789587975,-0.06205732002854347,-0.08344455063343048,6.6776957511901855,1.1129493713378906,-0.09209197759628296,2.6347150196670555e-05,0.003968500532209873,2.8046231269836426,5709848.0
89.9000015258789,47.60591506958008,0.46689310669898987,0.11709931492805481,860.1314086914062,0.19196225702762604,1119.991455078125,0.2734494209289551,1046.19140625,0.27870872616767883,1140.80419921875,0.16256844997406006,0.8188149929046631,0.8359270095825195,1.119724154472351,1.2077752351760864,1.179667353630066,1.1337283849716187,0.003799229860305786,0.008764098398387432,-0.0019460085313767195,-0.031539756804704666,-0.06460662186145782,-0.08591387420892715,6.6216888427734375,1.1036148071289062,-0.09408058226108551,-1.4670898053736892e-05,-0.002209782600402832,2.8047749996185303,5710157.0
90.0,47.65370559692383,0.47789761424064636,0.11004504561424255,860.1505737304688,0.19136738777160645,1120.0184326171875,0.2665078043937683,1046.2191162109375,0.2752724885940552,1140.8197021484375,0.14771826565265656,0.8191882967948914,0.8367864489555359,1.1194735765457153,1.2045261859893799,1.1730815172195435,1.1250197887420654,0.0036672225687652826,0.008424201980233192,-0.003066029166802764,-0.03343930095434189,-0.06710115820169449,-0.08823540061712265,6.564555644989014,1.094092607498169,-0.09588238596916199,-5.6570785091025755e-05,-0.008520891889929771,2.8049263954162598,5710465.5
90.0999984741211,47.70250701904297,0.488023042678833,0.10125426948070526,860.169677734375,0.19067038595676422,1120.0447998046875,0.2593421936035156,1046.2464599609375,0.2716357111930847,1140.833740234375,0.13265389204025269,0.8195483684539795,0.8376116752624512,1.1191107034683228,1.2010875940322876,1.1662496328353882,1.1160870790481567,0.0035331579856574535,0.008079939521849155,-0.004192715510725975,-0.035332147032022476,-0.06952888518571854,-0.09039545804262161,6.5064167976379395,1.0844027996063232,-0.09747346490621567,-9.927830251399428e-05,-0.01495364774018526,2.805077314376831,5710772.5
90.19999694824219,47.75223159790039,0.4972274899482727,0.0920446366071701,860.188720703125,0.18986953794956207,1120.0703125,0.2519632875919342,1046.2734375,0.267799973487854,1140.84619140625,0.11741027981042862,0.8198949098587036,0.8384023308753967,1.1186349391937256,1.1974601745605469,1.1591787338256836,1.1069470643997192,0.0033973215613514185,0.007732020691037178,-0.005323441233485937,-0.03721216693520546,-0.07187797874212265,-0.09238146245479584,6.447400093078613,1.0745666027069092,-0.09885209798812866,-0.0001427156530553475,-0.021496335044503212,2.805227756500244,5711079.0
90.30000305175781,47.80278778076172,0.5055894255638123,0.08361934125423431,860.2077026367188,0.18896332383155823,1120.0950927734375,0.24438191950321198,1046.300048828125,0.2637675702571869,1140.857177734375,0.10202062129974365,0.8202277421951294,0.8391579985618591,1.1180459260940552,1.1936458349227905,1.1518774032592773,1.0976176261901855,0.0032599857077002525,0.007381118834018707,-0.006455724127590656,-0.039073701947927475,-0.0741383284330368,-0.09418632090091705,6.387627124786377,1.0646045207977295,-0.10003355890512466,-0.00018681169603951275,-0.028138237074017525,2.805377244949341,5711383.5
90.4000015258789,47.85411834716797,0.5132894515991211,0.07699991762638092,860.2265014648438,0.18795035779476166,1120.119140625,0.23660804331302643,1046.326171875,0.25954127311706543,1140.8665771484375,0.086513951420784,0.8205468058586121,0.8398784399032593,1.117343783378601,1.1896463632583618,1.1443548202514648,1.0881166458129883,0.003121390473097563,0.007027827203273773,-0.007587402127683163,-0.04091197997331619,-0.07630264014005661,-0.09581080079078674,6.327204704284668,1.0545340776443481,-0.10104690492153168,-0.0002315106539754197,-0.03487095236778259,2.8055262565612793,5711686.5
90.5,47.90620040893555,0.5208274126052856,0.07537993043661118,860.2452392578125,0.18682950735092163,1120.1424560546875,0.22864918410778046,1046.3519287109375,0.25512421131134033,1140.87451171875,0.07090967148542404,0.8208519816398621,0.8405634760856628,1.1165285110473633,1.1854643821716309,1.1366206407546997,1.0784615278244019,0.0029816990718245506,0.006672549527138472,-0.008717029355466366,-0.042724087834358215,-0.0783688873052597,-0.09726987779140472,6.266205787658691,1.0443676710128784,-0.10196421295404434,-0.00027679934282787144,-0.041692495346069336,2.8056743144989014,5711988.0
90.5999984741211,47.95903015136719,0.5282920002937317,0.07464557886123657,860.2638549804688,0.18559981882572174,1120.1649169921875,0.22051149606704712,1046.377197265625,0.250519722700119,1140.880859375,0.05522182211279869,0.8211431503295898,0.8412128686904907,1.1156004667282104,1.1811026334762573,1.1286847591400146,1.068668007850647,0.002841031877323985,0.0063155838288366795,-0.009843558073043823,-0.04450813680887222,-0.08033780008554459,-0.09858251363039017,6.204684257507324,1.0341140031814575,-0.10279639810323715,-0.00032267224742099643,-0.04860203340649605,2.805821418762207,5712287.5
90.69999694824219,48.01261901855469,0.5358790159225464,0.07587026804685593,860.2823486328125,0.18426048755645752,1120.1865234375,0.21220019459724426,1046.402099609375,0.2457311600446701,1140.885498046875,0.039460688829422,0.8214201331138611,0.8418264985084534,1.1145598888397217,1.1765638589859009,1.1205567121505737,1.0587496757507324,0.0026994789950549603,0.005957154091447592,-0.010966225527226925,-0.04626297950744629,-0.08221186697483063,-0.09976863861083984,6.142679214477539,1.0237798690795898,-0.10357183963060379,-0.0003691406163852662,-0.05560126155614853,2.8059675693511963,5712585.0
90.80000305175781,48.06696319580078,0.543459415435791,0.07580434530973434,860.3007202148438,0.1828109174966812,1120.2073974609375,0.20372064411640167,1046.4263916015625,0.2407618910074234,1140.888671875,0.02363675832748413,0.8216829895973206,0.8424042463302612,1.1134073734283447,1.1718511581420898,1.1122459173202515,1.0487183332443237,0.0025571330916136503,0.005597488489001989,-0.012084254994988441,-0.0479874461889267,-0.08399324864149094,-0.1008426621556282,6.080232620239258,1.0133721828460693,-0.10427351295948029,-0.0004162047989666462,-0.06269023567438126,2.80611252784729,5712880.5
90.9000015258789,48.12202835083008,0.5506255030632019,0.07166057825088501,860.3189086914062,0.1812507063150406,1120.227294921875,0.1950802057981491,1046.4501953125,0.23561540246009827,1140.8902587890625,0.007766909431666136,0.8219315409660339,0.8429459929466248,1.1121432781219482,1.1669676303863525,1.1037616729736328,1.0385851860046387,0.0024141380563378334,0.005236941389739513,-0.013196416199207306,-0.049679242074489594,-0.08568074554204941,-0.10180563479661942,6.01740837097168,1.0029014348983765,-0.10485132783651352,-0.0004638303362298757,-0.06986376643180847,2.8062562942504883,5713173.0
91.0,48.177757263183594,0.5573118329048157,0.06686337292194366,860.3369750976562,0.17957957088947296,1120.246337890625,0.18628734350204468,1046.4735107421875,0.23029543459415436,1140.8902587890625,-0.008129063993692398,0.8221657872200012,0.8434516191482544,1.1107683181762695,1.1619166135787964,1.0951133966445923,1.028361439704895,0.002270661760121584,0.004875925835222006,-0.014301273971796036,-0.05133560672402382,-0.0872717946767807,-0.10265400260686874,5.954281806945801,0.9923803210258484,-0.10530359297990799,-0.0005119771813042462,-0.07711580395698547,2.806398868560791,5713463.5
91.0999984741211,48.2341194152832,0.5636079907417297,0.06296180933713913,860.3548583984375,0.17779740691184998,1120.2645263671875,0.1773502081632614,1046.4962158203125,0.22480596601963043,1140.888671875,-0.024033041670918465,0.8223856687545776,0.8439211249351501,1.1092833280563354,1.156701922416687,1.0863111019134521,1.0180585384368896,0.0021268590353429317,0.004514820873737335,-0.015397526323795319,-0.052954137325286865,-0.08876481652259827,-0.10338752716779709,5.890922546386719,0.9818204045295715,-0.10564568638801575,-0.0005606128252111375,-0.08444148302078247,2.806540012359619,5713751.0
91.19999694824219,48.291107177734375,0.5698807239532471,0.06272698193788528,860.37255859375,0.1759042739868164,1120.2818603515625,0.16827532649040222,1046.5184326171875,0.219151109457016,1140.8853759765625,-0.03993315249681473,0.8225911855697632,0.8443545699119568,1.1076891422271729,1.15132737159729,1.077364206314087,1.0076876878738403,0.0019828351214528084,0.004153884015977383,-0.01648433320224285,-0.05453363433480263,-0.09016144275665283,-0.10401542484760284,5.827376842498779,0.9712294936180115,-0.1059260368347168,-0.0006097364239394665,-0.09184065461158752,2.8066799640655518,5714035.5
91.30000305175781,48.3487663269043,0.5765990614891052,0.06718359887599945,860.3900146484375,0.17390041053295135,1120.2982177734375,0.15906666219234467,1046.5400390625,0.21333494782447815,1140.880615234375,-0.055826496332883835,0.8227822184562683,0.8447519540786743,1.1059868335723877,1.1457966566085815,1.0682822465896606,0.9972584843635559,0.0018386227311566472,0.003793193958699703,-0.017561519518494606,-0.05607452988624573,-0.09146754443645477,-0.10455808788537979,5.763659954071045,0.960610032081604,-0.10620134323835373,-0.0006593873258680105,-0.09931924939155579,2.8068180084228516,5714316.5
91.4000015258789,48.40715408325195,0.583885669708252,0.07286619395017624,860.4072875976562,0.17178615927696228,1120.3135986328125,0.14972683787345886,1046.5611572265625,0.2073613852262497,1140.874267578125,-0.07171455770730972,0.8229588866233826,0.845113217830658,1.1041772365570068,1.1401138305664062,1.059073805809021,0.9867782592773438,0.0016942189540714025,0.0034327423200011253,-0.018629226833581924,-0.05757804587483406,-0.09269068390130997,-0.10503732413053513,5.699770927429199,0.94996178150177,-0.10648297518491745,-0.0007096156477928162,-0.10688481479883194,2.8069546222686768,5714594.5
91.5,48.46631622314453,0.5916011333465576,0.07715419679880142,860.4243774414062,0.16956201195716858,1120.328125,0.1402587741613388,1046.58154296875,0.2012341171503067,1140.8663330078125,-0.08759748190641403,0.8231210708618164,0.8454384803771973,1.1022613048553467,1.1342824697494507,1.0497469902038574,0.976252555847168,0.0015496317064389586,0.0030725467950105667,-0.019687499850988388,-0.059045132249593735,-0.09383716434240341,-0.10546744614839554,5.635712146759033,0.9392853379249573,-0.10675318539142609,-0.0007604596321471035,-0.114543117582798,2.8070895671844482,5714869.5
91.5999984741211,48.52630615234375,0.5999061465263367,0.08305052667856216,860.4412231445312,0.1672285795211792,1120.3416748046875,0.13066500425338745,1046.601318359375,0.19495666027069092,1140.856689453125,-0.10347659140825272,0.8232687711715698,0.8457277417182922,1.1002401113510132,1.1283061504364014,1.0403090715408325,0.9656857848167419,0.0014048590091988444,0.0027126013301312923,-0.02073647268116474,-0.06047692149877548,-0.09491336345672607,-0.10586114972829819,5.571483135223389,0.9285805821418762,-0.10703172534704208,-0.0008119716076180339,-0.12230203300714493,2.807222604751587,5715140.0
91.69999694824219,48.58719253540039,0.6088630557060242,0.08956887573003769,860.4578247070312,0.16478654742240906,1120.354248046875,0.12094748020172119,1046.6204833984375,0.18853235244750977,1140.8455810546875,-0.11935476958751678,0.8234020471572876,0.8459810018539429,1.0981143712997437,1.1221884489059448,1.0307667255401611,0.9550808668136597,0.001259885961189866,0.0023528679739683867,-0.021776393055915833,-0.06187480315566063,-0.09592593461275101,-0.10623031854629517,5.507077693939209,0.9178462624549866,-0.10732310265302658,-0.0008642094908282161,-0.1301702857017517,2.8073537349700928,5715407.0
91.80000305175781,48.649017333984375,0.6182616353034973,0.0939858928322792,860.4741821289062,0.16223669052124023,1120.3658447265625,0.11110885441303253,1046.6390380859375,0.18196433782577515,1140.8328857421875,-0.13523226976394653,0.8235207796096802,0.846198320388794,1.095885157585144,1.1159324645996094,1.0211260318756104,0.9444400072097778,0.0011147187324240804,0.0019933609291911125,-0.02280731499195099,-0.06323965638875961,-0.09687968343496323,-0.10657987743616104,5.442497253417969,0.9070828557014465,-0.10760154575109482,-0.0009172130958177149,-0.13815388083457947,2.807482957839966,5715670.5
91.9000015258789,48.711795806884766,0.6277925968170166,0.09530946612358093,860.490234375,0.15957987308502197,1120.37646484375,0.10115324705839157,1046.6568603515625,0.17525571584701538,1140.818603515625,-0.15110419690608978,0.8236249685287476,0.8463796973228455,1.0935533046722412,1.1095417737960815,1.0113928318023682,0.9337653517723083,0.0009694049949757755,0.0016341947484761477,-0.023828919976949692,-0.06457141041755676,-0.09777650237083435,-0.10690576583147049,5.3777642250061035,0.8962939977645874,-0.10783354938030243,-0.0009709960431791842,-0.14625485241413116,2.807610034942627,5715929.0
92.0,48.775550842285156,0.637527346611023,0.09734752029180527,860.506103515625,0.1568170189857483,1120.3861083984375,0.09108497947454453,1046.674072265625,0.16840963065624237,1140.8026123046875,-0.16696499288082123,0.8237146139144897,0.8465251922607422,1.0911197662353516,1.1030194759368896,1.001572847366333,0.9230594635009766,0.0008239976014010608,0.0012754981871694326,-0.02484084852039814,-0.06586986780166626,-0.09861781448125839,-0.10720407217741013,5.312901496887207,0.8854835629463196,-0.10802946984767914,-0.0010255778906866908,-0.15447616577148438,2.807734966278076,5716183.5
92.0999984741211,48.84029006958008,0.6473883390426636,0.0986098200082779,860.5216064453125,0.15394911170005798,1120.3946533203125,0.08090853691101074,1046.6905517578125,0.1614292412996292,1140.78515625,-0.18280862271785736,0.8237897753715515,0.8466348052024841,1.0885854959487915,1.0963690280914307,0.9916713237762451,0.9123253226280212,0.0006785531295463443,0.0009174078004434705,-0.025842705741524696,-0.06713476032018661,-0.09940469264984131,-0.10747109353542328,5.247934818267822,0.8746557831764221,-0.10818009823560715,-0.001080971909686923,-0.16281980276107788,2.8078577518463135,5716433.5
92.19999694824219,48.90599822998047,0.6571065187454224,0.09718193113803864,860.536865234375,0.1509772390127182,1120.4022216796875,0.07062949240207672,1046.7064208984375,0.15431778132915497,1140.76611328125,-0.19862554967403412,0.8238503336906433,0.8467086553573608,1.085951566696167,1.089593768119812,0.9816939234733582,0.9015663862228394,0.0005331567954272032,0.0005601305165328085,-0.026833845302462578,-0.0683651864528656,-0.10013635456562042,-0.10769864171743393,5.182902812957764,0.8638170957565308,-0.10825816541910172,-0.0011371680302545428,-0.1712842583656311,2.807978391647339,5716679.0
92.30000305175781,48.972686767578125,0.6668767333030701,0.09770197421312332,860.5518188476562,0.1479024887084961,1120.4088134765625,0.060253120958805084,1046.721435546875,0.14707861840724945,1140.7454833984375,-0.21440742909908295,0.8238964080810547,0.8467468619346619,1.0832191705703735,1.0826973915100098,0.9716461300849915,0.89078688621521,0.0003878840070683509,0.00020384883100632578,-0.027813715860247612,-0.06956048309803009,-0.10081268846988678,-0.10788251459598541,5.1178388595581055,0.8529731631278992,-0.10828742384910583,-0.0011941730044782162,-0.17987054586410522,2.808096408843994,5716919.0
92.4000015258789,49.040340423583984,0.6765390634536743,0.09662342816591263,860.5664672851562,0.14472606778144836,1120.414306640625,0.04978495091199875,1046.73583984375,0.13971516489982605,1140.7232666015625,-0.23014529049396515,0.8239279389381409,0.846749484539032,1.0803892612457275,1.0756831169128418,0.9615334868431091,0.879991352558136,0.00024281549849547446,-0.00015124233323149383,-0.028781725093722343,-0.0707198828458786,-0.10143325477838516,-0.10801845043897629,5.0527801513671875,0.8421300053596497,-0.10825072973966599,-0.001251980080269277,-0.18857766687870026,2.8082120418548584,5717154.5
92.5,49.10895919799805,0.6861668229103088,0.09627774357795715,860.5807495117188,0.1414492428302765,1120.418701171875,0.03923049569129944,1046.7493896484375,0.1322309970855713,1140.699462890625,-0.24583043158054352,0.8239449858665466,0.8467166423797607,1.0774632692337036,1.0685547590255737,0.9513615369796753,0.8691847324371338,9.802982094697654e-05,-0.0005049534956924617,-0.029737304896116257,-0.07184270024299622,-0.10199779272079468,-0.1081036776304245,4.9877610206604,0.831293523311615,-0.1081584244966507,-0.0013105887919664383,-0.19740550220012665,2.8083250522613525,5717384.5
92.5999984741211,49.17854309082031,0.6958338022232056,0.09666993468999863,860.5947265625,0.13807331025600433,1120.422119140625,0.02859489805996418,1046.76220703125,0.12462970614433289,1140.674072265625,-0.26145562529563904,0.823947548866272,0.8466485738754272,1.0744423866271973,1.0613160133361816,0.9411360025405884,0.8583722114562988,-4.6406075853155926e-05,-0.0008571241050958633,-0.03067999891936779,-0.0729285180568695,-0.10250674933195114,-0.10813827812671661,4.9228129386901855,0.8204688429832458,-0.10801839083433151,-0.001370005076751113,-0.2063549906015396,2.8084354400634766,5717609.5
92.69999694824219,49.24909973144531,0.7056024074554443,0.09768567979335785,860.6083374023438,0.13459965586662292,1120.4244384765625,0.01788298599421978,1046.7742919921875,0.11691494286060333,1140.6470947265625,-0.2770147919654846,0.8239356875419617,0.8465452790260315,1.071327805519104,1.053970456123352,0.9308622479438782,0.8475586175918579,-0.0001904347154777497,-0.001207617111504078,-0.031609438359737396,-0.07397714257240295,-0.10296110808849335,-0.10812405496835709,4.857961177825928,0.8096602559089661,-0.10783722996711731,-0.00143024034332484,-0.21542786061763763,2.8085432052612305,5717829.0
92.80000305175781,49.32062911987305,0.7152748703956604,0.09672501683235168,860.6216430664062,0.13102973997592926,1120.42578125,0.0071001057513058186,1046.78564453125,0.1090904101729393,1140.61865234375,-0.29250022768974304,0.8239094614982605,0.8464071154594421,1.0681209564208984,1.0465220212936401,0.9205458164215088,0.8367489576339722,-0.00033398508094251156,-0.001556262606754899,-0.032525140792131424,-0.07498808205127716,-0.10336094349622726,-0.10805975645780563,4.793238639831543,0.7988731265068054,-0.10759686678647995,-0.0014912892365828156,-0.22462324798107147,2.808648109436035,5718042.5
92.9000015258789,49.39311599731445,0.7248725891113281,0.09597697108983994,860.6345825195312,0.12736505270004272,1120.4259033203125,-0.003748247167095542,1046.796142578125,0.10115985572338104,1140.588623046875,-0.30790379643440247,0.8238689303398132,0.846234142780304,1.0648232698440552,1.0389742851257324,0.91019207239151,0.8259482979774475,-0.00047698343405500054,-0.0019028842216357589,-0.03342659771442413,-0.07596080005168915,-0.10370615124702454,-0.10794395953416824,4.728678226470947,0.7881130576133728,-0.10730268061161041,-0.0015531479148194194,-0.23394063115119934,2.8087501525878906,5718250.5
93.0,49.466575622558594,0.7346004247665405,0.09727808088064194,860.6470947265625,0.12360715121030807,1120.4249267578125,-0.01465729158371687,1046.8057861328125,0.09312710165977478,1140.55712890625,-0.32322001457214355,0.8238140940666199,0.846026599407196,1.0614361763000488,1.0313313007354736,0.899806559085846,0.8151616454124451,-0.0006193765439093113,-0.002247356344014406,-0.034313496202230453,-0.07689522206783295,-0.10399790108203888,-0.10777948051691055,4.664304256439209,0.7773840427398682,-0.10697461664676666,-0.001615830697119236,-0.24338212609291077,2.808849334716797,5718452.0
93.0999984741211,49.540992736816406,0.7441465854644775,0.09546197950839996,860.6593017578125,0.11975766718387604,1120.4229736328125,-0.025621598586440086,1046.814697265625,0.08499596267938614,1140.5240478515625,-0.33844125270843506,0.82374507188797,0.8457847237586975,1.0579612255096436,1.0235967636108398,0.8893945217132568,0.804394006729126,-0.0007610939792357385,-0.0025895109865814447,-0.03518537059426308,-0.07779090106487274,-0.1042361706495285,-0.10756504535675049,4.600149154663086,0.7666915655136108,-0.10658444464206696,-0.0016793245449662209,-0.25294578075408936,2.808945655822754,5718648.0
93.19999694824219,49.61630630493164,0.7531700730323792,0.0902346596121788,860.6710815429688,0.11581825464963913,1120.4197998046875,-0.036634430289268494,1046.8228759765625,0.07677038758993149,1140.4893798828125,-0.3535555303096771,0.8236619234085083,0.8455088138580322,1.0543997287750244,1.0157746076583862,0.8789613842964172,0.7936505675315857,-0.0009020306752063334,-0.002929096342995763,-0.036041442304849625,-0.07864662259817123,-0.10441883653402328,-0.10729323327541351,4.536260604858398,0.7560434341430664,-0.10610739886760712,-0.0017435868503525853,-0.26262518763542175,2.8090386390686035,5718837.5
93.30000305175781,49.692481994628906,0.7617232799530029,0.08553218096494675,860.6824340820312,0.11179065704345703,1120.4156494140625,-0.04768891632556915,1046.830078125,0.06845448166131973,1140.4532470703125,-0.3685508370399475,0.8235647082328796,0.8451990485191345,1.0507534742355347,1.007869005203247,0.8685129284858704,0.7829374670982361,-0.001042081043124199,-0.003265859093517065,-0.036880943924188614,-0.07946118712425232,-0.10454392433166504,-0.10695844143629074,4.472686290740967,0.7454476952552795,-0.10555411875247955,-0.0018085791962221265,-0.27241456508636475,2.809128522872925,5719020.5
93.4000015258789,49.76948928833008,0.7700825929641724,0.08359317481517792,860.6934204101562,0.10767665505409241,1120.4102783203125,-0.05877915024757385,1046.8365478515625,0.06005245819687843,1140.4156494140625,-0.3834187984466553,0.8234535455703735,0.8448557257652283,1.0470242500305176,0.9998840093612671,0.8580548167228699,0.7722610235214233,-0.001181167783215642,-0.003599616000428796,-0.037703368812799454,-0.08023407310247421,-0.10461132973432541,-0.1065618023276329,4.409461498260498,0.734910249710083,-0.10495063662528992,-0.0018742876127362251,-0.2823117971420288,2.8092153072357178,5719197.0
93.5,49.8473014831543,0.7781330943107605,0.0805051326751709,860.7039794921875,0.1034780889749527,1120.4039306640625,-0.0698992908000946,1046.842041015625,0.051568590104579926,1140.3765869140625,-0.39815130829811096,0.8233284950256348,0.8444792032241821,1.0432134866714478,0.9918238520622253,0.847592830657959,0.7616272568702698,-0.001319216680712998,-0.003930191975086927,-0.03850824013352394,-0.0809648260474205,-0.10462114214897156,-0.10610457509756088,4.346620082855225,0.7244367003440857,-0.10428813099861145,-0.0019406877690926194,-0.29231321811676025,2.8092987537384033,5719367.0
93.5999984741211,49.92586135864258,0.7855879664421082,0.07454846799373627,860.714111328125,0.09919688105583191,1120.3963623046875,-0.08104267716407776,1046.8468017578125,0.043007221072912216,1140.3360595703125,-0.4127376973628998,0.8231897354125977,0.8440698385238647,1.0393232107162476,0.9836927652359009,0.8371328115463257,0.751042366027832,-0.0014561323914676905,-0.004257360473275185,-0.03929489850997925,-0.08165255188941956,-0.10457213222980499,-0.10558372735977173,4.284206390380859,0.714034378528595,-0.10354776680469513,-0.002007730072364211,-0.30241140723228455,2.8093786239624023,5719530.0
93.69999694824219,50.00510787963867,0.7924577593803406,0.06869813054800034,860.7238159179688,0.09483499079942703,1120.3876953125,-0.09220253676176071,1046.8507080078125,0.03437281772494316,1140.2940673828125,-0.427167147397995,0.823037326335907,0.8436278700828552,1.0353553295135498,0.9754950404167175,0.8266807198524475,0.7405128479003906,-0.001591818523593247,-0.004580892156809568,-0.04006267711520195,-0.08229633420705795,-0.1044631153345108,-0.10499683767557144,4.222263813018799,0.7037106156349182,-0.10273664444684982,-0.0020753659773617983,-0.31259897351264954,2.809455394744873,5719686.0
93.80000305175781,50.0849723815918,0.7986510992050171,0.061933357268571854,860.7330932617188,0.09039442986249924,1120.3779296875,-0.10337202250957489,1046.8536376953125,0.025669952854514122,1140.2506103515625,-0.44142892956733704,0.8228713870048523,0.8431537747383118,1.0313115119934082,0.9672352075576782,0.8162425756454468,0.7300454378128052,-0.0017261788016185164,-0.004900558851659298,-0.040810924023389816,-0.08289528638124466,-0.10429298877716064,-0.1043420359492302,4.160836219787598,0.693472683429718,-0.1018516793847084,-0.0021435385569930077,-0.32286736369132996,2.8095285892486572,5719835.0
93.9000015258789,50.165401458740234,0.8043131828308105,0.0566207617521286,860.7418823242188,0.08587729185819626,1120.366943359375,-0.11454471945762634,1046.8558349609375,0.016903290525078773,1140.205810546875,-0.45551401376724243,0.8226921558380127,0.842647910118103,1.0271939039230347,0.9589177370071411,0.8058244585990906,0.7196468710899353,-0.0018591306870803237,-0.005216166377067566,-0.041539113968610764,-0.0834488719701767,-0.10406158864498138,-0.10362055897712708,4.09996223449707,0.6833270192146301,-0.1009090319275856,-0.0022122033406049013,-0.3332098722457886,2.809598207473755,5719976.5
94.0,50.24632263183594,0.8091799020767212,0.04866713285446167,860.750244140625,0.08128571510314941,1120.35498046875,-0.12571386992931366,1046.8570556640625,0.00807755347341299,1140.1595458984375,-0.469412237405777,0.8224996328353882,0.8421107530593872,1.0230045318603516,0.9505472779273987,0.7954326272010803,0.7093238830566406,-0.001990583026781678,-0.005527500528842211,-0.04224665090441704,-0.08395636081695557,-0.10376821458339691,-0.10283158719539642,4.0396833419799805,0.6732805371284485,-0.09989215433597565,-0.002281292574480176,-0.3436163365840912,2.809664249420166,5720111.0
94.0999984741211,50.3276481628418,0.8132892847061157,0.0410941056907177,860.7581176757812,0.0766219049692154,1120.341796875,-0.13687270879745483,1046.857421875,-0.0008024392882362008,1140.1119384765625,-0.4831138551235199,0.8222941160202026,0.8415426015853882,1.0187454223632812,0.9421283006668091,0.7850732803344727,0.699083149433136,-0.002120446879416704,-0.005834351759403944,-0.042932964861392975,-0.08441708981990814,-0.10341236740350723,-0.1019749790430069,3.9800403118133545,0.6633400321006775,-0.09881067276000977,-0.002350741298869252,-0.35407695174217224,2.8097267150878906,5720238.0
94.19999694824219,50.40930938720703,0.8165874481201172,0.03298131376504898,860.7655639648438,0.07188811153173447,1120.32763671875,-0.1480146050453186,1046.85693359375,-0.009731808677315712,1140.0628662109375,-0.49660956859588623,0.822075605392456,0.8409440517425537,1.0144187211990356,0.9336656928062439,0.7747526168823242,0.688931405544281,-0.0022486380767077208,-0.0061365230940282345,-0.04359752684831619,-0.08483052253723145,-0.10299385339021683,-0.10105141997337341,3.921072244644165,0.6535120606422424,-0.09766506403684616,-0.0024204798974096775,-0.36458122730255127,2.8097853660583496,5720357.5
94.30000305175781,50.49122619628906,0.8191707730293274,0.02583334967494011,860.7725219726562,0.06708665192127228,1120.312255859375,-0.15913328528404236,1046.85546875,-0.01870562694966793,1140.0125732421875,-0.5098916292190552,0.8218443989753723,0.8403155207633972,1.0100266933441162,0.9251641035079956,0.7644769549369812,0.6788753271102905,-0.002375083277001977,-0.006433845032006502,-0.04423992335796356,-0.08519638329744339,-0.10251318663358688,-0.10006356984376907,3.8628132343292236,0.6438022255897522,-0.09646723419427872,-0.0024904469028115273,-0.3751198947429657,2.809840202331543,5720469.5
94.4000015258789,50.573299407958984,0.8207511305809021,0.015803705900907516,860.7789916992188,0.062219902873039246,1120.2957763671875,-0.17022210359573364,1046.8531494140625,-0.027718929573893547,1139.9609375,-0.5229508876800537,0.8216006755828857,0.8396574854850769,1.0055716037750244,0.9166283011436462,0.7542524337768555,0.6689212322235107,-0.0024996998254209757,-0.006726125255227089,-0.04485965520143509,-0.08551418036222458,-0.10197021067142487,-0.09901147335767746,3.8053011894226074,0.6342169046401978,-0.09520136564970016,-0.0025605550035834312,-0.38567981123924255,2.8098912239074707,5720573.5
94.5,50.655418395996094,0.8211789727210999,0.0042782011441886425,860.7849731445312,0.05729028582572937,1120.2781982421875,-0.18127402663230896,1046.8499755859375,-0.03676668554544449,1139.907958984375,-0.5357772707939148,0.8213445544242859,0.8389704823493958,1.0010557174682617,0.9080631732940674,0.7440853714942932,0.6590756177902222,-0.002622396219521761,-0.007013148628175259,-0.04545614495873451,-0.08578325062990189,-0.10136425495147705,-0.09789355099201202,3.7485787868499756,0.6247631311416626,-0.0938648134469986,-0.0026307029183954,-0.3962457478046417,2.809938430786133,5720669.5
94.5999984741211,50.73747634887695,0.8205811381340027,-0.005978486966341734,860.7904663085938,0.05230028182268143,1120.259521484375,-0.19228243827819824,1046.8458251953125,-0.04584379121661186,1139.853759765625,-0.5483621954917908,0.8210762739181519,0.8382550477981567,0.9964813590049744,0.8994736075401306,0.7339820861816406,0.6493450999259949,-0.0027430932968854904,-0.007294732611626387,-0.04602893814444542,-0.08600322902202606,-0.10069547593593597,-0.09671103954315186,3.6926825046539307,0.6154471039772034,-0.09247224032878876,-0.0027008007746189833,-0.4068041443824768,2.8099818229675293,5720757.5
94.69999694824219,50.819366455078125,0.8188879489898682,-0.016931911930441856,860.79541015625,0.047252412885427475,1120.23974609375,-0.20324091613292694,1046.8408203125,-0.054945122450590134,1139.79833984375,-0.5606979131698608,0.820796012878418,0.8375117778778076,0.9918509125709534,0.8908644914627075,0.7239487767219543,0.639735996723175,-0.0028617181815207005,-0.0075707100331783295,-0.046577636152505875,-0.08617386966943741,-0.09996436536312103,-0.09546584635972977,3.6376466751098633,0.606274425983429,-0.09102335572242737,-0.002770751714706421,-0.41734039783477783,2.810021162033081,5720838.0
94.80000305175781,50.900962829589844,0.8159642219543457,-0.029237309470772743,860.7998657226562,0.04214926436543465,1120.2188720703125,-0.21414290368556976,1046.8348388671875,-0.06406552344560623,1139.74169921875,-0.572776198387146,0.8205040097236633,0.8367411494255066,0.9871668219566345,0.8822408318519592,0.7139917016029358,0.6302545070648193,-0.0029781947378069162,-0.007840906269848347,-0.04710182547569275,-0.08629490435123444,-0.09917119890451431,-0.09415891021490097,3.5835061073303223,0.5972510576248169,-0.08951537311077118,-0.002840446773916483,-0.42783811688423157,2.810056447982788,5720909.5
94.9000015258789,50.98217010498047,0.8120708465576172,-0.03893323615193367,860.8038330078125,0.036993466317653656,1120.1968994140625,-0.22498252987861633,1046.8280029296875,-0.07319983094930649,1139.683837890625,-0.5845913887023926,0.820200502872467,0.8359438180923462,0.9824315309524536,0.8736075162887573,0.7041170001029968,0.62090665102005,-0.0030924673192203045,-0.008105195127427578,-0.047601260244846344,-0.08636647462844849,-0.09831743687391281,-0.09279465675354004,3.530287981033325,0.5883813500404358,-0.0879702940583229,-0.00290979933924973,-0.4382842481136322,2.8100876808166504,5720973.5
95.0,51.0628776550293,0.8071004152297974,-0.04970424249768257,860.8072509765625,0.0317876860499382,1120.173828125,-0.23575414717197418,1046.8201904296875,-0.08234291523694992,1139.624755859375,-0.5961383581161499,0.8198856115341187,0.8351203203201294,0.9776475429534912,0.8649694919586182,0.694330632686615,0.6116978526115417,-0.0032044847030192614,-0.00836346484720707,-0.04807576164603233,-0.08638887107372284,-0.09740471839904785,-0.09137730300426483,3.4780161380767822,0.5796693563461304,-0.08638427406549454,-0.0029787132516503334,-0.4486643075942993,2.810114860534668,5721028.5
95.0999984741211,51.14299011230469,0.8011012077331543,-0.05999210104346275,860.8101806640625,0.026534637436270714,1120.1497802734375,-0.24645234644412994,1046.8115234375,-0.09148970246315002,1139.5645751953125,-0.6074127554893494,0.8195596933364868,0.8342713713645935,0.9728173613548279,0.8563316464424133,0.6846383810043335,0.6026332974433899,-0.003314202418550849,-0.008615617640316486,-0.04852519929409027,-0.08636248111724854,-0.09643494337797165,-0.08991116285324097,3.4267122745513916,0.5711187124252319,-0.08476530015468597,-0.0030470960773527622,-0.45896437764167786,2.810137987136841,5721075.5
95.19999694824219,51.22238540649414,0.7939801812171936,-0.071210578083992,860.8125610351562,0.021237069740891457,1120.1246337890625,-0.25707176327705383,1046.8018798828125,-0.10063514858484268,1139.5032958984375,-0.6184105277061462,0.8192228674888611,0.8333974480628967,0.9679434895515442,0.8476989269256592,0.6750458478927612,0.5937176942825317,-0.0034215771593153477,-0.008861560374498367,-0.04894945025444031,-0.0862877294421196,-0.09540992975234985,-0.0883997455239296,3.376396894454956,0.5627328157424927,-0.08311162889003754,-0.0031148470006883144,-0.4691692292690277,2.81015682220459,5721114.0
95.30000305175781,51.300941467285156,0.7855404615402222,-0.08439689874649048,860.814453125,0.015897763893008232,1120.098388671875,-0.26760685443878174,1046.7913818359375,-0.10977426171302795,1139.44091796875,-0.6291265487670898,0.8188754320144653,0.8324993252754211,0.9630284905433655,0.839076042175293,0.6655585765838623,0.5849553942680359,-0.003526558866724372,-0.009101182222366333,-0.049348343163728714,-0.08616486936807632,-0.09433092921972275,-0.08684439957141876,3.327094316482544,0.5545157194137573,-0.0814167782664299,-0.0031818465795367956,-0.47926095128059387,2.810171604156494,5721144.0
95.4000015258789,51.378562927246094,0.7762072682380676,-0.09333231300115585,860.8157348632812,0.010519529692828655,1120.071044921875,-0.27805295586586,1046.7799072265625,-0.11890210956335068,1139.37744140625,-0.6395589709281921,0.8185176253318787,0.831577479839325,0.9580748677253723,0.8304678201675415,0.656181812286377,0.5763506293296814,-0.0036291228607296944,-0.009334436617791653,-0.04972193017601967,-0.08599470555782318,-0.09320063143968582,-0.0852508693933487,3.2788169384002686,0.5464694499969482,-0.0797094777226448,-0.0032480135560035706,-0.4892272651195526,2.8101818561553955,5721165.0
95.5,51.45522689819336,0.7666649222373962,-0.09542334824800491,860.8165283203125,0.005105196498334408,1120.042724609375,-0.28840723633766174,1046.767578125,-0.12801390886306763,1139.31298828125,-0.649711549282074,0.818149745464325,0.8306326866149902,0.9530850648880005,0.8218789100646973,0.646920382976532,0.5679064989089966,-0.0037292903289198875,-0.009561387822031975,-0.05007067695260048,-0.08577906340360641,-0.09202434122562408,-0.08363219350576401,3.2315564155578613,0.5385927557945251,-0.07802698016166687,-0.0033133276738226414,-0.499065101146698,2.810188055038452,5721177.5
95.5999984741211,51.53093338012695,0.7570366263389587,-0.09628281742334366,860.8167724609375,-0.0003423886082600802,1120.013427734375,-0.2986676096916199,1046.7542724609375,-0.13710512220859528,1139.24755859375,-0.6595903038978577,0.8177719116210938,0.82966548204422,0.9480617046356201,0.8133137822151184,0.6377785801887512,0.5596249103546143,-0.00382710131816566,-0.009782145731151104,-0.050395216792821884,-0.08552011847496033,-0.09080804139375687,-0.0820014625787735,3.1852965354919434,0.530882716178894,-0.07637305557727814,-0.0033777798525989056,-0.508773148059845,2.810189962387085,5721181.5
95.69999694824219,51.605674743652344,0.7474383115768433,-0.09598330408334732,860.8164672851562,-0.005820378661155701,1119.9830322265625,-0.30883243680000305,1046.7401123046875,-0.14617151021957397,1139.18115234375,-0.6692020893096924,0.8173844218254089,0.8286764621734619,0.9430069923400879,0.8047765493392944,0.6287602186203003,0.551506519317627,-0.003922602627426386,-0.009996839798986912,-0.050696227699518204,-0.08522013574838638,-0.08955766260623932,-0.08036984503269196,3.14001727104187,0.5233362317085266,-0.07475372403860092,-0.003441371489316225,-0.5183514952659607,2.810187578201294,5721176.5
95.80000305175781,51.67943572998047,0.7375905513763428,-0.09847734868526459,860.8156127929688,-0.01132593397051096,1119.95166015625,-0.31889981031417847,1046.72509765625,-0.15520904958248138,1139.11376953125,-0.6785522103309631,0.8169874548912048,0.8276663422584534,0.9379233717918396,0.7962713241577148,0.6198683381080627,0.5435510277748108,-0.00401582894846797,-0.010205565951764584,-0.0509742833673954,-0.08488105237483978,-0.08827792853116989,-0.07874346524477005,3.0957047939300537,0.5159507989883423,-0.07315408438444138,-0.0035040786024183035,-0.5277966856956482,2.810180902481079,5721163.0
95.9000015258789,51.75215148925781,0.72715163230896,-0.1043892502784729,860.814208984375,-0.016856230795383453,1119.919189453125,-0.3288671672344208,1046.7091064453125,-0.1642138808965683,1139.04541015625,-0.6876433491706848,0.8165813088417053,0.8266355991363525,0.9328130483627319,0.7878018617630005,0.611105740070343,0.5357578992843628,-0.0041067954152822495,-0.010408373549580574,-0.05122976377606392,-0.08450429886579514,-0.0869719386100769,-0.07712316513061523,3.052353620529175,0.5087255835533142,-0.07155902683734894,-0.0035658464767038822,-0.5371003746986389,2.8101696968078613,5721140.0
96.0,51.82379150390625,0.7164063453674316,-0.10745313763618469,860.812255859375,-0.022408464923501015,1119.8858642578125,-0.3387324810028076,1046.6922607421875,-0.17318235337734222,1138.9761962890625,-0.6964796185493469,0.8161662220954895,0.825584888458252,0.9276782870292664,0.7793719172477722,0.6024749279022217,0.5281263589859009,-0.004195526707917452,-0.010605335235595703,-0.051463138312101364,-0.08409149199724197,-0.08564317971467972,-0.07551157474517822,3.009953737258911,0.5016589164733887,-0.06998522579669952,-0.003626645775511861,-0.5462582111358643,2.8101541996002197,5721108.5
96.0999984741211,51.89432144165039,0.7053219676017761,-0.11084358394145966,860.8097534179688,-0.027979860082268715,1119.8515625,-0.34849390387535095,1046.6744384765625,-0.18211092054843903,1138.9061279296875,-0.7050652503967285,0.8157423138618469,0.8245147466659546,0.9225212931632996,0.770984947681427,0.5939779877662659,0.5206554532051086,-0.00428205169737339,-0.010796533897519112,-0.05167489871382713,-0.08364427089691162,-0.08429507166147232,-0.07391130179166794,2.9684934616088867,0.49474892020225525,-0.06842982769012451,-0.003686444368213415,-0.5552652478218079,2.810134172439575,5721068.0
96.19999694824219,51.963741302490234,0.6941831707954407,-0.11138805001974106,860.806640625,-0.03356766700744629,1119.816162109375,-0.35815027356147766,1046.6558837890625,-0.19099627435207367,1138.835205078125,-0.7134062051773071,0.8153098821640015,0.823425829410553,0.9173441529273987,0.7626444101333618,0.5856165885925293,0.5133438110351562,-0.00436641089618206,-0.010982079431414604,-0.051865655928850174,-0.0831645280122757,-0.0829315111041069,-0.0723266676068306,2.9279563426971436,0.48799270391464233,-0.06690693646669388,-0.003745235735550523,-0.5641205906867981,2.810109853744507,5721018.5
96.30000305175781,52.03205490112305,0.6831199526786804,-0.11063198745250702,860.8030395507812,-0.039169181138277054,1119.7799072265625,-0.3677007853984833,1046.63623046875,-0.19983525574207306,1138.763427734375,-0.7215093970298767,0.8148691058158875,0.8223185539245605,0.9121489524841309,0.7543532848358154,0.5773922204971313,0.5061895847320557,-0.0044486550614237785,-0.011162109673023224,-0.05203608050942421,-0.08265428990125656,-0.08155667781829834,-0.07076265662908554,2.888320207595825,0.4813866913318634,-0.06542079150676727,-0.003803024999797344,-0.572825014591217,2.8100812435150146,5720960.0
96.4000015258789,52.09926986694336,0.6721814274787903,-0.10938552767038345,860.798828125,-0.04478173330426216,1119.74267578125,-0.3771449327468872,1046.6158447265625,-0.20862498879432678,1138.69091796875,-0.7293822169303894,0.814420223236084,0.8211935758590698,0.9069377183914185,0.7461146712303162,0.5693056583404541,0.4991905689239502,-0.004528837278485298,-0.011336763389408588,-0.05218687653541565,-0.08211558312177658,-0.0801745355129242,-0.06922350823879242,2.849562883377075,0.47492715716362,-0.06397250294685364,-0.003859821707010269,-0.5813799500465393,2.8100481033325195,5720892.5
96.5,52.165401458740234,0.6612865924835205,-0.10894836485385895,860.7940673828125,-0.05040270835161209,1119.7044677734375,-0.38648226857185364,1046.5946044921875,-0.21736273169517517,1138.6175537109375,-0.7370312213897705,0.8139634132385254,0.8200514316558838,0.9017123579978943,0.7379312515258789,0.5613575577735901,0.49234411120414734,-0.004607006441801786,-0.011506171897053719,-0.05231868848204613,-0.08155029267072678,-0.07878851145505905,-0.06771164387464523,2.8116636276245117,0.46861061453819275,-0.06255745142698288,-0.003915628883987665,-0.5897858142852783,2.8100104331970215,5720816.0
96.5999984741211,52.23042297363281,0.650240957736969,-0.11045631021261215,860.7887573242188,-0.0560295395553112,1119.6654052734375,-0.3957120180130005,1046.5723876953125,-0.22604596614837646,1138.54345703125,-0.7444618344306946,0.8134989142417908,0.8188925981521606,0.8964747190475464,0.7298056483268738,0.5535480976104736,0.4856474697589874,-0.004683200735598803,-0.01167044136673212,-0.05243207514286041,-0.08096002042293549,-0.07740111649036407,-0.06622695177793503,2.774606227874756,0.4624343514442444,-0.06116681918501854,-0.003970430698245764,-0.5980402827262878,2.8099684715270996,5720730.5
96.69999694824219,52.294307708740234,0.638848066329956,-0.11392857879400253,860.7828369140625,-0.061659716069698334,1119.6253662109375,-0.4048331081867218,1046.54931640625,-0.23467226326465607,1138.46875,-0.7516780495643616,0.8130268454551697,0.8177175521850586,0.8912266492843628,0.7217402458190918,0.5458773970603943,0.47909802198410034,-0.004757448565214872,-0.011829649098217487,-0.052527476102113724,-0.08034607023000717,-0.07601398229598999,-0.06476730108261108,2.7383792400360107,0.45639654994010925,-0.05979263037443161,-0.004024194087833166,-0.6061383485794067,2.809921979904175,5720635.5
96.80000305175781,52.35707473754883,0.6276475191116333,-0.11200602352619171,860.7764282226562,-0.0672907903790474,1119.5843505859375,-0.41384539008140564,1046.5255126953125,-0.2432393580675125,1138.3931884765625,-0.7586862444877625,0.812547504901886,0.8165268301963806,0.8859699368476868,0.7137373089790344,0.5383452773094177,0.47269320487976074,-0.004829796496778727,-0.011983922682702541,-0.0526055172085762,-0.07971014827489853,-0.07462983578443527,-0.06333492696285248,2.702962636947632,0.45049378275871277,-0.0584586001932621,-0.004076935816556215,-0.6140824556350708,2.809870958328247,5720532.0
96.9000015258789,52.41874313354492,0.6166958212852478,-0.10951661318540573,860.7694091796875,-0.07292035967111588,1119.5426025390625,-0.42274901270866394,1046.500732421875,-0.2517451345920563,1138.3170166015625,-0.7654937505722046,0.8120609521865845,0.8153209686279297,0.880706250667572,0.7057990431785583,0.5309512615203857,0.46643009781837463,-0.004900300409644842,-0.012133405543863773,-0.05266688019037247,-0.0790540874004364,-0.07325166463851929,-0.06193286180496216,2.668332815170288,0.44472211599349976,-0.05716363340616226,-0.0041286759078502655,-0.6218757629394531,2.8098156452178955,5720419.0
97.0,52.479286193847656,0.6054239273071289,-0.11271896213293076,860.7618408203125,-0.07854610681533813,1119.4998779296875,-0.4315434694290161,1046.47509765625,-0.26018768548965454,1138.2401123046875,-0.772104799747467,0.811567485332489,0.8141003251075745,0.8754372000694275,0.6979272961616516,0.5236947536468506,0.4603058099746704,-0.004968991037458181,-0.012278185226023197,-0.05271201953291893,-0.07837913185358047,-0.07188070565462112,-0.06055883318185806,2.634476661682129,0.4390794336795807,-0.055883295834064484,-0.004179384559392929,-0.629513680934906,2.809755802154541,5720297.5
97.0999984741211,52.538658142089844,0.5937151908874512,-0.117087721824646,860.753662109375,-0.08416576683521271,1119.456298828125,-0.4402278661727905,1046.44873046875,-0.2685651481151581,1138.16259765625,-0.778522253036499,0.8110672235488892,0.8128654956817627,0.8701644539833069,0.6901239156723022,0.5165749192237854,0.4543176591396332,-0.005035887937992811,-0.012418318539857864,-0.052741289138793945,-0.07768622785806656,-0.07051743566989899,-0.059209082275629044,2.601386308670044,0.4335643947124481,-0.05461518093943596,-0.004229020792990923,-0.6369900107383728,2.8096914291381836,5720166.5
97.19999694824219,52.59678649902344,0.5812931060791016,-0.12422061711549759,860.7449951171875,-0.0897771343588829,1119.4117431640625,-0.4488009810447693,1046.42138671875,-0.27687567472457886,1138.0843505859375,-0.7847474813461304,0.810560405254364,0.8116168975830078,0.8648895621299744,0.6823907494544983,0.5095910429954529,0.4484635293483734,-0.0051009999588131905,-0.012553835287690163,-0.052754927426576614,-0.07697605341672897,-0.06916158646345139,-0.05787863954901695,2.5690596103668213,0.4281765818595886,-0.05334853753447533,-0.004277517087757587,-0.6442946791648865,2.8096227645874023,5720026.5
97.30000305175781,52.65360641479492,0.5681838393211365,-0.13109253346920013,860.7357177734375,-0.09537806361913681,1119.366455078125,-0.4572615623474121,1046.393310546875,-0.2851175367832184,1138.005615234375,-0.7907816767692566,0.8100470900535583,0.8103549480438232,0.8596140742301941,0.6747294068336487,0.5027424097061157,0.44274166226387024,-0.0051643336191773415,-0.012684761546552181,-0.05275316908955574,-0.07624920457601547,-0.06781282275915146,-0.05656354874372482,2.537493944168091,0.42291566729545593,-0.052085909992456436,-0.004324809648096561,-0.6514180302619934,2.809549570083618,5719877.5
97.4000015258789,52.70905303955078,0.5544959306716919,-0.1368788629770279,860.7258911132812,-0.10096647590398788,1119.3203125,-0.4656086266040802,1046.3643798828125,-0.2932889461517334,1137.92626953125,-0.796626627445221,0.809527575969696,0.8090801239013672,0.8543395400047302,0.6671415567398071,0.4960283041000366,0.43715062737464905,-0.005225901026278734,-0.01281113550066948,-0.05273628607392311,-0.07550641149282455,-0.066471166908741,-0.05526179075241089,2.506685495376587,0.41778090596199036,-0.05083158239722252,-0.004370843525975943,-0.6583518385887146,2.80947208404541,5719720.0
97.5,52.7630615234375,0.5400561094284058,-0.1443982869386673,860.7155151367188,-0.10654034465551376,1119.2734375,-0.4738410413265228,1046.3345947265625,-0.3013882637023926,1137.8463134765625,-0.802283525466919,0.8090019822120667,0.8077929019927979,0.8490674495697021,0.6596288084983826,0.48944801092147827,0.43168920278549194,-0.005285708699375391,-0.012932984158396721,-0.05270449072122574,-0.07474824041128159,-0.06513629108667374,-0.053970854729413986,2.4766318798065186,0.412771999835968,-0.04957869276404381,-0.0044155484065413475,-0.66508549451828,2.809390068054199,5719553.0
97.5999984741211,52.815582275390625,0.5252023935317993,-0.14853721857070923,860.70458984375,-0.11209769546985626,1119.2255859375,-0.48195815086364746,1046.3040771484375,-0.3094138205051422,1137.7657470703125,-0.8077548742294312,0.8084705471992493,0.8064936995506287,0.8437992334365845,0.6521925330162048,0.48300087451934814,0.42635637521743774,-0.0053437743335962296,-0.01305035874247551,-0.05265811085700989,-0.07397549599409103,-0.06380859762430191,-0.05269095301628113,2.447326421737671,0.4078877568244934,-0.04834096506237984,-0.004458884708583355,-0.6716129183769226,2.8093035221099854,5719377.0
97.69999694824219,52.8665885925293,0.51008540391922,-0.15117017924785614,860.693115234375,-0.11763661354780197,1119.177001953125,-0.48995959758758545,1046.2728271484375,-0.31736406683921814,1137.684814453125,-0.8130441308021545,0.8079333305358887,0.8051829934120178,0.8385363817214966,0.6448342800140381,0.4766860902309418,0.4211508631706238,-0.005400124471634626,-0.01316333282738924,-0.0525975301861763,-0.0731891468167305,-0.06248897686600685,-0.05142387002706528,2.4187581539154053,0.40312638878822327,-0.04712240397930145,-0.004500826355069876,-0.6779303550720215,2.8092129230499268,5719192.0
97.80000305175781,52.916072845458984,0.49484920501708984,-0.15236179530620575,860.6810913085938,-0.12315524369478226,1119.1275634765625,-0.4978454113006592,1046.2406005859375,-0.32523757219314575,1137.6031494140625,-0.8181556463241577,0.807390570640564,0.8038612008094788,0.8332803249359131,0.6375552415847778,0.4705028235912323,0.4160713255405426,-0.00545479217544198,-0.01327199675142765,-0.05252319946885109,-0.07239028811454773,-0.06117860600352287,-0.05017203465104103,2.390913724899292,0.39848563075065613,-0.04592745751142502,-0.0045413607731461525,-0.6840357780456543,2.8091177940368652,5718998.5
97.9000015258789,52.96403884887695,0.47965648770332336,-0.15192733705043793,860.66845703125,-0.12865176796913147,1119.077392578125,-0.5056158900260925,1046.207763671875,-0.3330329656600952,1137.5211181640625,-0.823094367980957,0.8068424463272095,0.8025287389755249,0.8280323147773743,0.6303566694259644,0.46445003151893616,0.4111160635948181,-0.005507815163582563,-0.013376451097428799,-0.052435602992773056,-0.07158008962869644,-0.05987895652651787,-0.048938438296318054,2.363776445388794,0.3939627408981323,-0.044760920107364655,-0.0045804898254573345,-0.6899295449256897,2.80901837348938,5718796.0
98.0,53.01050567626953,0.46464428305625916,-0.150121808052063,860.6553344726562,-0.13412444293498993,1119.0264892578125,-0.5132715702056885,1046.174072265625,-0.34074902534484863,1137.4385986328125,-0.8278658390045166,0.8062890768051147,0.8011860847473145,0.82279372215271,0.6232396960258484,0.4585266411304474,0.40628311038017273,-0.005559237208217382,-0.013476812280714512,-0.05233527719974518,-0.07075982540845871,-0.05859168991446495,-0.04772630333900452,2.3373279571533203,0.3895546495914459,-0.0436263382434845,-0.00461822934448719,-0.6956139802932739,2.8089144229888916,5718584.5
98.0999984741211,53.05544662475586,0.4494369328022003,-0.15207363665103912,860.6416625976562,-0.13957159221172333,1118.9747314453125,-0.5208126306533813,1046.1395263671875,-0.34838470816612244,1137.3555908203125,-0.8324741125106812,0.8057306408882141,0.7998335361480713,0.8175657391548157,0.6162051558494568,0.45273128151893616,0.40157029032707214,-0.0056090890429914,-0.013573164120316505,-0.05222263187170029,-0.06993043422698975,-0.057317547500133514,-0.046535592526197433,2.3115551471710205,0.3852591812610626,-0.042509280145168304,-0.0046545593068003654,-0.7010861039161682,2.8088064193725586,5718364.5
98.19999694824219,53.09885025024414,0.4340153634548187,-0.15421578288078308,860.62744140625,-0.14499154686927795,1118.92236328125,-0.5282392501831055,1046.1043701171875,-0.35593894124031067,1137.2720947265625,-0.8369224071502686,0.8051673173904419,0.7984715700149536,0.8123496770858765,0.6092539429664612,0.4470627009868622,0.3969755172729492,-0.005657397210597992,-0.013665578328073025,-0.05209803208708763,-0.06909272074699402,-0.056056909263134,-0.04536542296409607,2.286447286605835,0.38107457756996155,-0.04141000658273697,-0.004689458291977644,-0.7063426971435547,2.8086938858032227,5718135.5
98.30000305175781,53.14070510864258,0.41854217648506165,-0.1547318398952484,860.6126708984375,-0.15038277208805084,1118.869140625,-0.5355517268180847,1046.068359375,-0.3634108006954193,1137.188232421875,-0.8412147760391235,0.8045992255210876,0.7971006035804749,0.8071466088294983,0.6023868918418884,0.44151943922042847,0.3924967348575592,-0.005704191979020834,-0.01375413779169321,-0.05196187645196915,-0.06824757158756256,-0.054810430854558945,-0.04421604797244072,2.2619917392730713,0.376998633146286,-0.04033345356583595,-0.004722920246422291,-0.7113828659057617,2.808577299118042,5717898.0
98.4000015258789,53.181026458740234,0.40321364998817444,-0.1532852202653885,860.5973510742188,-0.15574374794960022,1118.815185546875,-0.5427506566047668,1046.03173828125,-0.3707994818687439,1137.1038818359375,-0.8453558683395386,0.8040265440940857,0.7957209348678589,0.8019577264785767,0.5956047177314758,0.4361000955104828,0.3881317377090454,-0.005749511066824198,-0.013838943094015121,-0.05181462690234184,-0.06739601492881775,-0.053579144179821014,-0.04308897256851196,2.2381722927093506,0.3730286955833435,-0.039284974336624146,-0.004754957277327776,-0.7162083983421326,2.8084561824798584,5717652.0
98.5,53.21984100341797,0.38814568519592285,-0.15067972242832184,860.58154296875,-0.1610729843378067,1118.7606201171875,-0.5498369336128235,1045.9942626953125,-0.37810418009757996,1137.0191650390625,-0.8493509888648987,0.8034493923187256,0.7943329215049744,0.7967841029167175,0.5889079570770264,0.4308030605316162,0.38387829065322876,-0.005793396383523941,-0.013920103199779987,-0.051656775176525116,-0.06653913855552673,-0.052364252507686615,-0.04198611155152321,2.214970827102661,0.36916181445121765,-0.03826696053147316,-0.00478559173643589,-0.7208226919174194,2.80833101272583,5717397.0
98.5999984741211,53.25721740722656,0.37378329038619995,-0.14362384378910065,860.5651245117188,-0.16636912524700165,1118.7052001953125,-0.556812047958374,1045.9560546875,-0.3853243291378021,1136.9339599609375,-0.8532070517539978,0.8028678894042969,0.7929370403289795,0.7916268110275269,0.5822970867156982,0.42562660574913025,0.379733681678772,-0.005835903808474541,-0.013997763395309448,-0.05148893594741821,-0.06567829102277756,-0.05116771534085274,-0.04091153293848038,2.1923632621765137,0.36539387702941895,-0.037292733788490295,-0.004814887885004282,-0.7252354025840759,2.808201789855957,5717133.5
98.69999694824219,53.293216705322266,0.35998597741127014,-0.13797308504581451,860.5482177734375,-0.1716308295726776,1118.649169921875,-0.5636775493621826,1045.917236328125,-0.3924594521522522,1136.8485107421875,-0.856930673122406,0.8022822737693787,0.7915335297584534,0.7864866852760315,0.5757724642753601,0.4205688238143921,0.37569501996040344,-0.00587708642706275,-0.014072060585021973,-0.05131169408559799,-0.06481476128101349,-0.0499911792576313,-0.03986777737736702,2.1703262329101562,0.3617210388183594,-0.036355044692754745,-0.004842896014451981,-0.7294541001319885,2.80806827545166,5716862.0
98.80000305175781,53.32790756225586,0.34690847992897034,-0.13077512383460999,860.5308227539062,-0.17685680091381073,1118.592529296875,-0.5704349875450134,1045.8775634765625,-0.3995092213153839,1136.7625732421875,-0.8605285882949829,0.801692545413971,0.7901227474212646,0.7813647985458374,0.5693342089653015,0.4156275987625122,0.3717590868473053,-0.005916999652981758,-0.014143137261271477,-0.05112563818693161,-0.06394980847835541,-0.048836275935173035,-0.03885714337229729,2.1488358974456787,0.3581393361091614,-0.03545837849378586,-0.004869682248681784,-0.7334887385368347,2.8079304695129395,5716581.5
98.9000015258789,53.36137390136719,0.3346570134162903,-0.12251458317041397,860.5128784179688,-0.1820458620786667,1118.53515625,-0.5770862698554993,1045.8372802734375,-0.4064734876155853,1136.6763916015625,-0.8640079498291016,0.8010988831520081,0.788705050945282,0.7762619256973267,0.5629824995994568,0.4108006954193115,0.36792242527008057,-0.005955701693892479,-0.014211141504347324,-0.050931382924318314,-0.06308474391698837,-0.04770469292998314,-0.03788192942738533,2.1278669834136963,0.3546445071697235,-0.03460434451699257,-0.004895322024822235,-0.7373506426811218,2.807788848876953,5716293.0
99.0,53.393653869628906,0.32281988859176636,-0.1183711513876915,860.494384765625,-0.18719686567783356,1118.47705078125,-0.5836328268051147,1045.7962646484375,-0.4133521020412445,1136.58984375,-0.8673742413520813,0.8005014657974243,0.7872806191444397,0.7711788415908813,0.5567172765731812,0.4060857892036438,0.3641815483570099,-0.005993236787617207,-0.014276188798248768,-0.0507294163107872,-0.062220532447099686,-0.04659715294837952,-0.036941301077604294,2.1073999404907227,0.3512333333492279,-0.0337785966694355,-0.004919851664453745,-0.7410454750061035,2.807642936706543,5715996.0
99.0999984741211,53.42477035522461,0.3111433684825897,-0.11676514893770218,860.4754638671875,-0.1923087239265442,1118.41845703125,-0.5900757908821106,1045.754638671875,-0.4201451241970062,1136.5029296875,-0.870631217956543,0.7999002933502197,0.785849928855896,0.7661163210868835,0.5505383610725403,0.40148040652275085,0.3605331480503082,-0.006029637064784765,-0.014338364824652672,-0.05052010715007782,-0.061357833445072174,-0.045513562858104706,-0.03603234887123108,2.087421178817749,0.3479035198688507,-0.03297377750277519,-0.0049432870000600815,-0.7445753216743469,2.807492971420288,5715690.5
99.19999694824219,53.4547119140625,0.2994096577167511,-0.1173371821641922,860.4559326171875,-0.1973804533481598,1118.359130859375,-0.5964158773422241,1045.7122802734375,-0.42685261368751526,1136.4156494140625,-0.8737816214561462,0.7992955446243286,0.7844130992889404,0.7610751390457153,0.5444456338882446,0.39698222279548645,0.35697421431541443,-0.00606492580845952,-0.014397731050848961,-0.05030373856425285,-0.06049707904458046,-0.04445328935980797,-0.03515118733048439,2.067920684814453,0.3446534276008606,-0.032183196395635605,-0.004965620581060648,-0.7479393482208252,2.8073389530181885,5715377.5
99.30000305175781,53.48344421386719,0.2873260974884033,-0.12083578109741211,860.4359741210938,-0.20241108536720276,1118.2991943359375,-0.6026535630226135,1045.669189453125,-0.4334745705127716,1136.328125,-0.8768268823623657,0.7986873388290405,0.7829704880714417,0.7560558915138245,0.5384389162063599,0.39258894324302673,0.3535022437572479,-0.006099115125834942,-0.014454321935772896,-0.05008048564195633,-0.05963844805955887,-0.04341507330536842,-0.03429284319281578,2.048893928527832,0.3414823114871979,-0.03139808401465416,-0.004986820742487907,-0.7511325478553772,2.8071811199188232,5715055.5
99.4000015258789,53.51091003417969,0.2746737599372864,-0.1265232115983963,860.4154663085938,-0.20739974081516266,1118.238525390625,-0.6087889671325684,1045.6256103515625,-0.44001105427742004,1136.2403564453125,-0.8797670602798462,0.798075795173645,0.7815223336219788,0.7510592937469482,0.5325179100036621,0.38829848170280457,0.35011520981788635,-0.006132207810878754,-0.014508151449263096,-0.04985044524073601,-0.05878191068768501,-0.04239720106124878,-0.03345189243555069,2.0303401947021484,0.338390052318573,-0.030612381175160408,-0.005006833933293819,-0.7541469931602478,2.8070192337036133,5714726.0
99.5,53.53702926635742,0.26120325922966003,-0.13470499217510223,860.3944702148438,-0.21234557032585144,1118.1773681640625,-0.6148217916488647,1045.581298828125,-0.44646206498146057,1136.1522216796875,-0.8826013207435608,0.7974609732627869,0.7800689339637756,0.746086061000824,0.526682436466217,0.38410887122154236,0.3468116819858551,-0.006164197809994221,-0.014559208415448666,-0.04961363226175308,-0.05792723596096039,-0.04139755293726921,-0.03262258321046829,2.012263059616089,0.33537718653678894,-0.02981906570494175,-0.0050255837850272655,-0.7569711804389954,2.8068532943725586,5714388.5
99.5999984741211,53.56170654296875,0.2467736005783081,-0.1442965865135193,860.3729858398438,-0.21724781394004822,1118.1156005859375,-0.6207516193389893,1045.5362548828125,-0.4528275728225708,1136.0638427734375,-0.8853280544281006,0.7968429923057556,0.7786105871200562,0.7411368489265442,0.5209324359893799,0.380018413066864,0.34359073638916016,-0.006195072550326586,-0.014607470482587814,-0.04937000572681427,-0.05707406625151634,-0.04041382297873497,-0.03179948776960373,1.9946684837341309,0.3324447572231293,-0.02901461534202099,-0.00504298135638237,-0.7595916390419006,2.8066835403442383,5714043.0
99.69999694824219,53.5848503112793,0.23141168057918549,-0.15361922979354858,860.3510131835938,-0.2221056967973709,1118.05322265625,-0.6265779137611389,1045.49072265625,-0.4591074585914612,1135.97509765625,-0.8879454731941223,0.7962219715118408,0.7771475911140442,0.7362123727798462,0.5152676105499268,0.37602564692497253,0.3404519855976105,-0.006224820856004953,-0.014652911573648453,-0.04911952465772629,-0.05622205138206482,-0.03944388031959534,-0.030978523194789886,1.9775625467300415,0.3295937478542328,-0.028200125321745872,-0.005058939568698406,-0.7619953155517578,2.8065099716186523,5713689.5
99.80000305175781,53.60638427734375,0.21533545851707458,-0.16076228022575378,860.32861328125,-0.2269185483455658,1117.9903564453125,-0.6323004961013794,1045.4444580078125,-0.46530160307884216,1135.88623046875,-0.8904528617858887,0.7955980896949768,0.7756801247596741,0.7313132286071777,0.5096880197525024,0.3721292316913605,0.3373953402042389,-0.006253436207771301,-0.014695525169372559,-0.04886220768094063,-0.0553709901869297,-0.03848615661263466,-0.030157815665006638,1.9609485864639282,0.32682475447654724,-0.02738168090581894,-0.005073391832411289,-0.7641721367835999,2.806332588195801,5713328.5
99.9000015258789,53.626251220703125,0.1986965537071228,-0.16638906300067902,860.3056640625,-0.23168565332889557,1117.9267578125,-0.6379191875457764,1045.3975830078125,-0.47140976786613464,1135.797119140625,-0.8928500413894653,0.7949713468551636,0.7742086052894592,0.7264401912689209,0.5041934251785278,0.3683280646800995,0.33442074060440063,-0.006280918605625629,-0.01473531499505043,-0.048598118126392365,-0.05452082306146622,-0.03753955662250519,-0.029336994513869286,1.9448273181915283,0.3241378962993622,-0.02656279131770134,-0.005086285527795553,-0.7661142945289612,2.8061513900756836,5712959.5
100.0,53.644412994384766,0.18160687386989594,-0.17089678347110748,860.2822265625,-0.23640641570091248,1117.8626708984375,-0.6434340476989746,1045.3502197265625,-0.47743186354637146,1135.7076416015625,-0.8951372504234314,0.7943419218063354,0.772733211517334,0.7215938568115234,0.4987838566303253,0.36462101340293884,0.3315282166004181,-0.006307271774858236,-0.014772295020520687,-0.048327356576919556,-0.053671564906835556,-0.03660329431295395,-0.02851647138595581,1.9291977882385254,0.3215329647064209,-0.025745989754796028,-0.0050975787453353405,-0.7678152918815613,2.80596661567688,5712583.0
100.0999984741211,53.66082000732422,0.16405510902404785,-0.17551764845848083,860.2583618164062,-0.24108022451400757,1117.798095703125,-0.6488451957702637,1045.3021240234375,-0.4833676517009735,1135.6180419921875,-0.8973147869110107,0.793709933757782,0.7712542414665222,0.7167750000953674,0.49345913529396057,0.36100712418556213,0.32871773838996887,-0.006332498975098133,-0.014806480146944523,-0.04805002361536026,-0.052823230624198914,-0.03567665442824364,-0.02769654430449009,1.9140592813491821,0.3190098702907562,-0.024930354207754135,-0.0051072281785309315,-0.7692686915397644,2.8057780265808105,5712199.0
100.19999694824219,53.67542266845703,0.146037295460701,-0.18017804622650146,860.2340087890625,-0.2457064837217331,1117.73291015625,-0.6541526317596436,1045.2535400390625,-0.48921701312065125,1135.5281982421875,-0.8993828892707825,0.7930755019187927,0.7697719931602478,0.7119841575622559,0.4882192015647888,0.35748544335365295,0.3259892165660858,-0.006356603000313044,-0.014837882481515408,-0.04776620864868164,-0.05197582766413689,-0.034758929163217545,-0.026877306401729584,1.8994110822677612,0.3165684938430786,-0.02411550097167492,-0.005115190055221319,-0.77046799659729,2.8055856227874756,5711807.5
100.30000305175781,53.688228607177734,0.12806309759616852,-0.17974211275577545,860.209228515625,-0.2502846419811249,1117.667236328125,-0.6593568325042725,1045.204345703125,-0.4949797987937927,1135.438232421875,-0.9013434648513794,0.7924386858940125,0.7682867646217346,0.7072219848632812,0.4830639362335205,0.3540550768375397,0.3233424723148346,-0.006379600614309311,-0.014866547659039497,-0.04747612029314041,-0.05112965404987335,-0.03385029733181,-0.02606135979294777,1.8852465152740479,0.3142077624797821,-0.023315122351050377,-0.0051214685663580894,-0.7714136838912964,2.805389642715454,5711408.5
100.4000015258789,53.69927978515625,0.11052731424570084,-0.17535774409770966,860.1839599609375,-0.2548142373561859,1117.60107421875,-0.6644589304924011,1045.154541015625,-0.5006559491157532,1135.347900390625,-0.9031999111175537,0.7917996048927307,0.7667987942695618,0.7024891972541809,0.4779932200908661,0.3507150709629059,0.32077693939208984,-0.006401520688086748,-0.01489255204796791,-0.047180090099573135,-0.050285305827856064,-0.032951731234788895,-0.025253159925341606,1.8715530633926392,0.3119255006313324,-0.0225380789488554,-0.005126104224473238,-0.7721119523048401,2.805190086364746,5711002.5
100.5,53.7086181640625,0.093386709690094,-0.171406090259552,860.1582641601562,-0.25929468870162964,1117.534423828125,-0.6694599986076355,1045.1041259765625,-0.5062453746795654,1135.257568359375,-0.9049559235572815,0.7911584377288818,0.7653083801269531,0.6977862119674683,0.47300681471824646,0.347464382648468,0.31829169392585754,-0.00642239348962903,-0.01491597481071949,-0.04687844216823578,-0.049443360418081284,-0.03206415846943855,-0.024456093087792397,1.8583178520202637,0.30971962213516235,-0.021781647577881813,-0.005129133816808462,-0.7725682258605957,2.8049869537353516,5710589.0
100.5999984741211,53.716251373291016,0.07631518691778183,-0.17071521282196045,860.1321411132812,-0.263725608587265,1117.4671630859375,-0.6743608713150024,1045.05322265625,-0.5117482542991638,1135.1669921875,-0.9066137075424194,0.7905151844024658,0.763815701007843,0.6931136846542358,0.4681044816970825,0.34430187940597534,0.3158855736255646,-0.006442238576710224,-0.014936870895326138,-0.04657141491770744,-0.04860416427254677,-0.031187815591692924,-0.023670831695199013,1.8455324172973633,0.30758872628211975,-0.021036673337221146,-0.00513056293129921,-0.7727835178375244,2.8047804832458496,5710168.0
100.69999694824219,53.722206115722656,0.05956113338470459,-0.1675405204296112,860.1055297851562,-0.26810652017593384,1117.3995361328125,-0.6791623830795288,1045.0018310546875,-0.5171646475791931,1135.076171875,-0.9081760048866272,0.789870023727417,0.7623211145401001,0.6884721517562866,0.463285893201828,0.3412264287471771,0.31355729699134827,-0.00646108016371727,-0.014955302700400352,-0.04625927284359932,-0.047768138349056244,-0.030323151499032974,-0.02289861999452114,1.8331868648529053,0.3055311441421509,-0.020310169085860252,-0.005130422301590443,-0.7727623581886292,2.804570198059082,5709740.5
100.80000305175781,53.72651290893555,0.04303758218884468,-0.1652355194091797,860.0784912109375,-0.27243706583976746,1117.3314208984375,-0.6838655471801758,1044.9498291015625,-0.5224946737289429,1134.9853515625,-0.9096454381942749,0.7892230153083801,0.7608247399330139,0.683862030506134,0.45855075120925903,0.33823686838150024,0.31130558252334595,-0.0064789410680532455,-0.01497132983058691,-0.0459422692656517,-0.04693565517663956,-0.029470505192875862,-0.0221401434391737,1.8212716579437256,0.3035452663898468,-0.01959848403930664,-0.0051287333481013775,-0.772507905960083,2.804356813430786,5709305.5
100.9000015258789,53.72916793823242,0.02655273675918579,-0.1648484617471695,860.051025390625,-0.27671685814857483,1117.2626953125,-0.6884711384773254,1044.8973388671875,-0.527738630771637,1134.894287109375,-0.9110237956047058,0.7885742783546448,0.7593269348144531,0.6792839169502258,0.4538986384868622,0.3353319466114044,0.3091290295124054,-0.006495836190879345,-0.014984996989369392,-0.04562059044837952,-0.04610694199800491,-0.028629792854189873,-0.02139470726251602,1.8097801208496094,0.30163002014160156,-0.01889631152153015,-0.005125499330461025,-0.7720208168029785,2.8041398525238037,5708864.0
101.0,53.73017883300781,0.010135853663086891,-0.1641688197851181,860.023193359375,-0.2809455394744873,1117.1937255859375,-0.6929797530174255,1044.8443603515625,-0.5328966379165649,1134.8031005859375,-0.9123126268386841,0.7879238724708557,0.757827877998352,0.6747381091117859,0.4493292272090912,0.3325105309486389,0.3070264160633087,-0.006511780899018049,-0.014996343292295933,-0.04529441520571709,-0.045282185077667236,-0.027800869196653366,-0.020661594346165657,1.7987061738967896,0.2997843623161316,-0.018204383552074432,-0.005120727699249983,-0.7713021039962769,2.803919553756714,5708415.5
101.0999984741211,53.72957992553711,-0.005997820757329464,-0.1613367348909378,859.994873046875,-0.285122811794281,1117.1241455078125,-0.6973923444747925,1044.790771484375,-0.5379689335823059,1134.7117919921875,-0.9135143160820007,0.7872719168663025,0.756327748298645,0.670225203037262,0.44484207034111023,0.32977139949798584,0.3049964904785156,-0.006526795215904713,-0.015005424618721008,-0.04496396705508232,-0.0444616861641407,-0.026983918622136116,-0.019941240549087524,1.7880414724349976,0.29800692200660706,-0.017527693882584572,-0.005114444997161627,-0.770355761051178,2.8036959171295166,5707960.0
101.19999694824219,53.72739791870117,-0.021842027083039284,-0.15844206511974335,859.9661254882812,-0.28924840688705444,1117.05419921875,-0.7017099261283875,1044.7366943359375,-0.5429559350013733,1134.6204833984375,-0.9146310687065125,0.7866185307502747,0.7548268437385559,0.6657454967498779,0.4404367506504059,0.3271133303642273,0.3030379116535187,-0.006540900096297264,-0.015012294054031372,-0.044629476964473724,-0.04364575445652008,-0.026179155334830284,-0.01923411153256893,1.7777771949768066,0.29629620909690857,-0.016865331679582596,-0.005106679163873196,-0.7691860198974609,2.803468942642212,5707498.0
101.30000305175781,53.72364044189453,-0.03754587098956108,-0.15703843533992767,859.93701171875,-0.29332205653190613,1116.9837646484375,-0.7059333324432373,1044.68212890625,-0.5478578209877014,1134.5289306640625,-0.9156647324562073,0.785963773727417,0.7533254027366638,0.661299467086792,0.43611276149749756,0.32453516125679016,0.3011494278907776,-0.006554111372679472,-0.015016996301710606,-0.04429112374782562,-0.04283459112048149,-0.025386501103639603,-0.01853969693183899,1.767906665802002,0.2946510910987854,-0.016212977468967438,-0.005097443237900734,-0.7677948474884033,2.803238868713379,5707029.5
101.4000015258789,53.71832275390625,-0.053191740065813065,-0.15645867586135864,859.907470703125,-0.29734355211257935,1116.9129638671875,-0.7100631594657898,1044.627197265625,-0.5526750683784485,1134.437255859375,-0.916616678237915,0.785307765007019,0.7518235445022583,0.6568874716758728,0.43186965584754944,0.32203564047813416,0.2993297874927521,-0.006566441617906094,-0.01501956582069397,-0.043949052691459656,-0.04202830046415329,-0.024605659767985344,-0.017856929451227188,1.7584246397018433,0.2930707633495331,-0.01556839793920517,-0.005086743738502264,-0.7661832571029663,2.8030054569244385,5706554.5
101.5,53.711463928222656,-0.06857942044734955,-0.15387679636478424,859.8775634765625,-0.3013126850128174,1116.841796875,-0.7141003012657166,1044.5716552734375,-0.5574078559875488,1134.3455810546875,-0.9174885749816895,0.7846505641937256,0.7503215670585632,0.6525098085403442,0.42770692706108093,0.31961363554000854,0.297577828168869,-0.006577907130122185,-0.015020047314465046,-0.043603453785181046,-0.041227083653211594,-0.023836597800254822,-0.017185769975185394,1.7493244409561157,0.2915540635585785,-0.01493642944842577,-0.005074605345726013,-0.764354944229126,2.8027689456939697,5706073.0
101.5999984741211,53.703121185302734,-0.08342912793159485,-0.1484970599412918,859.8472290039062,-0.3052293062210083,1116.770263671875,-0.7180460095405579,1044.515625,-0.5620567202568054,1134.2537841796875,-0.918283224105835,0.7839922308921814,0.7488195896148682,0.6481668949127197,0.42362403869628906,0.31726792454719543,0.2958923578262329,-0.006588531658053398,-0.015018504112958908,-0.04325456917285919,-0.04043130204081535,-0.02307976223528385,-0.016527632251381874,1.7405955791473389,0.29009926319122314,-0.014323245733976364,-0.005061078816652298,-0.7623175978660583,2.8025293350219727,5705585.5
101.69999694824219,53.693359375,-0.09763748943805695,-0.14208365976810455,859.8165283203125,-0.3090932071208954,1116.6982421875,-0.7219014763832092,1044.459228515625,-0.5666220784187317,1134.1619873046875,-0.9190037846565247,0.783332884311676,0.747317910194397,0.6438590288162231,0.41962045431137085,0.31499722599983215,0.29427194595336914,-0.006598344072699547,-0.015015007928013802,-0.04290268197655678,-0.03964139148592949,-0.022335786372423172,-0.01588425412774086,1.7322262525558472,0.28870436549186707,-0.013730418868362904,-0.005046225152909756,-0.7600802183151245,2.8022866249084473,5705091.0
101.80000305175781,53.68222427368164,-0.11131627857685089,-0.13678784668445587,859.785400390625,-0.31290432810783386,1116.6258544921875,-0.7256680727005005,1044.40234375,-0.5711043477058411,1134.0699462890625,-0.9196531772613525,0.7826725840568542,0.745816707611084,0.6395864486694336,0.41569554805755615,0.3128002882003784,0.2927151024341583,-0.006607368588447571,-0.015009623020887375,-0.0425480417907238,-0.038857702165842056,-0.021605076268315315,-0.01525640208274126,1.7242056131362915,0.2873676121234894,-0.013154547661542892,-0.005030093248933554,-0.7576504349708557,2.8020408153533936,5704591.0
101.9000015258789,53.66977310180664,-0.12451823800802231,-0.13201959431171417,859.75390625,-0.31666257977485657,1116.5531005859375,-0.7293468713760376,1044.344970703125,-0.5755040645599365,1133.97802734375,-0.9202337861061096,0.7820114493370056,0.7443161010742188,0.6353495121002197,0.41184869408607483,0.3106757402420044,0.2912202477455139,-0.0066156270913779736,-0.015002408996224403,-0.04219087213277817,-0.03808053582906723,-0.02088785544037819,-0.014644186943769455,1.7165240049362183,0.2860873341560364,-0.012594243511557579,-0.005012729670852423,-0.7550350427627563,2.8017921447753906,5704084.5
102.0,53.65606689453125,-0.137091726064682,-0.1257348358631134,859.7220458984375,-0.32036784291267395,1116.47998046875,-0.7329393029212952,1044.2872314453125,-0.5798218846321106,1133.885986328125,-0.9207485914230347,0.7813494801521301,0.7428162693977356,0.6311483979225159,0.40807920694351196,0.30862224102020264,0.28978580236434937,-0.006623146124184132,-0.01499343104660511,-0.041831422597169876,-0.03731023520231247,-0.020184513181447983,-0.014048267155885696,1.7091706991195679,0.2848617732524872,-0.012053095735609531,-0.004994192626327276,-0.752242922782898,2.8015403747558594,5703572.0
102.0999984741211,53.641178131103516,-0.14885850250720978,-0.1176677718758583,859.6898803710938,-0.324020117521286,1116.406494140625,-0.7364468574523926,1044.22900390625,-0.584058403968811,1133.7938232421875,-0.9212009310722351,0.7806868553161621,0.7413174510002136,0.6269833445549011,0.40438637137413025,0.30663833022117615,0.2884100675582886,-0.006629955023527145,-0.014982765540480614,-0.0414699912071228,-0.036547254770994186,-0.019495707005262375,-0.013470069505274296,1.702132225036621,0.2836886942386627,-0.011534913443028927,-0.004974558483809233,-0.7492855787277222,2.801285982131958,5703054.0
102.19999694824219,53.625221252441406,-0.15959826111793518,-0.10739756375551224,859.6572875976562,-0.32761940360069275,1116.3326416015625,-0.7398713231086731,1044.17041015625,-0.5882142186164856,1133.7017822265625,-0.9215950965881348,0.7800235152244568,0.7398198246955872,0.622854471206665,0.40076944231987,0.30472251772880554,0.2870911657810211,-0.006636090576648712,-0.01497050654143095,-0.04110691323876381,-0.035792164504528046,-0.01882242225110531,-0.012911811470985413,1.6953928470611572,0.28256547451019287,-0.011044621467590332,-0.0049539231695234776,-0.7461774349212646,2.8010284900665283,5702530.0
102.30000305175781,53.608306884765625,-0.16911378502845764,-0.09515529125928879,859.6243286132812,-0.3311656713485718,1116.258544921875,-0.7432147264480591,1044.1114501953125,-0.5922901630401611,1133.6094970703125,-0.92193603515625,0.7793596386909485,0.738323450088501,0.6187620162963867,0.39722761511802673,0.3028732240200043,0.2858269512653351,-0.00664159469306469,-0.014956760220229626,-0.040742579847574234,-0.03504566103219986,-0.01816592365503311,-0.012376265600323677,1.6889338493347168,0.28148898482322693,-0.010586542077362537,-0.0049324012361466885,-0.7429357171058655,2.8007681369781494,5702000.0
102.4000015258789,53.59054183959961,-0.17766466736793518,-0.08550885319709778,859.591064453125,-0.33465901017189026,1116.18408203125,-0.7464790344238281,1044.052001953125,-0.5962870121002197,1133.517333984375,-0.9222279191017151,0.7786952257156372,0.7368285059928894,0.6147059798240662,0.39375996589660645,0.30108869075775146,0.28461509943008423,-0.0066465046256780624,-0.014941619709134102,-0.04037734121084213,-0.0343082919716835,-0.01752704381942749,-0.011864487081766129,1.682739019393921,0.2804565131664276,-0.010153685696423054,-0.004910083021968603,-0.7395740151405334,2.8005051612854004,5701464.5
102.5,53.57200622558594,-0.18535472452640533,-0.07690050452947617,859.557373046875,-0.33809947967529297,1116.1092529296875,-0.7496659755706787,1043.9921875,-0.6002057194709778,1133.425048828125,-0.9224745035171509,0.7780303359031677,0.7353351712226868,0.6106865406036377,0.3903656005859375,0.29936712980270386,0.28345322608947754,-0.006650852505117655,-0.01492516603320837,-0.04001148045063019,-0.03358049318194389,-0.01690628193318844,-0.011376467533409595,1.6767940521240234,0.2794656753540039,-0.009744072332978249,-0.0048870486207306385,-0.7361044883728027,2.800239324569702,5700923.5
102.5999984741211,53.55280685424805,-0.1920047104358673,-0.06649992614984512,859.5234375,-0.34148719906806946,1116.0340576171875,-0.7527775764465332,1043.9320068359375,-0.6040471792221069,1133.3328857421875,-0.9226799011230469,0.7773650884628296,0.7338435053825378,0.6067036986351013,0.38704347610473633,0.2977067232131958,0.282338947057724,-0.006654675118625164,-0.014907493256032467,-0.03964533284306526,-0.032862771302461624,-0.01630432903766632,-0.010912922210991383,1.6710832118988037,0.2785138487815857,-0.009362282231450081,-0.004863395355641842,-0.7325417399406433,2.799970865249634,5700376.5
102.69999694824219,53.53303146362305,-0.19773386418819427,-0.05729145556688309,859.4890747070312,-0.34482231736183167,1115.9586181640625,-0.7558157444000244,1043.871337890625,-0.6078124642372131,1133.2406005859375,-0.9228479862213135,0.776699423789978,0.732353687286377,0.6027575135231018,0.3837926387786865,0.2961055338382721,0.28126975893974304,-0.006658006459474564,-0.014888685196638107,-0.03927920386195183,-0.03215557709336281,-0.01572170853614807,-0.010474035516381264,1.6655911207199097,0.27759850025177,-0.009004867635667324,-0.004839208908379078,-0.7288987040519714,2.7996997833251953,5699824.5
102.80000305175781,53.512752532958984,-0.20281368494033813,-0.05079829320311546,859.4544677734375,-0.34810495376586914,1115.8829345703125,-0.7587822079658508,1043.8104248046875,-0.611502468585968,1133.1483154296875,-0.9229817390441895,0.7760335206985474,0.7308658361434937,0.5988478660583496,0.38061195611953735,0.29456162452697754,0.28024327754974365,-0.00666087307035923,-0.014868810772895813,-0.03891332820057869,-0.03145918995141983,-0.01515844464302063,-0.010058540850877762,1.6603059768676758,0.2767176628112793,-0.008665387518703938,-0.004814550746232271,-0.7251846194267273,2.7994260787963867,5699267.5
102.9000015258789,53.49201202392578,-0.20737197995185852,-0.04558291658759117,859.4194946289062,-0.3513353765010834,1115.806884765625,-0.7616784572601318,1043.7490234375,-0.6151184439659119,1133.0560302734375,-0.9230835437774658,0.775367259979248,0.7293799519538879,0.5949748158454895,0.37750035524368286,0.2930731177330017,0.27925726771354675,-0.006663297303020954,-0.014847924932837486,-0.03854789212346077,-0.03077375516295433,-0.014614262618124485,-0.009664592333137989,1.6552183628082275,0.2758697271347046,-0.008341207168996334,-0.0047894688323140144,-0.7214066982269287,2.799149751663208,5698705.0
103.0,53.47086715698242,-0.21147388219833374,-0.04101910442113876,859.3842163085938,-0.3545137941837311,1115.7305908203125,-0.764505922794342,1043.6873779296875,-0.6186612844467163,1132.963623046875,-0.9231553673744202,0.7747008800506592,0.7278962731361389,0.5911382436752319,0.3744567632675171,0.291638046503067,0.2783096432685852,-0.006665298715233803,-0.014826079830527306,-0.0381830669939518,-0.030099375173449516,-0.014088766649365425,-0.009290364570915699,1.6503196954727173,0.2750532925128937,-0.008030835539102554,-0.004764006473124027,-0.7175714373588562,2.798870801925659,5698137.0
103.0999984741211,53.449371337890625,-0.21493388712406158,-0.03459995985031128,859.3485717773438,-0.35764044523239136,1115.654052734375,-0.7672663331031799,1043.6253662109375,-0.6221321225166321,1132.871337890625,-0.9231998324394226,0.7740342617034912,0.7264147996902466,0.5873381495475769,0.3714800477027893,0.2902546226978302,0.2773984670639038,-0.006666900124400854,-0.014803332276642323,-0.03781904652714729,-0.029436234384775162,-0.013581836596131325,-0.00893524382263422,1.645599603652954,0.2742666006088257,-0.007738904561847448,-0.004738223738968372,-0.7136879563331604,2.7985894680023193,5697564.5
103.19999694824219,53.42762756347656,-0.21743619441986084,-0.025023046880960464,859.3126831054688,-0.3607156276702881,1115.5771484375,-0.7699615955352783,1043.56298828125,-0.6255320906639099,1132.779052734375,-0.9232204556465149,0.7733674645423889,0.7249356508255005,0.5835744142532349,0.3685690760612488,0.28892093896865845,0.27652180194854736,-0.006668135058134794,-0.014779764227569103,-0.03745611011981964,-0.028784705325961113,-0.013093901798129082,-0.008600419387221336,1.641043782234192,0.273507297039032,-0.007472777273505926,-0.004712209105491638,-0.7097695469856262,2.7983057498931885,5696986.5
103.30000305175781,53.405696868896484,-0.21933819353580475,-0.019020088016986847,859.2764282226562,-0.36373963952064514,1115.5,-0.7725933790206909,1043.500244140625,-0.6288623809814453,1132.6866455078125,-0.923220157623291,0.7727006077766418,0.7234588861465454,0.5798469185829163,0.36572265625,0.28763511776924133,0.2756776213645935,-0.0066690281964838505,-0.014755439944565296,-0.037094466388225555,-0.02814500406384468,-0.012624945491552353,-0.008285497315227985,1.6366409063339233,0.27277350425720215,-0.00722298352047801,-0.004686018452048302,-0.705824613571167,2.7980194091796875,5696404.0
103.4000015258789,53.38358688354492,-0.22108148038387299,-0.01743280701339245,859.2399291992188,-0.36671286821365356,1115.422607421875,-0.7751631140708923,1043.4371337890625,-0.6321240067481995,1132.5943603515625,-0.9231999516487122,0.77203369140625,0.7219845652580261,0.5761554837226868,0.36293959617614746,0.28639525175094604,0.2748640477657318,-0.006669591646641493,-0.014730390161275864,-0.036734215915203094,-0.02751704677939415,-0.012174154631793499,-0.007987746968865395,1.6323857307434082,0.27206429839134216,-0.006979526951909065,-0.004659667145460844,-0.701855480670929,2.7977309226989746,5695816.5
103.5,53.36128234863281,-0.2230372279882431,-0.019557418301701546,859.203125,-0.3696356415748596,1115.344970703125,-0.7776715159416199,1043.373779296875,-0.6353181600570679,1132.5020751953125,-0.9231595993041992,0.7713667154312134,0.7205128073692322,0.5724999904632568,0.3602187931537628,0.2851996421813965,0.2740795910358429,-0.0066698272712528706,-0.014704620465636253,-0.036375340074300766,-0.02690049074590206,-0.011740067042410374,-0.007702934555709362,1.6282778978347778,0.27137964963912964,-0.006734002847224474,-0.004633135627955198,-0.6978592872619629,2.7974400520324707,5695224.0
103.5999984741211,53.33876419067383,-0.2251841425895691,-0.021469172090291977,859.166015625,-0.37250834703445435,1115.26708984375,-0.7801194190979004,1043.31005859375,-0.6384459137916565,1132.4097900390625,-0.923098623752594,0.7706997394561768,0.7190436720848083,0.5688803791999817,0.35755908489227295,0.28404664993286133,0.2733231484889984,-0.006669733673334122,-0.014678126201033592,-0.036017805337905884,-0.026294957846403122,-0.01132122240960598,-0.0074275340884923935,1.6243183612823486,0.2707197368144989,-0.006487417034804821,-0.004606407135725021,-0.6938332915306091,2.797146797180176,5694627.5
103.69999694824219,53.31601333618164,-0.22750982642173767,-0.02325691282749176,859.1286010742188,-0.3753313720226288,1115.18896484375,-0.7825075387954712,1043.24609375,-0.6415082812309265,1132.3173828125,-0.9230164289474487,0.7700327634811401,0.7175772190093994,0.5652964115142822,0.3549593985080719,0.28293484449386597,0.2725938558578491,-0.006669308990240097,-0.01465090923011303,-0.03566158562898636,-0.02570008672773838,-0.010916288942098618,-0.007158932276070118,1.6205075979232788,0.27008458971977234,-0.006239633075892925,-0.0045794653706252575,-0.6897752285003662,2.796851396560669,5694026.0
103.80000305175781,53.29299545288086,-0.23019927740097046,-0.026894422248005867,859.0909423828125,-0.37810516357421875,1115.110595703125,-0.7848363518714905,1043.1817626953125,-0.6445062160491943,1132.22509765625,-0.922912061214447,0.7693659067153931,0.7161135077476501,0.5617479681968689,0.3524186611175537,0.28186291456222534,0.2718912363052368,-0.006668548099696636,-0.014622953720390797,-0.03530661016702652,-0.025115419179201126,-0.010523749515414238,-0.006894257850944996,1.6168484687805176,0.26947474479675293,-0.005985768977552652,-0.0045522768050432205,-0.6856799721717834,2.796553611755371,5693420.0
103.9000015258789,53.2696533203125,-0.23340992629528046,-0.03210650384426117,859.052978515625,-0.3808301091194153,1115.031982421875,-0.7871062159538269,1043.1171875,-0.6474406719207764,1132.1328125,-0.9227836728096008,0.7686991095542908,0.7146526575088501,0.5582350492477417,0.349935919046402,0.28082969784736633,0.27121502161026,-0.0066674393601715565,-0.014594235457479954,-0.03495275229215622,-0.024540390819311142,-0.010141882114112377,-0.006630344782024622,1.6133462190628052,0.26889103651046753,-0.005722025875002146,-0.004524794407188892,-0.6815404891967773,2.7962539196014404,5692809.5
104.0,53.245914459228516,-0.23740699887275696,-0.039970703423023224,859.0147705078125,-0.3835066854953766,1114.9532470703125,-0.7893171310424805,1043.0523681640625,-0.6503124237060547,1132.0406494140625,-0.9226285815238953,0.768032431602478,0.713194727897644,0.5547574162483215,0.3475102484226227,0.27983421087265015,0.27056536078453064,-0.0066659641452133656,-0.014564708806574345,-0.03459983319044113,-0.023974277079105377,-0.009768624790012836,-0.0063633485697209835,1.6100096702575684,0.2683349549770355,-0.005441742949187756,-0.00449694599956274,-0.677345871925354,2.7959518432617188,5692194.5
104.0999984741211,53.221702575683594,-0.2421189546585083,-0.04711964353919029,858.9762573242188,-0.3861353099346161,1114.8741455078125,-0.7914689183235168,1042.9871826171875,-0.6531221866607666,1131.9483642578125,-0.9224441051483154,0.7673659324645996,0.7117397785186768,0.5513150691986084,0.3451407551765442,0.2788757383823395,0.26994267106056213,-0.0066641028970479965,-0.014534326270222664,-0.03424765169620514,-0.023416364565491676,-0.009402047842741013,-0.006090294569730759,1.606847882270813,0.2678079903125763,-0.0051467628218233585,-0.004468666389584541,-0.6730862855911255,2.7956478595733643,5691575.5
104.19999694824219,53.196998596191406,-0.2470218986272812,-0.049029357731342316,858.9375610351562,-0.388716459274292,1114.794921875,-0.7935619354248047,1042.9217529296875,-0.655870795249939,1131.8560791015625,-0.9222290515899658,0.7666996121406555,0.710287868976593,0.547907829284668,0.3428266644477844,0.2779535949230194,0.269347608089447,-0.0066618481650948524,-0.014503072947263718,-0.03389613702893257,-0.02286623604595661,-0.009041150100529194,-0.005811312235891819,1.6038641929626465,0.2673107087612152,-0.00484934588894248,-0.004439938813447952,-0.6687592267990112,2.795341730117798,5690952.5
104.30000305175781,53.171783447265625,-0.25215640664100647,-0.05134515091776848,858.8985595703125,-0.39125052094459534,1114.7154541015625,-0.7955965995788574,1042.85595703125,-0.65855872631073,1131.763916015625,-0.9219825267791748,0.7660335898399353,0.7088391780853271,0.5445358157157898,0.3405672311782837,0.2770673334598541,0.2687807083129883,-0.00665919529274106,-0.014470938593149185,-0.033545225858688354,-0.02232353761792183,-0.008685124106705189,-0.005526822060346603,1.6010611057281494,0.2668435275554657,-0.004546998534351587,-0.004410742316395044,-0.6643615961074829,2.7950336933135986,5690325.0
104.4000015258789,53.14600372314453,-0.2577979266643524,-0.056415170431137085,858.8593139648438,-0.3937380015850067,1114.6357421875,-0.7975728511810303,1042.7900390625,-0.661186695098877,1131.6717529296875,-0.9217026233673096,0.7653678059577942,0.7073937654495239,0.5411987900733948,0.3383617103099823,0.2762164771556854,0.26824259757995605,-0.006656131241470575,-0.01443789154291153,-0.03319479525089264,-0.021787751466035843,-0.008332770317792892,-0.005235725548118353,1.5984445810317993,0.26640743017196655,-0.004232864361256361,-0.004381031729280949,-0.6598864793777466,2.7947235107421875,5689693.5
104.5,53.11960220336914,-0.2640175223350525,-0.06219610944390297,858.81982421875,-0.3961792588233948,1114.555908203125,-0.7994906306266785,1042.7237548828125,-0.6637552380561829,1131.57958984375,-0.9213870763778687,0.7647023797035217,0.7059516310691833,0.5378968119621277,0.3362094461917877,0.27540069818496704,0.26773399114608765,-0.006652639713138342,-0.01440389547497034,-0.03284468874335289,-0.021258292719721794,-0.007982746697962284,-0.004936479032039642,1.5960222482681274,0.26600372791290283,-0.0039054143708199263,-0.004350753966718912,-0.6553259491920471,2.7944114208221436,5689058.5
104.5999984741211,53.0925178527832,-0.27081745862960815,-0.0679992213845253,858.7800903320312,-0.3985747992992401,1114.4759521484375,-0.8013497591018677,1042.6572265625,-0.6662648320198059,1131.4874267578125,-0.921033501625061,0.7640373110771179,0.7045130133628845,0.5346298813819885,0.3341098427772522,0.2746199071407318,0.2672557830810547,-0.00664870347827673,-0.014368907548487186,-0.03249473497271538,-0.02073456533253193,-0.007633762434124947,-0.0046277474611997604,1.5938023328781128,0.2656337320804596,-0.003564224811270833,-0.004319856874644756,-0.6506720781326294,2.794097423553467,5688419.0
104.69999694824219,53.064735412597656,-0.27786052227020264,-0.07043075561523438,858.7401123046875,-0.40092501044273376,1114.3956298828125,-0.8031502366065979,1042.5904541015625,-0.6687159538269043,1131.3953857421875,-0.9206403493881226,0.7633726000785828,0.7030779123306274,0.5313978791236877,0.33206233382225037,0.2738739848136902,0.2668088972568512,-0.006644312292337418,-0.01433290634304285,-0.03214483708143234,-0.020216165110468864,-0.007285091560333967,-0.004309946205466986,1.5917894840240479,0.2652982473373413,-0.0032172114588320255,-0.004288319032639265,-0.6459217667579651,2.7937815189361572,5687776.0
104.80000305175781,53.03623580932617,-0.2849906384944916,-0.07130105793476105,858.6998901367188,-0.40323033928871155,1114.3153076171875,-0.8048923015594482,1042.5235595703125,-0.6711089611053467,1131.3033447265625,-0.9202069640159607,0.7627084255218506,0.7016464471817017,0.5282009243965149,0.33006641268730164,0.27316293120384216,0.2663941979408264,-0.00663946196436882,-0.014295882545411587,-0.0317949540913105,-0.019702821969985962,-0.0069364020600914955,-0.003984403796494007,1.5899858474731445,0.2649976313114166,-0.002867154311388731,-0.004256133921444416,-0.6410738825798035,2.793463945388794,5687129.5
104.9000015258789,53.00700378417969,-0.2922951281070709,-0.07304476201534271,858.659423828125,-0.4054911434650421,1114.2347412109375,-0.8065760731697083,1042.456298828125,-0.6734443306922913,1131.2113037109375,-0.9197322726249695,0.7620447278022766,0.7002187967300415,0.5250388979911804,0.3281215727329254,0.27248674631118774,0.26601243019104004,-0.006634146440774202,-0.01425782311707735,-0.03144502267241478,-0.019194236025214195,-0.0065872929990291595,-0.0036518084816634655,1.5883945226669312,0.2647324204444885,-0.0025113695301115513,-0.004223285708576441,-0.6361262202262878,2.793144464492798,5686479.0
105.0,52.97701644897461,-0.2998850345611572,-0.07589931041002274,858.6187744140625,-0.4077078700065613,1114.1539306640625,-0.8082014918327332,1042.3887939453125,-0.6757223606109619,1131.119384765625,-0.9192149043083191,0.7613816261291504,0.698794960975647,0.5219119191169739,0.3262273967266083,0.2718455493450165,0.2656642496585846,-0.006628355942666531,-0.014218705706298351,-0.031094951555132866,-0.018690036609768867,-0.006237170659005642,-0.003311991458758712,1.5870201587677002,0.2645033597946167,-0.002147043589502573,-0.004189750179648399,-0.6310749053955078,2.792823076248169,5685825.0
105.0999984741211,52.94624710083008,-0.3076794445514679,-0.0779440701007843,858.577880859375,-0.4098808765411377,1114.072998046875,-0.809768557548523,1042.3211669921875,-0.6779434084892273,1131.0274658203125,-0.9186536073684692,0.7607191205024719,0.6973750591278076,0.5188199281692505,0.3243834376335144,0.27123939990997314,0.26535043120384216,-0.0066220820881426334,-0.014178512617945671,-0.030744656920433044,-0.01818988099694252,-0.0058855400420725346,-0.002964992308989167,1.5858670473098755,0.26431116461753845,-0.0017760851187631488,-0.004155508708208799,-0.6259174346923828,2.7925002574920654,5685167.5
105.19999694824219,52.9146842956543,-0.3156447410583496,-0.07965296506881714,858.5368041992188,-0.4120105504989624,1113.991943359375,-0.8112773299217224,1042.253173828125,-0.680107831954956,1130.9356689453125,-0.9180471897125244,0.7600572109222412,0.6959592700004578,0.515762984752655,0.32258927822113037,0.27066853642463684,0.26507166028022766,-0.006615316029638052,-0.014137224294245243,-0.030394067987799644,-0.01769345998764038,-0.005532007198780775,-0.0026110156904906034,1.5849387645721436,0.2641564607620239,-0.0013987774727866054,-0.004120547790080309,-0.6206514835357666,2.792175531387329,5684506.5
105.30000305175781,52.88228225708008,-0.3240354061126709,-0.08390640467405319,858.4954833984375,-0.41409724950790405,1113.9107666015625,-0.8127274513244629,1042.18505859375,-0.6822158098220825,1130.8438720703125,-0.917393684387207,0.7593960762023926,0.6945476531982422,0.5127411484718323,0.3208446204662323,0.2701331377029419,0.2648286521434784,-0.006608044728636742,-0.01409480907022953,-0.03004305064678192,-0.017200326547026634,-0.005175813101232052,-0.0022489947732537985,1.5842422246932983,0.26404038071632385,-0.0010083059314638376,-0.004084829706698656,-0.6152714490890503,2.791849136352539,5683842.0
105.4000015258789,52.84903335571289,-0.3324854075908661,-0.08450018614530563,858.4539794921875,-0.4161413609981537,1113.8294677734375,-0.8141189217567444,1042.1168212890625,-0.6842677593231201,1130.752197265625,-0.9166920185089111,0.7587356567382812,0.6931403875350952,0.5097544193267822,0.31914910674095154,0.26963353157043457,0.2646222710609436,-0.006600259803235531,-0.014051249250769615,-0.029691537842154503,-0.016710195690393448,-0.004816662520170212,-0.0018793860217556357,1.5837812423706055,0.263963520526886,-0.0006140260957181454,-0.0040483493357896805,-0.6097766757011414,2.7915210723876953,5683174.0
105.5,52.8149528503418,-0.340791255235672,-0.08305829763412476,858.4122924804688,-0.4181431829929352,1113.7479248046875,-0.8154518604278564,1042.0482177734375,-0.6862637400627136,1130.6605224609375,-0.9159418344497681,0.758076012134552,0.6917374730110168,0.5068028569221497,0.317502498626709,0.26916995644569397,0.26445314288139343,-0.006591960787773132,-0.014006546698510647,-0.029339520260691643,-0.01622295007109642,-0.004454720765352249,-0.0015038518467918038,1.5835561752319336,0.26392602920532227,-0.000219853624003008,-0.004011122509837151,-0.6041694283485413,2.791191577911377,5682503.0
105.5999984741211,52.780067443847656,-0.3488374352455139,-0.08046203851699829,858.370361328125,-0.4201031029224396,1113.6663818359375,-0.8167266845703125,1041.9794921875,-0.6882041096687317,1130.5689697265625,-0.9151434898376465,0.7574172616004944,0.6903390884399414,0.5038865208625793,0.315904438495636,0.26874271035194397,0.26432177424430847,-0.006583150941878557,-0.013960709795355797,-0.02898702770471573,-0.015738558024168015,-0.004090366419404745,-0.001124335452914238,1.5835661888122559,0.263927698135376,0.0001717966515570879,-0.003973173443228006,-0.5984534025192261,2.790860414505005,5681829.0
105.69999694824219,52.74440002441406,-0.3566891849040985,-0.0785173550248146,858.3282470703125,-0.42202138900756836,1113.5845947265625,-0.8179435729980469,1041.91064453125,-0.6900890469551086,1130.4775390625,-0.9142969846725464,0.7567594051361084,0.6889453530311584,0.5010054707527161,0.31435468792915344,0.2683520019054413,0.264228492975235,-0.006573832593858242,-0.013913746923208237,-0.028634078800678253,-0.015256967395544052,-0.0037238881923258305,-0.0007421025657095015,1.5838103294372559,0.2639683783054352,0.0005628677899949253,-0.003934521693736315,-0.5926315784454346,2.790527582168579,5681151.5
105.80000305175781,52.70795822143555,-0.36440491676330566,-0.07715729624032974,858.2859497070312,-0.4238983988761902,1113.5028076171875,-0.8191027641296387,1041.841552734375,-0.6919188499450684,1130.3861083984375,-0.913402259349823,0.7561025023460388,0.6875563859939575,0.4981597363948822,0.3128529489040375,0.2679980397224426,0.26417356729507446,-0.0065640052780508995,-0.013865659944713116,-0.028280677273869514,-0.014778085052967072,-0.0033554243855178356,-0.0003577223396860063,1.5842890739440918,0.26404815912246704,0.0009547699009999633,-0.0038951814640313387,-0.5867059826850891,2.790193557739258,5680471.0
105.9000015258789,52.67076110839844,-0.37198683619499207,-0.07581933587789536,858.2434692382812,-0.42573443055152893,1113.4207763671875,-0.8202044367790222,1041.772216796875,-0.6936936974525452,1130.2947998046875,-0.9124590754508972,0.7554466128349304,0.6861723065376282,0.49534934759140015,0.3113989531993866,0.2676810324192047,0.26415714621543884,-0.006553668528795242,-0.013816448859870434,-0.027926813811063766,-0.014301802031695843,-0.0029850665014237165,2.8486669179983437e-05,1.5850027799606323,0.2641671299934387,0.0013475947780534625,-0.003855165559798479,-0.5806786417961121,2.789857864379883,5679788.0
106.0,52.63282775878906,-0.37934932112693787,-0.07362491637468338,858.2008056640625,-0.4275297522544861,1113.3387451171875,-0.8212487697601318,1041.7027587890625,-0.6954138875007629,1130.20361328125,-0.911467432975769,0.754791796207428,0.6847931742668152,0.49257439374923706,0.3099924921989441,0.2674011290073395,0.26417940855026245,-0.006542824674397707,-0.013766121119260788,-0.027572503313422203,-0.01382805872708559,-0.00261301570571959,0.0004159232194069773,1.5859512090682983,0.26432520151138306,0.0017393077723681927,-0.003814496099948883,-0.5745528936386108,2.789520740509033,5679101.5
106.0999984741211,52.594146728515625,-0.38678404688835144,-0.07434719800949097,858.157958984375,-0.4292846620082855,1113.256591796875,-0.8222358226776123,1041.6331787109375,-0.6970797181129456,1130.112548828125,-0.9104264974594116,0.7541381120681763,0.6834191083908081,0.48983487486839294,0.3086332678794861,0.26715853810310364,0.2642405033111572,-0.0065314676612615585,-0.013714664615690708,-0.027217695489525795,-0.013356644660234451,-0.002239040331915021,0.000805425108410418,1.58713698387146,0.26452282071113586,0.0021377899684011936,-0.003773167496547103,-0.568327784538269,2.789182186126709,5678412.5
106.19999694824219,52.55472183227539,-0.3942459225654602,-0.07461874186992645,858.1149291992188,-0.4309994578361511,1113.17431640625,-0.8231654763221741,1041.5633544921875,-0.6986912488937378,1130.021484375,-0.9093353748321533,0.7534855604171753,0.6820502877235413,0.48713088035583496,0.30732110142707825,0.2669534385204315,0.26434072852134705,-0.006519590970128775,-0.013662064447999,-0.026862332597374916,-0.012887323275208473,-0.0018628431716933846,0.0011978632537648082,1.5885634422302246,0.2647605836391449,0.002541497815400362,-0.003731178818270564,-0.5620033144950867,2.7888424396514893,5677720.5
106.30000305175781,52.51454544067383,-0.4017632007598877,-0.0751727744936943,858.07177734375,-0.4326744079589844,1113.0919189453125,-0.8240375518798828,1041.493408203125,-0.7002487778663635,1129.9306640625,-0.9081928730010986,0.7528342008590698,0.6806867718696594,0.4844624400138855,0.3060557544231415,0.2667860984802246,0.2644803524017334,-0.006507187150418758,-0.013608304783701897,-0.026506343856453896,-0.012419851496815681,-0.001484109554439783,0.00159402284771204,1.590234398841858,0.2650390565395355,0.0029517190996557474,-0.0036885265726596117,-0.555578887462616,2.788501262664795,5677026.0
106.4000015258789,52.473602294921875,-0.40943676233291626,-0.07673551887273788,858.0284423828125,-0.4343097507953644,1113.009521484375,-0.8248518109321594,1041.42333984375,-0.7017523646354675,1129.83984375,-0.9069976806640625,0.7521841526031494,0.6793286800384521,0.4818296432495117,0.30483707785606384,0.2666567862033844,0.2646598219871521,-0.006494245491921902,-0.013553362339735031,-0.02614963799715042,-0.011953919194638729,-0.0011023494880646467,0.0019951120484620333,1.592154860496521,0.26535913348197937,0.003371413331478834,-0.003645197954028845,-0.5490525960922241,2.788158655166626,5676328.5
106.5,52.43184280395508,-0.41759833693504333,-0.08161565661430359,857.9849243164062,-0.4359057545661926,1112.927001953125,-0.8256075978279114,1041.35302734375,-0.7032022476196289,1129.749267578125,-0.9057469964027405,0.7515353560447693,0.677976131439209,0.4792325496673584,0.3036649525165558,0.26656582951545715,0.2648797929286957,-0.006480745505541563,-0.01349718775600195,-0.02579203061759472,-0.01148900855332613,-0.000716519367415458,0.002403863240033388,1.5943342447280884,0.2657223641872406,0.0038096290081739426,-0.0036011498887091875,-0.5424178838729858,2.7878148555755615,5675628.5
106.5999984741211,52.38920974731445,-0.42633262276649475,-0.08734305948019028,857.9412231445312,-0.4374626576900482,1112.8443603515625,-0.8263040781021118,1041.28271484375,-0.7045984268188477,1129.6588134765625,-0.9044376015663147,0.7508879899978638,0.6766292452812195,0.4766712784767151,0.30253925919532776,0.26651373505592346,0.26514115929603577,-0.0064666615799069405,-0.013439720496535301,-0.025433294475078583,-0.011024492792785168,-0.00032532040495425463,0.0028233544435352087,1.5967847108840942,0.2661307752132416,0.004268711432814598,-0.003556331852450967,-0.5356672406196594,2.7874698638916016,5674926.0
106.69999694824219,52.345672607421875,-0.4353753328323364,-0.09042688459157944,857.8973999023438,-0.43898066878318787,1112.76171875,-0.8269404172897339,1041.212158203125,-0.7059409022331238,1129.568359375,-0.9030667543411255,0.7502420544624329,0.6752882599830627,0.47414594888687134,0.30146005749702454,0.2665010690689087,0.2654450833797455,-0.006451972294598818,-0.013380912132561207,-0.02507324516773224,-0.010559873655438423,7.213578646769747e-05,0.0032549502793699503,1.5995157957077026,0.26658597588539124,0.004742507357150316,-0.0035107177682220936,-0.5287966728210449,2.787123680114746,5674221.5
106.80000305175781,52.30125045776367,-0.44423535466194153,-0.0886002853512764,857.8534545898438,-0.4404600262641907,1112.678955078125,-0.8275163173675537,1041.1414794921875,-0.7072295546531677,1129.4781494140625,-0.9016334414482117,0.7495976090431213,0.6739531755447388,0.4716567099094391,0.30042731761932373,0.266528457403183,0.26579269766807556,-0.0064366706646978855,-0.013320745900273323,-0.02471182681620121,-0.010094967670738697,0.00047584532876498997,0.0036971603985875845,1.6025315523147583,0.2670885920524597,0.005219279322773218,-0.0034643260296434164,-0.5218090415000916,2.786776065826416,5673514.0
106.9000015258789,52.25599670410156,-0.45252200961112976,-0.08286652714014053,857.809326171875,-0.44190093874931335,1112.59619140625,-0.8280320167541504,1041.0706787109375,-0.7084643840789795,1129.3880615234375,-0.900138258934021,0.7489547729492188,0.6726241707801819,0.4692036509513855,0.2994410991668701,0.2665964663028717,0.26618492603302,-0.006420761812478304,-0.013259237632155418,-0.024349097162485123,-0.009629891254007816,0.0008850073791109025,0.004146436229348183,1.6058297157287598,0.26763826608657837,0.005689859855920076,-0.0034172108862549067,-0.5147123336791992,2.7864274978637695,5672804.5
107.0,52.20998001098633,-0.460180401802063,-0.07658408582210541,857.7650756835938,-0.44330352544784546,1112.513427734375,-0.8284878134727478,1040.999755859375,-0.7096453905105591,1129.298095703125,-0.898582398891449,0.7483134865760803,0.6713013648986816,0.4667869210243225,0.2985013425350189,0.2667056620121002,0.26662224531173706,-0.006404255982488394,-0.013196413405239582,-0.023985151201486588,-0.009164849296212196,0.0012986274668946862,0.004599336534738541,1.6094061136245728,0.26823434233665466,0.006153374910354614,-0.0033694307785481215,-0.507515549659729,2.7860777378082275,5672092.5
107.0999984741211,52.16324234008789,-0.467344731092453,-0.07164319604635239,857.720703125,-0.4446680247783661,1112.4305419921875,-0.828883945941925,1040.9288330078125,-0.7107725739479065,1129.2083740234375,-0.8969665169715881,0.7476739287376404,0.6699849367141724,0.46440666913986206,0.2976081371307373,0.2668563723564148,0.26710495352745056,-0.0063871596939861774,-0.013132293708622456,-0.023620061576366425,-0.008699978701770306,0.0017159676644951105,0.005053822882473469,1.6132581233978271,0.2688763439655304,0.006613212171941996,-0.003321032738313079,-0.5002256631851196,2.785727024078369,5671378.0
107.19999694824219,52.11587905883789,-0.4736490845680237,-0.06304346770048141,857.6761474609375,-0.4459945857524872,1112.34765625,-0.8292210698127747,1040.857666015625,-0.7118459939956665,1129.1187744140625,-0.8952925205230713,0.7470360994338989,0.6686749458312988,0.4620629549026489,0.2967613637447357,0.26704898476600647,0.26763302087783813,-0.006369488779455423,-0.013066919520497322,-0.023253975436091423,-0.008235608227550983,0.002135813469067216,0.005506694782525301,1.617379069328308,0.2695631682872772,0.0070587461814284325,-0.003272096160799265,-0.49285465478897095,2.7853751182556152,5670662.0
107.30000305175781,52.06795120239258,-0.4792923629283905,-0.05643276125192642,857.6314697265625,-0.4472833573818207,1112.2646484375,-0.8294996023178101,1040.786376953125,-0.7128657698631287,1129.029296875,-0.8935620784759521,0.7464000582695007,0.6673715710639954,0.45975589752197266,0.2959609925746918,0.2672836184501648,0.2682062089443207,-0.006351257208734751,-0.013000326231122017,-0.02288702316582203,-0.0077720214612782,0.00255714263767004,0.005955867934972048,1.621762752532959,0.27029380202293396,0.007495816331356764,-0.003222682746127248,-0.4854118227958679,2.785022258758545,5669943.5
107.4000015258789,52.019508361816406,-0.48440197110176086,-0.05109632760286331,857.586669921875,-0.4485344886779785,1112.1817626953125,-0.8297200202941895,1040.715087890625,-0.7138319611549377,1128.9400634765625,-0.8917762041091919,0.7457658648490906,0.6660749316215515,0.4574855864048004,0.2952069044113159,0.2675604522228241,0.26882410049438477,-0.00633247522637248,-0.012932540848851204,-0.022519296035170555,-0.0073093934915959835,0.002979295328259468,0.006400620099157095,1.6264054775238037,0.2710675597190857,0.007926931604743004,-0.003172842087224126,-0.47790464758872986,2.784668445587158,5669223.0
107.5,51.97062301635742,-0.4888792932033539,-0.04477309435606003,857.541748046875,-0.44974812865257263,1112.0987548828125,-0.8298828601837158,1040.6436767578125,-0.7147448062896729,1128.8509521484375,-0.8899363279342651,0.7451335787773132,0.6647850871086121,0.455252081155777,0.29449906945228577,0.26787951588630676,0.2694861888885498,-0.006313154008239508,-0.01286359317600727,-0.022150905802845955,-0.006847941782325506,0.0034015304408967495,0.006839986424893141,1.631301999092102,0.27188366651535034,0.00834876112639904,-0.0031226328574121,-0.4703419804573059,2.784313440322876,5668500.5
107.5999984741211,51.92131423950195,-0.4930753707885742,-0.04196074232459068,857.4967651367188,-0.45092442631721497,1112.0157470703125,-0.8299882411956787,1040.5721435546875,-0.7156044840812683,1128.7620849609375,-0.8880427479743958,0.7445032596588135,0.6635022759437561,0.4530554413795471,0.2938372790813446,0.2682407796382904,0.2701919674873352,-0.006293297279626131,-0.012793496251106262,-0.021781882271170616,-0.006387700792402029,0.003823655191808939,0.007274759002029896,1.636451005935669,0.2727418541908264,0.008771121501922607,-0.0030720815993845463,-0.46272778511047363,2.7839577198028564,5667776.0
107.69999694824219,51.87161636352539,-0.49696454405784607,-0.03889175131917,857.4515991210938,-0.45206353068351746,1111.9327392578125,-0.8300362825393677,1040.50048828125,-0.7164110541343689,1128.67333984375,-0.8860955834388733,0.7438749670982361,0.6622264385223389,0.4508957266807556,0.29322147369384766,0.268644243478775,0.2709410488605499,-0.0062729069031775,-0.012722253799438477,-0.02141224592924118,-0.005928653292357922,0.004245625343173742,0.007705913856625557,1.6418522596359253,0.27364203333854675,0.009192368946969509,-0.003021217416971922,-0.455066442489624,2.7836010456085205,5667049.5
107.80000305175781,51.82159423828125,-0.5002366304397583,-0.03272082284092903,857.4063110351562,-0.45316562056541443,1111.8497314453125,-0.8300275802612305,1040.4288330078125,-0.7171648740768433,1128.5848388671875,-0.8840959668159485,0.743248701095581,0.6609578728675842,0.44877302646636963,0.292651504278183,0.26908987760543823,0.27173301577568054,-0.006251993123441935,-0.012649894692003727,-0.02104208804666996,-0.005470980890095234,0.00466685788705945,0.008132514543831348,1.6475012302398682,0.2745835483074188,0.00960371270775795,-0.002970097353681922,-0.44736653566360474,2.783243417739868,5666321.5
107.9000015258789,51.77130126953125,-0.5029248595237732,-0.02688249759376049,857.3609619140625,-0.45423075556755066,1111.7667236328125,-0.8299626111984253,1040.3570556640625,-0.7178659439086914,1128.4964599609375,-0.882045328617096,0.7426245808601379,0.6596965193748474,0.44668734073638916,0.29212722182273865,0.26957759261131287,0.27256736159324646,-0.00623056897893548,-0.012576451525092125,-0.020671525970101357,-0.00501490943133831,0.005086686462163925,0.008553477935492992,1.6533926725387573,0.2755654454231262,0.010006421245634556,-0.002918774727731943,-0.43963614106178284,2.7828848361968994,5665592.0
108.0,51.720821380615234,-0.5048069357872009,-0.018820328637957573,857.3154907226562,-0.45525917410850525,1111.6837158203125,-0.8298420906066895,1040.2852783203125,-0.7185146808624268,1128.408447265625,-0.8799459338188171,0.7420026063919067,0.6584426164627075,0.444638729095459,0.2916484475135803,0.2701071500778198,0.27344343066215515,-0.006208652630448341,-0.01250197272747755,-0.020300723612308502,-0.004560796078294516,0.005504116415977478,0.008966803550720215,1.6595182418823242,0.2765863835811615,0.010393302887678146,-0.0028673233464360237,-0.43188637495040894,2.7825255393981934,5664860.5
108.0999984741211,51.670265197753906,-0.5055486559867859,-0.007417741231620312,857.2698974609375,-0.456250935792923,1111.600830078125,-0.8296674489974976,1040.21337890625,-0.7191112637519836,1128.320556640625,-0.8778014183044434,0.7413828372955322,0.6571961641311646,0.4426271915435791,0.2912149727344513,0.27067825198173523,0.2743602693080902,-0.006186275277286768,-0.012426535598933697,-0.019929958507418633,-0.004109261557459831,0.005917486269026995,0.009368699043989182,1.6658644676208496,0.2776440978050232,0.010754195973277092,-0.0028158468194305897,-0.4241327941417694,2.78216552734375,5664127.0
108.19999694824219,51.619754791259766,-0.5051071643829346,0.0044152638874948025,857.2242431640625,-0.45720624923706055,1111.517822265625,-0.8294401168823242,1040.1414794921875,-0.7196561694145203,1128.2327880859375,-0.875616192817688,0.7407653331756592,0.6559573411941528,0.4406527280807495,0.2908264696598053,0.2712903916835785,0.2753165662288666,-0.006163473706692457,-0.012350231409072876,-0.019559556618332863,-0.0036610381212085485,0.006324918009340763,0.009755260311067104,1.6724151372909546,0.27873584628105164,0.011087153106927872,-0.0027644524816423655,-0.4163915812969208,2.7818045616149902,5663392.5
108.30000305175781,51.569393157958984,-0.5036237239837646,0.014834146946668625,857.178466796875,-0.4581252336502075,1111.4349365234375,-0.8291617035865784,1040.0694580078125,-0.7201497554779053,1128.1453857421875,-0.8733944892883301,0.7401501536369324,0.6547261476516724,0.43871524930000305,0.29048261046409607,0.2719429135322571,0.27631059288978577,-0.006140282843261957,-0.012273147702217102,-0.019189823418855667,-0.0032167965546250343,0.0067247929982841015,0.010123884305357933,1.6791545152664185,0.27985909581184387,0.011394809931516647,-0.0027132339309901,-0.4086768925189972,2.781442880630493,5662656.5
108.4000015258789,51.51927185058594,-0.5012043714523315,0.02419375628232956,857.1326293945312,-0.4590080678462982,1111.3519287109375,-0.8288335800170898,1039.9974365234375,-0.7205926775932312,1128.0582275390625,-0.8711401224136353,0.7395372986793518,0.6535027027130127,0.43681472539901733,0.2901829183101654,0.27263498306274414,0.27734050154685974,-0.006116735748946667,-0.012195366434752941,-0.01882104016840458,-0.0027771377936005592,0.007115761283785105,0.010473033413290977,1.6860684156417847,0.2810114026069641,0.011678524315357208,-0.002662275917828083,-0.4010013937950134,2.781080722808838,5661918.5
108.5,51.469520568847656,-0.49752259254455566,0.03681779280304909,857.086669921875,-0.45985496044158936,1111.2691650390625,-0.8284577131271362,1039.9254150390625,-0.7209855318069458,1127.97119140625,-0.8688582181930542,0.7389268279075623,0.6522871255874634,0.43495097756385803,0.2899269461631775,0.2733656167984009,0.27840423583984375,-0.006092874798923731,-0.012116992846131325,-0.018453577533364296,-0.0023428737185895443,0.007495956961065531,0.01079961284995079,1.693137526512146,0.28218957781791687,0.011926712468266487,-0.002611691365018487,-0.39338219165802,2.780717611312866,5661179.5
108.5999984741211,51.42029571533203,-0.49225518107414246,0.05267401412129402,857.0406494140625,-0.46066606044769287,1111.186279296875,-0.8280366659164429,1039.853271484375,-0.7213289737701416,1127.8843994140625,-0.8665556907653809,0.7383187413215637,0.6510793566703796,0.433123916387558,0.2897140681743622,0.2741336226463318,0.27949923276901245,-0.006068757735192776,-0.012038169428706169,-0.018087932839989662,-0.001915121334604919,0.007862763479351997,0.011098543182015419,1.700336217880249,0.2833893597126007,0.01212834008038044,-0.002561622764915228,-0.38584065437316895,2.7803540229797363,5660439.0
108.69999694824219,51.37174606323242,-0.48549884557724,0.06756352633237839,856.9945068359375,-0.46144160628318787,1111.103515625,-0.8275730609893799,1039.7811279296875,-0.721623957157135,1127.7978515625,-0.8642398715019226,0.737713098526001,0.6498794555664062,0.4313333034515381,0.28954359889030457,0.2749375104904175,0.28062254190444946,-0.006044445559382439,-0.011959046125411987,-0.01772462949156761,-0.0014950382756069303,0.008213580586016178,0.0113654350861907,1.7076374292373657,0.2846062183380127,0.012284590862691402,-0.0025122028309851885,-0.3783968389034271,2.779989719390869,5659697.5
108.80000305175781,51.324005126953125,-0.4773899018764496,0.08108921349048615,856.9483642578125,-0.46218183636665344,1111.020751953125,-0.8270696401596069,1039.708984375,-0.7218714356422424,1127.7115478515625,-0.8619177341461182,0.737109899520874,0.6486875414848328,0.42957887053489685,0.2894147038459778,0.27577558159828186,0.281770795583725,-0.006019996479153633,-0.011879767291247845,-0.017364168539643288,-0.0010837077861651778,0.008546127006411552,0.011597314849495888,1.7150145769119263,0.28583577275276184,0.012396874837577343,-0.002463551703840494,-0.3710688650608063,2.7796247005462646,5658954.5
108.9000015258789,51.277183532714844,-0.4682213366031647,0.09168563038110733,856.902099609375,-0.4628870189189911,1110.9381103515625,-0.8265290260314941,1039.63671875,-0.7220725417137146,1127.62548828125,-0.8595954775810242,0.7365090847015381,0.6475035548210144,0.4278603196144104,0.2893264591693878,0.2766458988189697,0.28294044733047485,-0.005995463579893112,-0.011800461448729038,-0.01700698398053646,-0.0006820330745540559,0.008858714252710342,0.011793200857937336,1.7224442958831787,0.2870740592479706,0.012471803463995457,-0.002415763447061181,-0.3638708293437958,2.779259443283081,5658210.5
109.0,51.23139572143555,-0.4578682780265808,0.10353083908557892,856.8557739257812,-0.4635574519634247,1110.85546875,-0.8259539604187012,1039.564453125,-0.7222284078598022,1127.5396728515625,-0.8572796583175659,0.7359107732772827,0.6463274359703064,0.42617732286453247,0.2892778813838959,0.27754640579223633,0.284127801656723,-0.005970901809632778,-0.011721263639628887,-0.016653534024953842,-0.0002909679606091231,0.009149573743343353,0.011951669119298458,1.729901671409607,0.288316935300827,0.012502776458859444,-0.00236894260160625,-0.3568184971809387,2.778893232345581,5657465.5
109.0999984741211,51.186798095703125,-0.4459987282752991,0.1186954602599144,856.8093872070312,-0.4641934633255005,1110.77294921875,-0.8253477215766907,1039.4923095703125,-0.72234046459198,1127.4539794921875,-0.854978621006012,0.7353149056434631,0.6451592445373535,0.42452946305274963,0.28926777839660645,0.2784748077392578,0.2853289246559143,-0.005946381017565727,-0.01164234522730112,-0.01630440168082714,8.824839460430667e-05,0.009416226297616959,0.012069021351635456,1.737355351448059,0.2895592153072357,0.01247743982821703,-0.002323223277926445,-0.34993210434913635,2.778526782989502,5656719.5
109.19999694824219,51.1435432434082,-0.43254613876342773,0.13452577590942383,856.762939453125,-0.46479538083076477,1110.6904296875,-0.824714183807373,1039.4200439453125,-0.7224100828170776,1127.36865234375,-0.8527016639709473,0.7347214818000793,0.643998920917511,0.4229162335395813,0.289294958114624,0.27942851185798645,0.28653955459594727,-0.00592197896912694,-0.01156389620155096,-0.015960240736603737,0.00045422097900882363,0.009655865840613842,0.012140889652073383,1.7447702884674072,0.2907950282096863,0.012391801923513412,-0.002278745174407959,-0.343232661485672,2.7781598567962646,5655972.0
109.30000305175781,51.10176086425781,-0.41781455278396606,0.14731600880622864,856.7164306640625,-0.46536362171173096,1110.60791015625,-0.82405686378479,1039.3477783203125,-0.7224389910697937,1127.283447265625,-0.8504574298858643,0.7341305017471313,0.6428464651107788,0.42133715748786926,0.2893580496311188,0.2804047465324402,0.28775498270988464,-0.005897768773138523,-0.011486094444990158,-0.015621648170053959,0.0008057078812271357,0.00986622367054224,0.012164955027401447,1.7521133422851562,0.2920188903808594,0.012253065593540668,-0.002235620515421033,-0.3367370665073395,2.77779221534729,5655224.0
109.4000015258789,51.06156539916992,-0.40194374322891235,0.15870799124240875,856.6698608398438,-0.46589866280555725,1110.525634765625,-0.8233795166015625,1039.2755126953125,-0.7224287986755371,1127.198486328125,-0.8482540249824524,0.7335419058799744,0.6417016983032227,0.41979166865348816,0.28945547342300415,0.2814004421234131,0.28897035121917725,-0.005873819813132286,-0.01140910666435957,-0.015289179049432278,0.0011415979824960232,0.010045472532510757,0.012140242382884026,1.7593536376953125,0.29322561621665955,0.01206270419061184,-0.002193948719650507,-0.3304603099822998,2.7774243354797363,5654475.0
109.5,51.02306365966797,-0.3850480318069458,0.16895705461502075,856.6232299804688,-0.4664009213447571,1110.4432373046875,-0.8226856589317322,1039.203369140625,-0.7223813533782959,1127.11376953125,-0.846099317073822,0.7329557538032532,0.6405645608901978,0.4182790517807007,0.289585679769516,0.28241246938705444,0.2901808023452759,-0.005850197747349739,-0.011333095841109753,-0.01496336329728365,0.0014608572237193584,0.010192050598561764,0.012066381983458996,1.7664610147476196,0.29441016912460327,0.011822233907878399,-0.0021538189612329006,-0.32441580295562744,2.7770562171936035,5653725.0
109.5999984741211,50.9863395690918,-0.36721503734588623,0.1783299297094345,856.5765991210938,-0.4668709933757782,1110.361083984375,-0.8219789862632751,1039.131103515625,-0.7222987413406372,1127.029296875,-0.8440008163452148,0.7323718667030334,0.6394350528717041,0.4167986810207367,0.2897469103336334,0.28343743085861206,0.2913813889026642,-0.00582696869969368,-0.011258218437433243,-0.014644711278378963,0.0017625137697905302,0.010304611176252365,0.011943362653255463,1.7734057903289795,0.2955676317214966,0.011532580479979515,-0.0021153120324015617,-0.31861573457717896,2.7766873836517334,5652974.5
109.69999694824219,50.95149612426758,-0.34843766689300537,0.187773659825325,856.5299072265625,-0.4673094153404236,1110.2789306640625,-0.8212631940841675,1039.058837890625,-0.7221828699111938,1126.945068359375,-0.8419663310050964,0.73179030418396,0.6383128762245178,0.4153498113155365,0.28993740677833557,0.28447189927101135,0.2925671935081482,-0.005804198328405619,-0.011184635572135448,-0.014333742670714855,0.0020455927588045597,0.010381828062236309,0.011770895682275295,1.7801579236984253,0.29669299721717834,0.011191781610250473,-0.002078509656712413,-0.31307244300842285,2.776318311691284,5652223.0
109.80000305175781,50.918609619140625,-0.32886022329330444,0.19577446579933167,856.483154296875,-0.4677168130874634,1110.19677734375,-0.8205420970916748,1038.9866943359375,-0.7220359444618225,1126.8609619140625,-0.8400033116340637,0.7312110066413879,0.6371980309486389,0.41393160820007324,0.29015523195266724,0.2855122685432434,0.29373329877853394,-0.005781951360404491,-0.011112500913441181,-0.014030946418642998,0.0023092010524123907,0.010422628372907639,0.011549222283065319,1.7866883277893066,0.297781378030777,0.010803334414958954,-0.002043480519205332,-0.3077962398529053,2.775949001312256,5651471.0
109.9000015258789,50.88776397705078,-0.30847012996673584,0.20390105247497559,856.4363403320312,-0.4680938720703125,1110.11474609375,-0.819819450378418,1038.9144287109375,-0.7218601107597351,1126.7769775390625,-0.8381192088127136,0.7306339144706726,0.6360903382301331,0.41254326701164246,0.29039841890335083,0.28655484318733215,0.29487475752830505,-0.005760291591286659,-0.011041969992220402,-0.01373681053519249,0.002552463673055172,0.010426003485918045,0.011278433725237846,1.792967677116394,0.2988279461860657,0.010365279391407967,-0.002010294236242771,-0.3027976155281067,2.7755792140960693,5650718.5
110.0,50.85903549194336,-0.2872917354106903,0.21178384125232697,856.3895263671875,-0.46844130754470825,1110.0328369140625,-0.8190992474555969,1038.84228515625,-0.7216577529907227,1126.6932373046875,-0.8363215923309326,0.7300589084625244,0.6349895596504211,0.4111838638782501,0.2906648516654968,0.28759583830833435,0.29598668217658997,-0.0057392846792936325,-0.01097320020198822,-0.013451825827360153,0.0027745102997869253,0.010390966199338436,0.01095842756330967,1.7989661693572998,0.2998276948928833,0.009877495467662811,-0.0019790183287113905,-0.2980867326259613,2.7752091884613037,5649965.5
110.0999984741211,50.83246612548828,-0.26568105816841125,0.21610677242279053,856.3426513671875,-0.4687598645687103,1109.950927734375,-0.8183850646018982,1038.7701416015625,-0.7214311957359314,1126.6097412109375,-0.8346166014671326,0.7294859886169434,0.6338955760002136,0.4098525047302246,0.2909524142742157,0.2886313796043396,0.2970642149448395,-0.005718985106796026,-0.010906320065259933,-0.013176384381949902,0.002974726725369692,0.01031724363565445,0.01059107854962349,1.8046587705612183,0.30077648162841797,0.009351339191198349,-0.0019496888853609562,-0.2936690151691437,2.774838924407959,5649211.5
110.19999694824219,50.808082580566406,-0.24382522702217102,0.21855828166007996,856.2957763671875,-0.4690503478050232,1109.869140625,-0.817680299282074,1038.697998046875,-0.7211828231811523,1126.5263671875,-0.8330094218254089,0.7289150953292847,0.6328082084655762,0.40854817628860474,0.29125887155532837,0.2896576523780823,0.29810279607772827,-0.005699438974261284,-0.010841439478099346,-0.012910788878798485,0.003152728546410799,0.010205158963799477,0.010179541073739529,1.8100247383117676,0.30167078971862793,0.008792112581431866,-0.001922324881888926,-0.2895473539829254,2.774468421936035,5648457.0
110.30000305175781,50.78589630126953,-0.22187094390392303,0.21954290568828583,856.2488403320312,-0.46931368112564087,1109.7874755859375,-0.8169878721237183,1038.6258544921875,-0.7209151387214661,1126.443115234375,-0.8315041661262512,0.7283461093902588,0.6317272186279297,0.4072699248790741,0.29158201813697815,0.29067084193229675,0.2990981638431549,-0.005680684465914965,-0.010778647847473621,-0.012655278667807579,0.003308291081339121,0.010055415332317352,0.009727421216666698,1.8150461912155151,0.3025076985359192,0.008204717189073563,-0.0018969326047226787,-0.28572267293930054,2.7740979194641113,5647702.5
110.4000015258789,50.76591110229492,-0.19985751807689667,0.2201341986656189,856.201904296875,-0.4695506989955902,1109.705810546875,-0.8163109421730042,1038.5538330078125,-0.7206304669380188,1126.360107421875,-0.830104649066925,0.7277789115905762,0.6306524276733398,0.4060167074203491,0.29191961884498596,0.2916671633720398,0.3000464141368866,-0.005662756506353617,-0.010718027129769325,-0.012410057708621025,0.0034412723034620285,0.009868863970041275,0.009238051250576973,1.819706678390503,0.3032844364643097,0.0075906747952103615,-0.0018735149642452598,-0.28219544887542725,2.7737269401550293,5646947.5
110.5,50.74812316894531,-0.17786972224712372,0.21987800300121307,856.1549072265625,-0.46976238489151,1109.6241455078125,-0.8156523108482361,1038.4818115234375,-0.7203313112258911,1126.277099609375,-0.8288142085075378,0.7272135019302368,0.6295835375785828,0.40478748083114624,0.29226934909820557,0.29264307022094727,0.300944060087204,-0.005645686760544777,-0.010659649968147278,-0.012175296433269978,0.003551620291545987,0.009646524675190449,0.008714658208191395,1.8239916563034058,0.3039986193180084,0.006953539326786995,-0.00185206753667444,-0.27896493673324585,2.773355722427368,5646192.0
110.5999984741211,50.732521057128906,-0.15603971481323242,0.21830011904239655,856.1079711914062,-0.46994972229003906,1109.5426025390625,-0.8150146007537842,1038.4097900390625,-0.720020055770874,1126.1943359375,-0.8276352882385254,0.7266497611999512,0.6285203695297241,0.4035812318325043,0.2926290035247803,0.29359501600265503,0.301787793636322,-0.00562950037419796,-0.010603574104607105,-0.011951103806495667,0.003639424918219447,0.00938971433788538,0.008160841651260853,1.8278894424438477,0.3046482503414154,0.006298570893704891,-0.0018325741402804852,-0.2760287821292877,2.772984504699707,5645436.0
110.69999694824219,50.71907424926758,-0.13445402681827545,0.2158569097518921,856.0609130859375,-0.47011369466781616,1109.461181640625,-0.8144002556800842,1038.3377685546875,-0.719698965549469,1126.111572265625,-0.8265698552131653,0.7260875701904297,0.6274627447128296,0.4023968279361725,0.2929963171482086,0.2945196032524109,0.3025748133659363,-0.005614216439425945,-0.010549841448664665,-0.011737538501620293,0.003704898990690708,0.009099985472857952,0.007580342702567577,1.831390619277954,0.3052317798137665,0.005629532504826784,-0.0018150112591683865,-0.27338337898254395,2.772613286972046,5644680.0
110.80000305175781,50.70777893066406,-0.11296974122524261,0.2148427665233612,856.013916015625,-0.47025537490844727,1109.3797607421875,-0.8138117790222168,1038.2657470703125,-0.7193704843521118,1126.0289306640625,-0.8256198763847351,0.7255268692970276,0.6264103055000305,0.4012332856655121,0.2933690547943115,0.29541364312171936,0.3033025562763214,-0.005599856376647949,-0.010498499497771263,-0.01153467781841755,0.0037481989711523056,0.008778627961874008,0.006975542288273573,1.8344851732254028,0.30574753880500793,0.0049423035234212875,-0.001799368066713214,-0.27102717757225037,2.7722415924072266,5643923.5
110.9000015258789,50.69863510131836,-0.09143149852752686,0.2153824120759964,855.9669189453125,-0.47037580609321594,1109.2984619140625,-0.813251793384552,1038.19384765625,-0.719036877155304,1125.9464111328125,-0.8247882127761841,0.7249675393104553,0.6253629326820374,0.40008944272994995,0.2937450408935547,0.29627400636672974,0.3039686381816864,-0.005586447659879923,-0.010449610650539398,-0.011342646554112434,0.0037693562917411327,0.00842649769037962,0.006347218528389931,1.8371602296829224,0.30619338154792786,0.004232792649418116,-0.0017856479389593005,-0.2689605951309204,2.7718701362609863,5643167.0
111.0,50.691650390625,-0.06985031813383102,0.2158118635416031,855.9198608398438,-0.4704761505126953,1109.2171630859375,-0.8127231001853943,1038.1219482421875,-0.7187004685401917,1125.864013671875,-0.8240776062011719,0.7244095206260681,0.6243202686309814,0.3989642858505249,0.29412201046943665,0.29709765315055847,0.3045707046985626,-0.005574016831815243,-0.010403236374258995,-0.011161570437252522,0.003768396796658635,0.008044368587434292,0.005695938132703304,1.8394031524658203,0.3065671920776367,0.0035026702098548412,-0.0017738534370437264,-0.2671840488910675,2.771498441696167,5642410.5
111.0999984741211,50.68682861328125,-0.04821672663092613,0.21633587777614594,855.872802734375,-0.47055745124816895,1109.1358642578125,-0.8122282028198242,1038.0501708984375,-0.7183635234832764,1125.7816162109375,-0.8234907984733582,0.7238526940345764,0.6232821941375732,0.3978566825389862,0.2944978177547455,0.2978816330432892,0.30510658025741577,-0.0055625904351472855,-0.01035943441092968,-0.010991562157869339,0.0037453719414770603,0.007633022498339415,0.0050223395228385925,1.841201663017273,0.30686694383621216,0.002752452390268445,-0.0017639878205955029,-0.26569807529449463,2.7711267471313477,5641653.5
111.19999694824219,50.68416976928711,-0.026596376672387123,0.2162034958600998,855.8257446289062,-0.47062093019485474,1109.0546875,-0.8117697834968567,1037.978271484375,-0.7180283069610596,1125.6993408203125,-0.8230299949645996,0.7232969999313354,0.6222482919692993,0.3967655301094055,0.29487019777297974,0.2986230254173279,0.3055739998817444,-0.005552190355956554,-0.010318255983293056,-0.010832704603672028,0.003700405126437545,0.007193380035459995,0.004327522590756416,1.8425449132919312,0.3070908188819885,0.0019855217542499304,-0.001756048877723515,-0.26450228691101074,2.770754814147949,5640896.5
111.30000305175781,50.68365478515625,-0.0051363371312618256,0.21460039913654327,855.7786865234375,-0.4706677198410034,1108.9735107421875,-0.8113499879837036,1037.906494140625,-0.7176970839500427,1125.6170654296875,-0.8226965665817261,0.7227422595024109,0.6212183833122253,0.3956896960735321,0.2952370047569275,0.2993191182613373,0.3059709668159485,-0.005542832426726818,-0.010279732756316662,-0.01068501640111208,0.0036337736528366804,0.006726717576384544,0.003613640321418643,1.8434253931045532,0.30723756551742554,0.0012081027962267399,-0.0017500215908512473,-0.2635944187641144,2.770382881164551,5640139.5
111.4000015258789,50.68522644042969,0.01572146639227867,0.20857803523540497,855.7316284179688,-0.4706989824771881,1108.892333984375,-0.8109704256057739,1037.8348388671875,-0.7173721194267273,1125.5347900390625,-0.8224897384643555,0.7221883535385132,0.6201922297477722,0.3946280777454376,0.29559609293937683,0.29996728897094727,0.30629581212997437,-0.005534513853490353,-0.0102438535541296,-0.01054835319519043,0.0035461473744362593,0.0062353042885661125,0.002885679714381695,1.8438435792922974,0.30730727314949036,0.0004370334791019559,-0.0017458515940234065,-0.2629663348197937,2.7700109481811523,5639382.5
111.5,50.68885803222656,0.036312513053417206,0.20591045916080475,855.6845092773438,-0.4707159698009491,1108.811279296875,-0.8106327652931213,1037.7630615234375,-0.7170554399490356,1125.4525146484375,-0.8224090933799744,0.7216352820396423,0.6191695332527161,0.3935795724391937,0.2959453761577606,0.3005651831626892,0.3065473139286041,-0.005527236498892307,-0.010210617445409298,-0.010422605089843273,0.003438097657635808,0.005721003282815218,0.00214665150269866,1.8437983989715576,0.30729973316192627,-0.0003392610524315387,-0.0017435146728530526,-0.26261430978775024,2.769639015197754,5638625.0
111.5999984741211,50.69454574584961,0.056895140558481216,0.2058262974023819,855.637451171875,-0.4707198441028595,1108.730224609375,-0.810339093208313,1037.69140625,-0.7167491316795349,1125.3702392578125,-0.8224555850028992,0.721082866191864,0.618149995803833,0.39254310727119446,0.2962828576564789,0.30111053586006165,0.3067243695259094,-0.005521011538803577,-0.01018004585057497,-0.010307760909199715,0.0033099332358688116,0.005184858571738005,0.0013967896811664104,1.843283772468567,0.3072139620780945,-0.001127538736909628,-0.0017430095467716455,-0.26253825426101685,2.7692673206329346,5637868.0
111.69999694824219,50.702274322509766,0.07725245505571365,0.20357315242290497,855.5903930664062,-0.4707118570804596,1108.6492919921875,-0.8100910782814026,1037.6197509765625,-0.7164552211761475,1125.2880859375,-0.8226295113563538,0.7205310463905334,0.6171334385871887,0.3915175795555115,0.29660657048225403,0.30160123109817505,0.3068259656429291,-0.005515845492482185,-0.010152150876820087,-0.010203758254647255,0.0031620885711163282,0.004628198221325874,0.0006374322110787034,1.8422963619232178,0.30704939365386963,-0.0019181491807103157,-0.0017443160759285092,-0.2627350389957428,2.768895387649536,5637111.0
111.80000305175781,50.71198272705078,0.0970996618270874,0.1984720379114151,855.5433349609375,-0.4706932008266449,1108.5682373046875,-0.8098900318145752,1037.548095703125,-0.7161756753921509,1125.205810546875,-0.8229294419288635,0.7199796438217163,0.6161194443702698,0.3905019164085388,0.2969145178794861,0.3020353615283966,0.3068512976169586,-0.0055117299780249596,-0.01012690644711256,-0.010110407136380672,0.0029952963814139366,0.004053094889968634,-0.00012781104305759072,1.8408390283584595,0.3068065047264099,-0.0027001877315342426,-0.0017473887419328094,-0.2631978690624237,2.7685234546661377,5636353.5
111.9000015258789,50.72361755371094,0.1163596361875534,0.19259975850582123,855.4962768554688,-0.4706650972366333,1108.4873046875,-0.8097368478775024,1037.4764404296875,-0.715912401676178,1125.1234130859375,-0.8233529925346375,0.7194286584854126,0.6151078939437866,0.3894950747489929,0.2972048819065094,0.30241113901138306,0.3068000078201294,-0.005508650094270706,-0.010104268789291382,-0.010027450509369373,0.002810442354530096,0.0034619260113686323,-0.0008947917376644909,1.8389183282852173,0.3064863681793213,-0.0034700811374932528,-0.0017521753907203674,-0.26391884684562683,2.7681515216827393,5635596.5
112.0,50.73710632324219,0.13486778736114502,0.18508146703243256,855.4491577148438,-0.4706287980079651,1108.40625,-0.8096320033073425,1037.4049072265625,-0.7156670689582825,1125.041015625,-0.8238967061042786,0.718877911567688,0.6140984892845154,0.3884960114955902,0.2974758744239807,0.3027271032333374,0.3066721558570862,-0.005506581161171198,-0.010084175504744053,-0.009954561479389668,0.0026085691060870886,0.002857378451153636,-0.0016588550060987473,1.8365442752838135,0.30609071254730225,-0.004220503382384777,-0.0017586091998964548,-0.2648879289627075,2.767779588699341,5634839.5
112.0999984741211,50.75236511230469,0.15258313715457916,0.1771535873413086,855.402099609375,-0.47058549523353577,1108.3253173828125,-0.8095759153366089,1037.3333740234375,-0.7154413461685181,1124.9586181640625,-0.8245565891265869,0.7183272838592529,0.613090991973877,0.3875037729740143,0.2977259159088135,0.3029820919036865,0.30646824836730957,-0.005505494307726622,-0.010066547431051731,-0.009891366586089134,0.002390809589996934,0.002242250135168433,-0.0024155033752322197,1.83372962474823,0.30562159419059753,-0.004948872607201338,-0.0017666199710220098,-0.26609453558921814,2.7674078941345215,5634082.5
112.19999694824219,50.76932144165039,0.16957391798496246,0.16990779340267181,855.3550415039062,-0.47053641080856323,1108.244384765625,-0.8095685839653015,1037.2618408203125,-0.7152367830276489,1124.8760986328125,-0.8253286480903625,0.7177767753601074,0.6120851039886475,0.38651737570762634,0.29795342683792114,0.303175151348114,0.3061892092227936,-0.00550535973161459,-0.010051310062408447,-0.009837497025728226,0.002158267190679908,0.0016191217582672834,-0.0031613341998308897,1.83048677444458,0.3050811290740967,-0.005656205117702484,-0.001776143559254706,-0.2675290107727051,2.767035961151123,5633325.5
112.30000305175781,50.78791046142578,0.18590039014816284,0.1632647067308426,855.3080444335938,-0.470482736825943,1108.1634521484375,-0.8096102476119995,1037.1903076171875,-0.7150546908378601,1124.7935791015625,-0.8262090086936951,0.7172262072563171,0.6110806465148926,0.3855358958244324,0.2981570065021515,0.30330562591552734,0.3058362305164337,-0.005506149027496576,-0.010038387030363083,-0.00979259517043829,0.0019119908101856709,0.0009903062600642443,-0.003893965855240822,1.8268282413482666,0.30447137355804443,-0.006343112327158451,-0.0017871211748570204,-0.2691825032234192,2.7666642665863037,5632568.5
112.4000015258789,50.808048248291016,0.20136426389217377,0.15463878214359283,855.260986328125,-0.4704256057739258,1108.0823974609375,-0.8097006678581238,1037.1187744140625,-0.7148964405059814,1124.7109375,-0.8271929025650024,0.7166755199432373,0.6100773215293884,0.3845584988594055,0.29833531379699707,0.3033730387687683,0.30541083216667175,-0.005507827270776033,-0.010027687065303326,-0.009756242856383324,0.0016531641595065594,0.00035838209441863,-0.004610204137861729,1.8227694034576416,0.30379489064216614,-0.0070012416690588,-0.0017994765657931566,-0.2710435092449188,2.7662925720214844,5631812.0
112.5,50.82963562011719,0.21589705348014832,0.1453278660774231,855.2139282226562,-0.4703662097454071,1108.00146484375,-0.8098393082618713,1037.04736328125,-0.7147630453109741,1124.628173828125,-0.8282748460769653,0.7161245942115784,0.6090750098228455,0.38358432054519653,0.2984871566295624,0.3033772110939026,0.30491477251052856,-0.005510351154953241,-0.01001910213381052,-0.009727968834340572,0.0013830738607794046,-0.00027390531613491476,-0.005306509789079428,1.8183287382125854,0.3030547797679901,-0.007627643179148436,-0.001813127426430583,-0.2730996608734131,2.765920877456665,5631055.5
112.5999984741211,50.85261154174805,0.22976091504096985,0.13863857090473175,855.1669311523438,-0.4703056514263153,1107.9205322265625,-0.8100258111953735,1036.975830078125,-0.7146555185317993,1124.5452880859375,-0.8294501900672913,0.7155733704566956,0.6080734133720398,0.38261258602142334,0.29861149191856384,0.3033182621002197,0.3043501377105713,-0.005513686221092939,-0.010012541897594929,-0.009707367047667503,0.001102826208807528,-0.0009044244070537388,-0.005981439258903265,1.8135216236114502,0.3022536039352417,-0.008230648934841156,-0.0018280147342011333,-0.27534201741218567,2.7655491828918457,5630298.5
112.69999694824219,50.87691116333008,0.24298594892024994,0.13225041329860687,855.119873046875,-0.47024500370025635,1107.8394775390625,-0.8102597594261169,1036.9044189453125,-0.7145748734474182,1124.4622802734375,-0.8307146430015564,0.7150218486785889,0.6070724129676819,0.38164255023002625,0.29870733618736267,0.30319640040397644,0.3037191331386566,-0.005517798941582441,-0.010007920674979687,-0.009694061242043972,0.0008134287782013416,-0.0015313944313675165,-0.00663443049415946,1.8083622455596924,0.3013937175273895,-0.008809720166027546,-0.0018440821440890431,-0.27776217460632324,2.7651777267456055,5629542.0
112.80000305175781,50.902442932128906,0.25532811880111694,0.12342175096273422,855.0728759765625,-0.47018536925315857,1107.7584228515625,-0.8105404376983643,1036.8328857421875,-0.7145218253135681,1124.379150390625,-0.8320629596710205,0.7144697904586792,0.6060717701911926,0.38067349791526794,0.298773854970932,0.3030121326446533,0.303024023771286,-0.0055226488038897514,-0.010005136020481586,-0.009687602519989014,0.0005160528235137463,-0.0021526494529098272,-0.007263423874974251,1.8028687238693237,0.30047813057899475,-0.00935565959662199,-0.0018612516578286886,-0.2803483009338379,2.764806032180786,5628786.0
112.9000015258789,50.929100036621094,0.2665565013885498,0.11228366941213608,855.0258178710938,-0.47012773156166077,1107.6773681640625,-0.81086665391922,1036.761474609375,-0.7144969701766968,1124.2957763671875,-0.8334884643554688,0.7139172554016113,0.6050713062286377,0.3797047734260559,0.29881027340888977,0.3027661442756653,0.3022673726081848,-0.005528183653950691,-0.010004055686295033,-0.009687446989119053,0.00021208281395956874,-0.0027655221056193113,-0.007864804938435555,1.7970640659332275,0.2995106875896454,-0.009860536083579063,-0.0018794245552271605,-0.28308555483818054,2.764434576034546,5628029.5
113.0,50.9567985534668,0.2769796550273895,0.10423149168491364,854.9788208007812,-0.4700731039047241,1107.59619140625,-0.8112372159957886,1036.6900634765625,-0.714500904083252,1124.21240234375,-0.8349853754043579,0.7133641242980957,0.6040709018707275,0.3787357807159424,0.2988160252571106,0.30245938897132874,0.30145204067230225,-0.005534357391297817,-0.010004562325775623,-0.009693115018308163,-9.728271106723696e-05,-0.003367961384356022,-0.00843711569905281,1.7909685373306274,0.29849475622177124,-0.010335027240216732,-0.0018985295901075006,-0.285963237285614,2.7640631198883057,5627273.5
113.0999984741211,50.98544692993164,0.28647580742836,0.09496176242828369,854.9318237304688,-0.47002243995666504,1107.51513671875,-0.8116509318351746,1036.6185302734375,-0.7145340442657471,1124.1287841796875,-0.8365477919578552,0.7128103375434875,0.6030703783035278,0.377765953540802,0.2987906336784363,0.3020929992198944,0.3005810081958771,-0.005541123915463686,-0.010006542317569256,-0.00970412790775299,-0.00041086546843871474,-0.003958037123084068,-0.008979087695479393,1.7846025228500366,0.2974337637424469,-0.010773597285151482,-0.0019184848060831428,-0.288968950510025,2.7636919021606445,5626517.0
113.19999694824219,51.014957427978516,0.2951078712940216,0.08632056415081024,854.8848266601562,-0.46997660398483276,1107.4339599609375,-0.8121064901351929,1036.547119140625,-0.7145966291427612,1124.0450439453125,-0.8381699919700623,0.7122558951377869,0.6020695567131042,0.3767947554588318,0.29873374104499817,0.30166831612586975,0.29965731501579285,-0.005548436660319567,-0.01000987645238638,-0.009720010682940483,-0.0007275181706063449,-0.004533967934548855,-0.00948975421488285,1.7779865264892578,0.2963310778141022,-0.011178560554981232,-0.0019392133690416813,-0.29209116101264954,2.7633204460144043,5625761.0
113.30000305175781,51.04530334472656,0.3034798502922058,0.08371977508068085,854.8378295898438,-0.4699364900588989,1107.3526611328125,-0.8126032948493958,1036.4757080078125,-0.7146888375282288,1123.961181640625,-0.8398484587669373,0.7117006778717041,0.6010683178901672,0.3758217394351959,0.29864501953125,0.301186740398407,0.2986840307712555,-0.005556269083172083,-0.010014496743679047,-0.009740466251969337,-0.0010465610539540648,-0.00509530259296298,-0.009972051717340946,1.771132469177246,0.2951887547969818,-0.011570010334253311,-0.0019606929272413254,-0.29532647132873535,2.762949228286743,5625005.5
113.4000015258789,51.07649612426758,0.31190162897109985,0.084217868745327,854.7908325195312,-0.4699029326438904,1107.2713623046875,-0.8131410479545593,1036.4041748046875,-0.7148109078407288,1123.8770751953125,-0.8415819406509399,0.7111446261405945,0.600066602230072,0.374846488237381,0.29852432012557983,0.3006497621536255,0.29766368865966797,-0.005564609542489052,-0.01002037525177002,-0.009765351191163063,-0.001367697841487825,-0.005642618052661419,-0.010431183502078056,1.7640448808670044,0.29400748014450073,-0.011956620961427689,-0.00198292825371027,-0.29867562651634216,2.762577772140503,5624249.5
113.5,51.1085205078125,0.32025232911109924,0.08350702375173569,854.7438354492188,-0.46987664699554443,1107.1900634765625,-0.8137197494506836,1036.3326416015625,-0.714962899684906,1123.7928466796875,-0.8433688282966614,0.710587739944458,0.5990641713142395,0.37386849522590637,0.29837140440940857,0.3000587224960327,0.2965984344482422,-0.005573446862399578,-0.010027479380369186,-0.009794512763619423,-0.001690623234026134,-0.006176391616463661,-0.010870875790715218,1.7567286491394043,0.2927881181240082,-0.01233363151550293,-0.0020059137605130672,-0.3021377921104431,2.762206554412842,5623493.5
113.5999984741211,51.1413459777832,0.3282610774040222,0.08008740097284317,854.6968383789062,-0.46985843777656555,1107.108642578125,-0.8143386840820312,1036.26123046875,-0.7151451110839844,1123.70849609375,-0.845206618309021,0.7100299000740051,0.5980610251426697,0.37288740277290344,0.29818612337112427,0.2994149923324585,0.2954901158809662,-0.005582760088145733,-0.01003575511276722,-0.009827714413404465,-0.002014820696786046,-0.006696460302919149,-0.011292078532278538,1.7491929531097412,0.29153215885162354,-0.012692444026470184,-0.002029619412496686,-0.3057084381580353,2.7618353366851807,5622737.5
113.69999694824219,51.17491149902344,0.33565452694892883,0.07393428683280945,854.64990234375,-0.4698489308357239,1107.0272216796875,-0.8149968981742859,1036.189697265625,-0.7153574824333191,1123.623779296875,-0.8470911979675293,0.7094711661338806,0.5970569849014282,0.37190282344818115,0.29796841740608215,0.29871997237205505,0.29434069991111755,-0.005592516157776117,-0.010045121423900127,-0.009864619001746178,-0.00233953888528049,-0.007201990578323603,-0.01169341616332531,1.7414523363113403,0.2902420461177826,-0.013024729676544666,-0.002053990960121155,-0.30937936902046204,2.7614641189575195,5621982.0
113.80000305175781,51.20912170410156,0.34210968017578125,0.06455165892839432,854.6029052734375,-0.4698488414287567,1106.9456787109375,-0.8156928420066833,1036.1181640625,-0.7156000733375549,1123.5390625,-0.8490170240402222,0.7089113593101501,0.5960519909858704,0.37091436982154846,0.29771822690963745,0.29797521233558655,0.2931522727012634,-0.00560267036780715,-0.010055464692413807,-0.00990478415042162,-0.002663767896592617,-0.007691448088735342,-0.012071511708199978,1.7335267066955566,0.2889211177825928,-0.013320575468242168,-0.002078944817185402,-0.3131380081176758,2.7610929012298584,5621226.0
113.9000015258789,51.243873596191406,0.34750279784202576,0.053931135684251785,854.555908203125,-0.4698587656021118,1106.864013671875,-0.8164246678352356,1036.0465087890625,-0.7158727645874023,1123.4539794921875,-0.8509776592254639,0.7083505988121033,0.5950458645820618,0.3699217438697815,0.2974357008934021,0.2971823811531067,0.29192739725112915,-0.005613170564174652,-0.010066655464470387,-0.009947706013917923,-0.0029863722156733274,-0.008163001388311386,-0.01242254488170147,1.7254390716552734,0.2875731885433197,-0.013576850295066833,-0.002104386454448104,-0.3169701099395752,2.7607216835021973,5620470.5
114.0,51.27910232543945,0.35228231549263,0.04779525473713875,854.5089111328125,-0.46987926959991455,1106.7823486328125,-0.8171908259391785,1035.9749755859375,-0.716175377368927,1123.3687744140625,-0.8529683351516724,0.7077887654304504,0.5940386056900024,0.36892470717430115,0.2971210479736328,0.2963433265686035,0.290668785572052,-0.00562397763133049,-0.010078596882522106,-0.009993000887334347,-0.003306528553366661,-0.00861573126167059,-0.012746020220220089,1.7172071933746338,0.28620120882987976,-0.01380848791450262,-0.0021302613895386457,-0.32086747884750366,2.760350465774536,5619714.5
114.0999984741211,51.31473922729492,0.356374591588974,0.040922775864601135,854.4619140625,-0.4699108600616455,1106.7005615234375,-0.8179899454116821,1035.9033203125,-0.7165074944496155,1123.283447265625,-0.8549845814704895,0.7072257995605469,0.5930301547050476,0.3679230511188507,0.2967745363712311,0.2954599857330322,0.28937920928001404,-0.005635055247694254,-0.010091196745634079,-0.010040314868092537,-0.0036235027946531773,-0.009048964828252792,-0.01304205134510994,1.708847165107727,0.28480786085128784,-0.014012007974088192,-0.002156507922336459,-0.3248208463191986,2.759979009628296,5618958.5
114.19999694824219,51.35072708129883,0.3598705232143402,0.03495919704437256,854.4149169921875,-0.46995407342910767,1106.6187744140625,-0.8188204765319824,1035.8316650390625,-0.7168688178062439,1123.1978759765625,-0.8570222854614258,0.7066617012023926,0.5920203328132629,0.36691659688949585,0.29639649391174316,0.294534295797348,0.2880614101886749,-0.005646368023008108,-0.01010436937212944,-0.01008931640535593,-0.003936623223125935,-0.009462199173867702,-0.013311081565916538,1.7003744840621948,0.28339576721191406,-0.01419092807918787,-0.0021830734331160784,-0.32882219552993774,2.7596077919006348,5618202.5
114.30000305175781,51.38700485229492,0.362797349691391,0.02926826663315296,854.367919921875,-0.47000929713249207,1106.536865234375,-0.8196811079978943,1035.7598876953125,-0.7172589302062988,1123.112060546875,-0.8590774536132812,0.7060965299606323,0.591009259223938,0.36590513586997986,0.2959873676300049,0.29356831312179565,0.2867180109024048,-0.005657884292304516,-0.010118034668266773,-0.010139696300029755,-0.004245289135724306,-0.009855106472969055,-0.013553855009377003,1.6918035745620728,0.28196725249290466,-0.014346130192279816,-0.0022099066991358995,-0.3328639268875122,2.7592363357543945,5617446.5
114.4000015258789,51.42351150512695,0.36504319310188293,0.02245842106640339,854.3209228515625,-0.47007694840431213,1106.454833984375,-0.8205702900886536,1035.688232421875,-0.7176773548126221,1123.0260009765625,-0.8611459732055664,0.7055301666259766,0.5899967551231384,0.36488860845565796,0.29554763436317444,0.2925640940666199,0.28535163402557373,-0.005669568665325642,-0.010132105089724064,-0.010191124863922596,-0.0045488569885492325,-0.010227223858237267,-0.013770430348813534,1.6831499338150024,0.28052499890327454,-0.014474384486675262,-0.0022369467187672853,-0.3369368314743042,2.7588651180267334,5616690.5
114.5,51.460174560546875,0.36666467785835266,0.016215072944760323,854.27392578125,-0.4701574146747589,1106.3726806640625,-0.8214864134788513,1035.6163330078125,-0.7181235551834106,1122.9398193359375,-0.8632237315177917,0.7049626111984253,0.5889828205108643,0.3638668954372406,0.2950778305530548,0.2915237247943878,0.28396493196487427,-0.005681387614458799,-0.010146497748792171,-0.010243287310004234,-0.0048467256128787994,-0.010578188113868237,-0.01396104320883751,1.6744287014007568,0.2790714502334595,-0.014578154310584068,-0.0022641378454864025,-0.3410324454307556,2.758493661880493,5615934.5
114.5999984741211,51.49693298339844,0.36758267879486084,0.009179928340017796,854.2269287109375,-0.4702509343624115,1106.29052734375,-0.8224278688430786,1035.5445556640625,-0.7185969352722168,1122.8533935546875,-0.8653066158294678,0.7043938636779785,0.5879673957824707,0.362839937210083,0.29457852244377136,0.290449321269989,0.28256043791770935,-0.005693306215107441,-0.010161125101149082,-0.010295861400663853,-0.00513828732073307,-0.010907595977187157,-0.014125657267868519,1.6656557321548462,0.27760928869247437,-0.01465518493205309,-0.002291416982188821,-0.34514129161834717,2.758121967315674,5615178.0
114.69999694824219,51.533729553222656,0.3679471015930176,0.0036441620904952288,854.1798706054688,-0.47035783529281616,1106.208251953125,-0.8233931064605713,1035.47265625,-0.7190967798233032,1122.7667236328125,-0.8673909306526184,0.7038239240646362,0.5869505405426025,0.3618077039718628,0.2940504252910614,0.28934305906295776,0.2811407744884491,-0.005705293267965317,-0.010175912640988827,-0.010348564013838768,-0.0054230401292443275,-0.011215321719646454,-0.01426500454545021,1.6568447351455688,0.2761407792568207,-0.014710752293467522,-0.002318733837455511,-0.34925588965415955,2.7577505111694336,5614421.5
114.80000305175781,51.57050704956055,0.3677610754966736,-0.0018601377960294485,854.1328125,-0.470478355884552,1106.1258544921875,-0.82438063621521,1035.4007568359375,-0.7196224927902222,1122.679931640625,-0.8694733381271362,0.7032527923583984,0.5859322547912598,0.36077022552490234,0.29349422454833984,0.28820711374282837,0.2797084152698517,-0.005717319902032614,-0.010190787725150585,-0.010401136241853237,-0.005700547248125076,-0.011501383036375046,-0.014380030333995819,1.6480085849761963,0.2746680974960327,-0.01474492996931076,-0.0023460392840206623,-0.35336869955062866,2.7573788166046143,5613665.0
114.9000015258789,51.607173919677734,0.36668115854263306,-0.010799196548759937,854.0857543945312,-0.47061261534690857,1106.0433349609375,-0.8253886103630066,1035.3287353515625,-0.7201732993125916,1122.5928955078125,-0.8715493083000183,0.7026804685592651,0.5849124193191528,0.35972750186920166,0.292910635471344,0.28704366087913513,0.2782658040523529,-0.00572934839874506,-0.010205659084022045,-0.010453240014612675,-0.005970178637653589,-0.011765233241021633,-0.014469707384705544,1.6391643285751343,0.2731940746307373,-0.014747788198292255,-0.0023732525296509266,-0.3574676513671875,2.757007122039795,5612908.0
115.0,51.643653869628906,0.3647935390472412,-0.018876202404499054,854.0386962890625,-0.4707607924938202,1105.9608154296875,-0.8264150023460388,1035.2567138671875,-0.7207484245300293,1122.505615234375,-0.8736143708229065,0.7021069526672363,0.5838910937309265,0.3586795926094055,0.2923005223274231,0.2858549654483795,0.2768155336380005,-0.005741341505199671,-0.010220431722700596,-0.01050453633069992,-0.006231318227946758,-0.012006357312202454,-0.014533246867358685,1.6303291320800781,0.2717215120792389,-0.01472335122525692,-0.0024003004655241966,-0.3615417182445526,2.7566351890563965,5612150.5
115.0999984741211,51.67985534667969,0.3620394170284271,-0.027541348710656166,853.9916381835938,-0.4709230065345764,1105.8780517578125,-0.8274579048156738,1035.1845703125,-0.721346914768219,1122.4180908203125,-0.8756640553474426,0.7015321850776672,0.5828683376312256,0.35762664675712585,0.2916647493839264,0.2846433222293854,0.27536025643348694,-0.005753260105848312,-0.0102350153028965,-0.010554694570600986,-0.006483370438218117,-0.012224285863339901,-0.014570068567991257,1.6215200424194336,0.27025333046913147,-0.014670017175376415,-0.0024271048605442047,-0.36557909846305847,2.756263017654419,5611393.5
115.19999694824219,51.71569061279297,0.35834816098213196,-0.03691260144114494,853.9445190429688,-0.47109928727149963,1105.7952880859375,-0.8285152316093445,1035.1124267578125,-0.7219679355621338,1122.3304443359375,-0.8776936531066895,0.7009562849998474,0.5818440914154053,0.35656872391700745,0.2910042405128479,0.28341105580329895,0.27390268445014954,-0.005765065085142851,-0.010249310173094273,-0.01060336921364069,-0.006725713144987822,-0.01241847313940525,-0.014579374343156815,1.6127549409866333,0.2687925100326538,-0.014586399309337139,-0.002453580964356661,-0.36956700682640076,2.7558908462524414,5610635.5
115.30000305175781,51.751075744628906,0.3538292348384857,-0.04518913850188255,853.8973999023438,-0.47128966450691223,1105.71240234375,-0.8295850157737732,1035.0401611328125,-0.7226104736328125,1122.2425537109375,-0.8796989321708679,0.7003791928291321,0.5808184742927551,0.355506032705307,0.2903200089931488,0.28216060996055603,0.27244555950164795,-0.005776719190180302,-0.010263227857649326,-0.01065024547278881,-0.006957813631743193,-0.012588605284690857,-0.014561152085661888,1.6040505170822144,0.2673417627811432,-0.014476407319307327,-0.002479653339833021,-0.37349411845207214,2.755518674850464,5609877.5
115.4000015258789,51.785919189453125,0.34845104813575745,-0.05378175526857376,853.8502807617188,-0.4714941680431366,1105.62939453125,-0.830665111541748,1034.9678955078125,-0.7232734560966492,1122.154541015625,-0.881675660610199,0.699800968170166,0.5797914862632751,0.35443878173828125,0.28961309790611267,0.28089433908462524,0.27099162340164185,-0.005788187962025404,-0.010276682674884796,-0.010695022530853748,-0.007179174106568098,-0.012734447605907917,-0.014515548944473267,1.5954228639602661,0.2659038007259369,-0.014339322224259377,-0.002505243755877018,-0.3773486614227295,2.7551462650299072,5609119.5
115.5,51.820133209228516,0.3421258330345154,-0.06325241178274155,853.8031005859375,-0.4717126488685608,1105.5462646484375,-0.8317534327507019,1034.8955078125,-0.7239557504653931,1122.0662841796875,-0.883619487285614,0.6992215514183044,0.5787631869316101,0.3533671498298645,0.28888463973999023,0.27961471676826477,0.2695436477661133,-0.005799432285130024,-0.01028958149254322,-0.010737383738160133,-0.0073892646469175816,-0.012855657376348972,-0.01444228645414114,1.5868890285491943,0.2644815146923065,-0.01417323388159275,-0.0025302665308117867,-0.38111767172813416,2.7547736167907715,5608361.0
115.5999984741211,51.85362243652344,0.3349060118198395,-0.07219818234443665,853.7559204101562,-0.4719451069831848,1105.4630126953125,-0.8328478932380676,1034.8231201171875,-0.724656343460083,1121.977783203125,-0.8855261206626892,0.6986410617828369,0.57773357629776,0.35229140520095825,0.28813573718070984,0.2783242166042328,0.2681043744087219,-0.005810416769236326,-0.01030183769762516,-0.010777028277516365,-0.007587601896375418,-0.012952004559338093,-0.014341414906084538,1.5784655809402466,0.26307758688926697,-0.013980383053421974,-0.0025546394754201174,-0.3847888112068176,2.7544007301330566,5607602.0
115.69999694824219,51.88630676269531,0.326826810836792,-0.08079177886247635,853.708740234375,-0.47219130396842957,1105.379638671875,-0.8339463472366333,1034.7506103515625,-0.7253739833831787,1121.88916015625,-0.8873917460441589,0.6980594992637634,0.5767028331756592,0.3512118458747864,0.2873676121234894,0.27702534198760986,0.26667657494544983,-0.00582110695540905,-0.0103133674710989,-0.010813676752150059,-0.007773765362799168,-0.013023405335843563,-0.014213367365300655,1.5701680183410645,0.26169466972351074,-0.013762098737061024,-0.0025782848242670298,-0.38835033774375916,2.754027843475342,5606842.5
115.80000305175781,51.918128967285156,0.31824153661727905,-0.0858529582619667,853.6614990234375,-0.4724511504173279,1105.2962646484375,-0.8350470662117004,1034.6781005859375,-0.7261074185371399,1121.80029296875,-0.8892136812210083,0.697476863861084,0.5756709575653076,0.35012879967689514,0.28658148646354675,0.2757205367088318,0.26526281237602234,-0.005831478629261255,-0.010324114933609962,-0.01084714662283659,-0.007947573438286781,-0.013070409186184406,-0.014060400426387787,1.562007188796997,0.2603345215320587,-0.013528761453926563,-0.002601155312731862,-0.39179518818855286,2.7536544799804688,5606083.0
115.9000015258789,51.949092864990234,0.30962294340133667,-0.08618579804897308,853.6141967773438,-0.47272437810897827,1105.212646484375,-0.8361488580703735,1034.6053466796875,-0.726855456829071,1121.7113037109375,-0.8909912109375,0.6968932151794434,0.5746380686759949,0.3490425646305084,0.28577858209609985,0.2744121849536896,0.2638654112815857,-0.005841524340212345,-0.010334060527384281,-0.010877403430640697,-0.008109211921691895,-0.013094505295157433,-0.013887211680412292,1.55398690700531,0.2589978277683258,-0.013293150812387466,-0.0026232474483549595,-0.39512279629707336,2.7532811164855957,5605322.5
116.0,51.97917556762695,0.3008459508419037,-0.08776997774839401,853.5669555664062,-0.47301074862480164,1105.1290283203125,-0.8372506499290466,1034.53271484375,-0.7276169657707214,1121.6220703125,-0.8927238583564758,0.6963085532188416,0.573604166507721,0.3479534387588501,0.2849601209163666,0.2731025218963623,0.26248615980148315,-0.005851237569004297,-0.010343191213905811,-0.010904419235885143,-0.008258882910013199,-0.013097121380269527,-0.013697491027414799,1.5461105108261108,0.2576850652694702,-0.0130509864538908,-0.0026445460971444845,-0.3983308672904968,2.7529075145721436,5604562.0
116.0999984741211,52.00837326049805,0.2919805943965912,-0.08865346014499664,853.5195922851562,-0.4733099937438965,1105.045166015625,-0.838351309299469,1034.4598388671875,-0.7283908128738403,1121.53271484375,-0.8944111466407776,0.6957229971885681,0.5725694298744202,0.3468618094921112,0.28412726521492004,0.2717936038970947,0.2611265778541565,-0.005860611796379089,-0.010351493954658508,-0.010928178206086159,-0.00839680340141058,-0.013079624623060226,-0.013494186103343964,1.53838050365448,0.25639674067497253,-0.012804985977709293,-0.0026650424115359783,-0.4014180898666382,2.7525336742401123,5603801.0
116.19999694824219,52.03668975830078,0.28313344717025757,-0.08847157657146454,853.4722900390625,-0.47362181544303894,1104.9613037109375,-0.839449942111969,1034.386962890625,-0.7291759252548218,1121.4432373046875,-0.8960531949996948,0.6951364874839783,0.5715339183807373,0.34576794505119324,0.28328123688697815,0.27048736810684204,0.2597878575325012,-0.0058696456253528595,-0.010358965024352074,-0.010948697105050087,-0.008523271419107914,-0.013043507933616638,-0.013280237093567848,1.5307981967926025,0.2551330327987671,-0.012558136135339737,-0.0026847373228520155,-0.404384583234787,2.752159595489502,5603039.0
116.30000305175781,52.06411361694336,0.27426877617836,-0.08864659816026688,853.4248657226562,-0.47394588589668274,1104.8773193359375,-0.840545654296875,1034.3140869140625,-0.729971170425415,1121.353515625,-0.8976500630378723,0.6945490837097168,0.5704976916313171,0.34467220306396484,0.28242307901382446,0.2691856324672699,0.25847098231315613,-0.0058783371932804585,-0.010365601629018784,-0.01096599642187357,-0.008638579398393631,-0.012990158051252365,-0.013057893142104149,1.523364543914795,0.2538940906524658,-0.012309444136917591,-0.002703628269955516,-0.40723004937171936,2.7517852783203125,5602277.0
116.4000015258789,52.09066390991211,0.265484094619751,-0.08784680813550949,853.3775024414062,-0.47428184747695923,1104.793212890625,-0.8416377305984497,1034.240966796875,-0.7307755947113037,1121.263671875,-0.8992021083831787,0.6939607858657837,0.5694608092308044,0.3435748815536499,0.2815539538860321,0.26789000630378723,0.2571766674518585,-0.005886687431484461,-0.010371408425271511,-0.01098011527210474,-0.00874306634068489,-0.012920994311571121,-0.01282930001616478,1.516079306602478,0.25267988443374634,-0.012061883695423603,-0.002721722237765789,-0.4099554121494293,2.751410722732544,5601514.5
116.5,52.11634826660156,0.25685182213783264,-0.08632278442382812,853.3300170898438,-0.47462931275367737,1104.708984375,-0.842725396156311,1034.1678466796875,-0.7315881848335266,1121.1737060546875,-0.9007099866867065,0.6933717131614685,0.5684234499931335,0.3424763083457947,0.28067490458488464,0.2666020095348358,0.255905419588089,-0.005894700065255165,-0.010376394726336002,-0.01099112257361412,-0.00883712712675333,-0.012837502174079418,-0.01259661465883255,1.5089411735534668,0.25149017572402954,-0.011817321181297302,-0.002739032031968236,-0.41256266832351685,2.751035690307617,5600751.0
116.5999984741211,52.14118194580078,0.24833296239376068,-0.08518865704536438,853.2825317382812,-0.4749879539012909,1104.6246337890625,-0.843808114528656,1034.0947265625,-0.7324080467224121,1121.0836181640625,-0.9021745324134827,0.6927818655967712,0.5673855543136597,0.34137678146362305,0.27978694438934326,0.26532304286956787,0.2546575665473938,-0.005902377888560295,-0.010380570776760578,-0.010999081656336784,-0.008921138942241669,-0.012741029262542725,-0.012361402623355389,1.5019487142562866,0.2503247857093811,-0.011574702337384224,-0.002755567664280534,-0.4150533080101013,2.7506606578826904,5599987.5
116.69999694824219,52.16514587402344,0.23963937163352966,-0.08693588525056839,853.2350463867188,-0.475357323884964,1104.540283203125,-0.844884991645813,1034.0213623046875,-0.7332342863082886,1120.9932861328125,-0.9035953283309937,0.6921913027763367,0.5663473606109619,0.3402766287326813,0.27889105677604675,0.2640543282032013,0.25343334674835205,-0.005909717176109552,-0.010383928194642067,-0.011003988794982433,-0.008995302021503448,-0.012632358819246292,-0.01212344504892826,1.4951039552688599,0.2491839975118637,-0.01132656168192625,-0.0027713123708963394,-0.41742485761642456,2.7502851486206055,5599223.0
116.80000305175781,52.18824005126953,0.23094482719898224,-0.08694548159837723,853.1875,-0.4757370352745056,1104.4556884765625,-0.8459551930427551,1033.947998046875,-0.7340660095214844,1120.90283203125,-0.904972493648529,0.69159996509552,0.5653088092803955,0.33917611837387085,0.2779882550239563,0.2627970576286316,0.25223308801651,-0.005916716530919075,-0.01038646511733532,-0.01100586075335741,-0.00905985850840807,-0.012512345798313618,-0.011883009225130081,1.4884079694747925,0.24806798994541168,-0.011078312993049622,-0.0027862656861543655,-0.419677197933197,2.7499094009399414,5598458.0
116.9000015258789,52.210479736328125,0.2224152386188507,-0.08529593050479889,853.139892578125,-0.47612670063972473,1104.37109375,-0.8470181822776794,1033.8746337890625,-0.7349023818969727,1120.812255859375,-0.9063067436218262,0.6910079717636108,0.5642700791358948,0.33807557821273804,0.2770794630050659,0.2615523040294647,0.2510569095611572,-0.005923379212617874,-0.010388191789388657,-0.011004764586687088,-0.009115173481404781,-0.01238213013857603,-0.011641381308436394,1.4818590879440308,0.24697652459144592,-0.010833906941115856,-0.0028004422783851624,-0.4218124747276306,2.7495334148406982,5597692.5
117.0,52.231868743896484,0.21385428309440613,-0.0856095552444458,853.09228515625,-0.47652584314346313,1104.2862548828125,-0.8480733036994934,1033.801025390625,-0.7357426285743713,1120.7215576171875,-0.9075983762741089,0.6904152631759644,0.5632312297821045,0.3369752764701843,0.27616560459136963,0.2603210508823395,0.24990496039390564,-0.005929706152528524,-0.010389111004769802,-0.011000736616551876,-0.009161523543298244,-0.012242541648447514,-0.011398838832974434,1.4754574298858643,0.24590957164764404,-0.010587900876998901,-0.0028138381894677877,-0.4238302409648895,2.749156951904297,5596926.5
117.0999984741211,52.25239181518555,0.20526452362537384,-0.08589748293161392,853.0445556640625,-0.4769341051578522,1104.201416015625,-0.8491198420524597,1033.7274169921875,-0.7365858554840088,1120.6307373046875,-0.9088473916053772,0.6898220181465149,0.5621923208236694,0.335875540971756,0.2752475142478943,0.2591041624546051,0.24877730011940002,-0.005935696419328451,-0.010389221832156181,-0.01099379826337099,-0.009199139662086964,-0.01209424901753664,-0.01115532498806715,1.4692035913467407,0.24486728012561798,-0.010340937413275242,-0.002826451091095805,-0.42573001980781555,2.7487804889678955,5596159.5
117.19999694824219,52.2720832824707,0.1969134509563446,-0.08351073414087296,852.9968872070312,-0.47735098004341125,1104.116455078125,-0.8501573801040649,1033.6536865234375,-0.7374314069747925,1120.539794921875,-0.9100547432899475,0.6892281770706177,0.5611534118652344,0.3347766399383545,0.2743261158466339,0.2579025328159332,0.24767400324344635,-0.005941355135291815,-0.010388539172708988,-0.010984030552208424,-0.009228399954736233,-0.011938280425965786,-0.010912070982158184,1.4630953073501587,0.2438492327928543,-0.010099951177835464,-0.0028383017051965,-0.4275150001049042,2.748403310775757,5595392.0
117.30000305175781,52.29096221923828,0.1887701004743576,-0.08143354207277298,852.9490966796875,-0.47777608036994934,1104.0313720703125,-0.8511855602264404,1033.5799560546875,-0.7382785081863403,1120.44873046875,-0.9112215638160706,0.6886337399482727,0.5601146221160889,0.33367884159088135,0.2734021842479706,0.2567168176174164,0.24659495055675507,-0.005946689750999212,-0.01038708258420229,-0.01097152754664421,-0.009249702095985413,-0.01177566684782505,-0.010670245625078678,1.4571295976638794,0.24285493791103363,-0.009863549843430519,-0.002849408658221364,-0.42918798327445984,2.748026132583618,5594624.0
117.4000015258789,52.30900955200195,0.1804690957069397,-0.08301004767417908,852.9013061523438,-0.4782089591026306,1103.9461669921875,-0.8522036671638489,1033.506103515625,-0.7391265034675598,1120.3575439453125,-0.9123477339744568,0.6880388259887695,0.5590760111808777,0.3325824439525604,0.2724764943122864,0.2555476725101471,0.24554003775119781,-0.00595169747248292,-0.010384847410023212,-0.010956299491226673,-0.009263225831091404,-0.011606790125370026,-0.010428989306092262,1.4513075351715088,0.24188458919525146,-0.009622513316571712,-0.0028597572818398476,-0.43074673414230347,2.7476484775543213,5593855.0
117.5,52.32617950439453,0.17169605195522308,-0.08773039281368256,852.8534545898438,-0.47864916920661926,1103.8609619140625,-0.8532106876373291,1033.43212890625,-0.7399746775627136,1120.2662353515625,-0.9134318828582764,0.6874434351921082,0.5580376982688904,0.3314876854419708,0.27154985070228577,0.2543957531452179,0.24450935423374176,-0.005956367123872042,-0.010381805710494518,-0.010938262566924095,-0.009268914349377155,-0.011431369930505753,-0.010185730643570423,1.4456349611282349,0.2409391701221466,-0.009369635954499245,-0.002869304269552231,-0.43218472599983215,2.747270345687866,5593085.5
117.5999984741211,52.34243392944336,0.16256843507289886,-0.09127619117498398,852.8056030273438,-0.47909626364707947,1103.775634765625,-0.8542056679725647,1033.3580322265625,-0.7408223152160645,1120.1749267578125,-0.9144726991653442,0.6868475675582886,0.556999683380127,0.3303948938846588,0.27062302827835083,0.2532617151737213,0.2435031682252884,-0.005960685666650534,-0.010377929545938969,-0.01091733854264021,-0.00926672387868166,-0.011249184608459473,-0.009938668459653854,1.4401174783706665,0.24001958966255188,-0.00910850241780281,-0.0028780170250684023,-0.4334970712661743,2.746891975402832,5592315.0
117.69999694824219,52.35778045654297,0.15345580875873566,-0.09112633764743805,852.7576293945312,-0.4795497953891754,1103.6900634765625,-0.8551877737045288,1033.283935546875,-0.7416686415672302,1120.0833740234375,-0.9154702425003052,0.6862513422966003,0.5559621453285217,0.3293043375015259,0.26969683170318604,0.2521462142467499,0.24252186715602875,-0.005964651238173246,-0.01037321425974369,-0.010893539525568485,-0.009256832301616669,-0.011060629040002823,-0.009688294492661953,1.4347562789916992,0.2391260415315628,-0.00884808599948883,-0.00288589671254158,-0.4346839487552643,2.7465133666992188,5591544.0
117.80000305175781,52.37224578857422,0.14463360607624054,-0.08822204917669296,852.7096557617188,-0.4800093472003937,1103.6044921875,-0.8561568856239319,1033.209716796875,-0.7425130009651184,1119.9918212890625,-0.9164254069328308,0.6856546401977539,0.5549250841140747,0.3282163143157959,0.2687719762325287,0.25104984641075134,0.24156567454338074,-0.005968271289020777,-0.01036767940968275,-0.010866960510611534,-0.00923961866647005,-0.01086663268506527,-0.009436697699129581,1.4295481443405151,0.23825803399085999,-0.008594515733420849,-0.00289296917617321,-0.43574923276901245,2.7461342811584473,5590772.0
117.9000015258789,52.385894775390625,0.13649854063987732,-0.08135062456130981,852.66162109375,-0.48047444224357605,1103.5189208984375,-0.8571129441261292,1033.135498046875,-0.7433547377586365,1119.900146484375,-0.9173408150672913,0.6850576996803284,0.5538886189460754,0.327131062746048,0.2678491771221161,0.24997305870056152,0.24063453078269958,-0.0059715635143220425,-0.010361372493207455,-0.010837795212864876,-0.00921570509672165,-0.0106687406077981,-0.009187565185129642,1.4244853258132935,0.23741421103477478,-0.008357295766472816,-0.002899297047406435,-0.4367023706436157,2.7457547187805176,5589999.5
118.0,52.39879608154297,0.12901081144809723,-0.07487732917070389,852.6135864257812,-0.4809446930885315,1103.43310546875,-0.858056366443634,1033.06103515625,-0.7441933751106262,1119.808349609375,-0.9182190299034119,0.6844603419303894,0.5528528690338135,0.3260488510131836,0.2669290602207184,0.24891620874404907,0.23972803354263306,-0.005974549800157547,-0.010354344733059406,-0.010806257836520672,-0.009185739792883396,-0.010468496941030025,-0.008944028057157993,1.4195584058761597,0.2365930825471878,-0.008134691044688225,-0.0029049389995634556,-0.43755215406417847,2.745374917984009,5589226.5
118.0999984741211,52.411014556884766,0.12220103293657303,-0.06809771060943604,852.5654907226562,-0.4814195930957794,1103.3472900390625,-0.8589873313903809,1032.986572265625,-0.7450282573699951,1119.7164306640625,-0.9190628528594971,0.6838627457618713,0.551817774772644,0.3249698877334595,0.2660122513771057,0.24787943065166473,0.23884549736976624,-0.005977249704301357,-0.010346649214625359,-0.010772558860480785,-0.009150361642241478,-0.010267342440783978,-0.008708511479198933,1.414758563041687,0.2357930839061737,-0.007927793078124523,-0.0029099564999341965,-0.43830791115760803,2.744994640350342,5588452.5
118.19999694824219,52.4226188659668,0.11602607369422913,-0.06174956634640694,852.5172729492188,-0.48189878463745117,1103.2613525390625,-0.8599062561988831,1032.912109375,-0.7458590865135193,1119.62451171875,-0.919874906539917,0.6832649111747742,0.5507835745811462,0.3238944113254547,0.2650991976261139,0.2468627393245697,0.2379860132932663,-0.005979684181511402,-0.010338335298001766,-0.010736905038356781,-0.009110176004469395,-0.010066566988825798,-0.008482730016112328,1.4100764989852905,0.23501275479793549,-0.00773555738851428,-0.0029144075233489275,-0.4389783442020416,2.7446141242980957,5587677.5
118.30000305175781,52.433658599853516,0.11040748655796051,-0.05618593841791153,852.4690551757812,-0.48238179087638855,1103.17529296875,-0.8608134388923645,1032.83740234375,-0.7466855049133301,1119.532470703125,-0.9206575751304626,0.6826668381690979,0.5497501492500305,0.32282260060310364,0.2641903758049011,0.2458660751581192,0.23714859783649445,-0.005981870926916599,-0.01032945141196251,-0.010699480772018433,-0.009065726771950722,-0.0098672304302454,-0.008267590776085854,1.4055044651031494,0.2342507392168045,-0.007556243799626827,-0.002918342361226678,-0.4395710229873657,2.7442331314086914,5586902.0
118.4000015258789,52.44420623779297,0.10547041893005371,-0.0493706651031971,852.4208374023438,-0.4828682243824005,1103.089111328125,-0.8617092967033386,1032.7626953125,-0.7475070953369141,1119.4404296875,-0.9214134812355042,0.6820685863494873,0.5487176775932312,0.3217545747756958,0.26328620314598083,0.24488921463489532,0.23633208870887756,-0.0059838308952748775,-0.010320045985281467,-0.010660489089787006,-0.00901759508997202,-0.009670457802712917,-0.008064246736466885,1.4010330438613892,0.2335055023431778,-0.007393194828182459,-0.0029218231793493032,-0.44009533524513245,2.743851900100708,5586126.0
118.5,52.45432662963867,0.10120563954114914,-0.04264776036143303,852.3724975585938,-0.4833577275276184,1103.0029296875,-0.8625942468643188,1032.68798828125,-0.7483236789703369,1119.3482666015625,-0.9221453666687012,0.6814700961112976,0.5476861596107483,0.3206905424594879,0.2623870074748993,0.2439318597316742,0.23553529381752014,-0.00598558597266674,-0.010310175828635693,-0.010620140470564365,-0.008966365829110146,-0.009477336890995502,-0.007873721420764923,1.3966529369354248,0.23277547955513,-0.007245964836329222,-0.002924911445006728,-0.4405604898929596,2.7434701919555664,5585348.5
118.5999984741211,52.464054107666016,0.09728264063596725,-0.03922998160123825,852.3241577148438,-0.4838498532772064,1102.9166259765625,-0.8634687066078186,1032.613037109375,-0.7491350769996643,1119.2559814453125,-0.922855019569397,0.6808714270591736,0.5466556549072266,0.31963062286376953,0.261493057012558,0.24299359321594238,0.23475691676139832,-0.00598714966326952,-0.010299873538315296,-0.010578573681414127,-0.008912434801459312,-0.009288394823670387,-0.007695329375565052,1.3923578262329102,0.23205964267253876,-0.007106560282409191,-0.002927637891843915,-0.44097116589546204,2.7430880069732666,5584570.5
118.69999694824219,52.47340774536133,0.0935266762971878,-0.037559688091278076,852.2757568359375,-0.4843443036079407,1102.8302001953125,-0.8643326163291931,1032.5380859375,-0.7499410510063171,1119.1636962890625,-0.9235434532165527,0.68027263879776,0.5456262230873108,0.3185748755931854,0.2606046199798584,0.24207401275634766,0.23399585485458374,-0.005988528952002525,-0.010289158672094345,-0.010535866022109985,-0.008856040425598621,-0.009103725664317608,-0.007527370471507311,1.3881447315216064,0.23135745525360107,-0.006971444934606552,-0.002930017886683345,-0.4413296580314636,2.7427055835723877,5583792.0
118.80000305175781,52.482421875,0.09015773981809616,-0.03368934988975525,852.227294921875,-0.4848407208919525,1102.7437744140625,-0.8651862740516663,1032.463134765625,-0.7507414221763611,1119.0712890625,-0.9242120981216431,0.6796737313270569,0.544597864151001,0.3175234794616699,0.25972193479537964,0.2411726862192154,0.23325109481811523,-0.00598973548039794,-0.010278060100972652,-0.010492132045328617,-0.008797504007816315,-0.008923656307160854,-0.00736932223662734,1.384008526802063,0.2306680828332901,-0.006846264470368624,-0.002932086819782853,-0.44164127111434937,2.7423226833343506,5583012.5
118.9000015258789,52.49113464355469,0.08710890263319016,-0.030488383024930954,852.1787719726562,-0.4853387176990509,1102.6572265625,-0.8660298585891724,1032.387939453125,-0.7515361309051514,1118.978759765625,-0.9248624444007874,0.6790747046470642,0.5435706377029419,0.3164764940738678,0.25884518027305603,0.240289106965065,0.232521653175354,-0.0059907808899879456,-0.010266605764627457,-0.010447484441101551,-0.008737138472497463,-0.008748495019972324,-0.007220801431685686,1.3799442052841187,0.22999070584774017,-0.0067288512364029884,-0.0029338737949728966,-0.44191044569015503,2.7419393062591553,5582232.0
119.0,52.49955368041992,0.08418071269989014,-0.02928190864622593,852.1301879882812,-0.48583802580833435,1102.570556640625,-0.866863489151001,1032.312744140625,-0.7523249983787537,1118.88623046875,-0.9254952073097229,0.6784756183624268,0.5425445437431335,0.3154340088367462,0.2579745650291443,0.23942279815673828,0.23180663585662842,-0.005991671234369278,-0.0102548124268651,-0.010401987470686436,-0.008675133809447289,-0.008578207343816757,-0.007080542389303446,1.3759491443634033,0.2293248474597931,-0.006614562589675188,-0.0029353899881243706,-0.44213879108428955,2.741555690765381,5581451.0
119.0999984741211,52.50768280029297,0.0813283920288086,-0.028523162007331848,852.0816040039062,-0.4863383173942566,1102.48388671875,-0.8676871657371521,1032.237548828125,-0.7531079649925232,1118.793701171875,-0.9261109828948975,0.6778764128684998,0.5415196418762207,0.3143961429595947,0.25711023807525635,0.23857328295707703,0.23110531270503998,-0.005992409773170948,-0.010242688469588757,-0.010355683974921703,-0.008611616678535938,-0.008412610739469528,-0.006947144400328398,1.3720216751098633,0.22867026925086975,-0.006502692122012377,-0.0029366419184952974,-0.4423273801803589,2.7411715984344482,5580669.0
119.19999694824219,52.51554489135742,0.07858969271183014,-0.027387037873268127,852.032958984375,-0.48683932423591614,1102.3970947265625,-0.8685008883476257,1032.162109375,-0.7538848519325256,1118.7010498046875,-0.9267102479934692,0.677277147769928,0.5404959917068481,0.3133629262447357,0.2562522888183594,0.23774011433124542,0.23041701316833496,-0.005993001163005829,-0.010230246931314468,-0.01030861958861351,-0.008546723984181881,-0.008251572959125042,-0.006819665897637606,1.3681600093841553,0.22802665829658508,-0.006394143681973219,-0.0029376402962952852,-0.4424777626991272,2.7407872676849365,5579886.5
119.30000305175781,52.52314758300781,0.07603009790182114,-0.025595886632800102,851.9842529296875,-0.4873407483100891,1102.3101806640625,-0.8693047761917114,1032.086669921875,-0.7546555995941162,1118.6083984375,-0.9272938370704651,0.6766778230667114,0.5394735932350159,0.31233444809913635,0.2554009258747101,0.23692280054092407,0.2297411859035492,-0.0059934514574706554,-0.010217500850558281,-0.01026085577905178,-0.008480625227093697,-0.00809507630765438,-0.006697718054056168,1.3643615245819092,0.22739358246326447,-0.006290359888225794,-0.0029384014196693897,-0.4425923824310303,2.7404024600982666,5579103.0
119.4000015258789,52.53053665161133,0.07391057163476944,-0.021195296198129654,851.9354858398438,-0.4878423511981964,1102.22314453125,-0.8700991272926331,1032.01123046875,-0.7554201483726501,1118.515625,-0.9278632402420044,0.6760784387588501,0.5384525060653687,0.3113107681274414,0.25455620884895325,0.23612090945243835,0.22907723486423492,-0.005993773229420185,-0.010204481892287731,-0.010212509892880917,-0.008413628675043583,-0.007943491451442242,-0.006582198198884726,1.3606207370758057,0.22677011787891388,-0.006197465118020773,-0.0029389653354883194,-0.4426773488521576,2.7400171756744385,5578318.5
119.5,52.53773880004883,0.07201455533504486,-0.018960170447826385,851.8866577148438,-0.48834383487701416,1102.1361083984375,-0.8708842992782593,1031.9356689453125,-0.7561784386634827,1118.4228515625,-0.9284197092056274,0.6754790544509888,0.5374327301979065,0.31029194593429565,0.25371822714805603,0.23533391952514648,0.22842450439929962,-0.005993974860757589,-0.010191213339567184,-0.010163671337068081,-0.008345965296030045,-0.007796975318342447,-0.00647319620475173,1.35693359375,0.2261555939912796,-0.006109761539846659,-0.0029393527656793594,-0.4427356719970703,2.739631414413452,5577533.5
119.5999984741211,52.5447883605957,0.07048260420560837,-0.015319527126848698,851.8378295898438,-0.48884499073028564,1102.0489501953125,-0.871660590171814,1031.8599853515625,-0.7569304704666138,1118.3299560546875,-0.9289644956588745,0.6748796701431274,0.5364142656326294,0.30927804112434387,0.2528870403766632,0.23456130921840668,0.22778233885765076,-0.005994067993015051,-0.010177722200751305,-0.010114441625773907,-0.008277890272438526,-0.007655762601643801,-0.006371077615767717,1.3532953262329102,0.22554922103881836,-0.00603117048740387,-0.0029395967721939087,-0.44277241826057434,2.7392454147338867,5576747.5
119.69999694824219,52.55170822143555,0.06921358406543732,-0.0126901650801301,851.7888793945312,-0.48934558033943176,1101.9617919921875,-0.872428297996521,1031.7843017578125,-0.7576761245727539,1118.237060546875,-0.9294988512992859,0.6742802262306213,0.5353971719741821,0.30826908349990845,0.25206267833709717,0.23380254209041595,0.22715003788471222,-0.005994061939418316,-0.010164032690227032,-0.010064911097288132,-0.008209630846977234,-0.007520005106925964,-0.006275905296206474,1.3497016429901123,0.22495028376579285,-0.005958953406661749,-0.00293972110375762,-0.4427911639213562,2.738858938217163,5575961.0
119.80000305175781,52.558509826660156,0.06801588088274002,-0.011977013200521469,851.7399291992188,-0.4898454248905182,1101.87451171875,-0.8731875419616699,1031.70849609375,-0.7584154605865479,1118.14404296875,-0.9300233721733093,0.67368084192276,0.5343815088272095,0.3072650730609894,0.2512451112270355,0.23305709660053253,0.22652693092823029,-0.005993961356580257,-0.010150155052542686,-0.010015124455094337,-0.0081412922590971,-0.00738952960819006,-0.0061867740005254745,1.346150517463684,0.2243584245443344,-0.005888828542083502,-0.0029397327452898026,-0.4427929222583771,2.7384722232818604,5575173.0
119.9000015258789,52.56521987915039,0.0671037957072258,-0.009120894595980644,851.69091796875,-0.4903442859649658,1101.787109375,-0.8739386200904846,1031.632568359375,-0.7591485381126404,1118.051025390625,-0.9305389523506165,0.6730814576148987,0.5333671569824219,0.30626606941223145,0.25043439865112305,0.23232443630695343,0.2259124517440796,-0.00599377416074276,-0.01013611163944006,-0.009965154342353344,-0.008073054254055023,-0.007264391519129276,-0.006103671621531248,1.342638373374939,0.2237730622291565,-0.005826238542795181,-0.002939657773822546,-0.44278162717819214,2.7380847930908203,5574385.0
120.0,52.57188415527344,0.06663279235363007,-0.004710037261247635,851.641845703125,-0.49084198474884033,1101.69970703125,-0.8746820092201233,1031.556640625,-0.7598753571510315,1117.9578857421875,-0.9310473203659058,0.6724820733070374,0.5323542952537537,0.30527204275131226,0.24963049590587616,0.23160399496555328,0.2253059297800064,-0.005993513390421867,-0.010121932253241539,-0.009915121830999851,-0.008005204610526562,-0.007144950795918703,-0.006027535535395145,1.339159369468689,0.2231932282447815,-0.005774366669356823,-0.002939536003395915,-0.4427632987499237,2.7376973628997803,5573595.5
120.0999984741211,52.57855224609375,0.06667477637529373,0.0004198359965812415,851.5927734375,-0.4913383722305298,1101.6121826171875,-0.8754183053970337,1031.4805908203125,-0.760595977306366,1117.86474609375,-0.9315503239631653,0.6718827486038208,0.5313428044319153,0.3042830228805542,0.2488333284854889,0.23089519143104553,0.22470661997795105,-0.005993195343762636,-0.010107657872140408,-0.009865167550742626,-0.0079380813986063,-0.007031700108200312,-0.005959555506706238,1.3357064723968506,0.2226177453994751,-0.005734697915613651,-0.002939414931461215,-0.44274505972862244,2.737309217453003,5572806.0
120.19999694824219,52.585296630859375,0.06743926554918289,0.00764494389295578,851.5435791015625,-0.49183326959609985,1101.524658203125,-0.8761483430862427,1031.404541015625,-0.7613105177879333,1117.7716064453125,-0.9320505857467651,0.6712834239006042,0.5303327441215515,0.3032990097999573,0.24804282188415527,0.23019738495349884,0.2241135984659195,-0.005992840509861708,-0.01009333971887827,-0.009815478697419167,-0.007872129790484905,-0.006925409194082022,-0.005901603493839502,1.3322702646255493,0.22204504907131195,-0.0057121398858726025,-0.0029393602162599564,-0.44273680448532104,2.7369208335876465,5572015.0
120.30000305175781,52.5921630859375,0.0686601921916008,0.012209225445985794,851.494384765625,-0.4923265278339386,1101.43701171875,-0.8768727779388428,1031.328369140625,-0.7620190978050232,1117.6783447265625,-0.9325501322746277,0.6706841588020325,0.5293241143226624,0.3023199141025543,0.24725884199142456,0.22950981557369232,0.22352585196495056,-0.005992465186864138,-0.010079016909003258,-0.009766201488673687,-0.007807685527950525,-0.006826523691415787,-0.00585426390171051,1.328843355178833,0.22147388756275177,-0.005700139328837395,-0.0029394137673079967,-0.4427448511123657,2.736531972885132,5571223.5
120.4000015258789,52.59917068481445,0.07007575780153275,0.014155627228319645,851.4451293945312,-0.49281802773475647,1101.3492431640625,-0.8775920271873474,1031.2520751953125,-0.7627219557762146,1117.5850830078125,-0.9330499768257141,0.6700849533081055,0.5283169150352478,0.30134573578834534,0.24648122489452362,0.22883178293704987,0.22294235229492188,-0.0059920791536569595,-0.010064712725579739,-0.009717410430312157,-0.007744903676211834,-0.006734985392540693,-0.0058165499940514565,1.3254215717315674,0.22090360522270203,-0.0056932466104626656,-0.0029395930469036102,-0.44277188181877136,2.736142873764038,5570431.0
120.5,52.6063346862793,0.071657694876194,0.015819396823644638,851.3958129882812,-0.4933076500892639,1101.261474609375,-0.8783064484596252,1031.17578125,-0.7634192109107971,1117.4918212890625,-0.9335508942604065,0.6694857478141785,0.5273112058639526,0.30037641525268555,0.24570979177951813,0.22816252708435059,0.2223621904850006,-0.005991688929498196,-0.01005044300109148,-0.009669161401689053,-0.007683883886784315,-0.006650601513683796,-0.00578730646520853,1.3220021724700928,0.22033369541168213,-0.005691266153007746,-0.0029399136546999216,-0.44282016158103943,2.735753297805786,5569638.0
120.5999984741211,52.61366653442383,0.07332835346460342,0.016706587746739388,851.3464965820312,-0.4937952756881714,1101.173583984375,-0.8790163397789001,1031.099365234375,-0.7641111612319946,1117.3984375,-0.9340535402297974,0.6688866019248962,0.5263068675994873,0.2994118928909302,0.24494437873363495,0.22750137746334076,0.2217845767736435,-0.005991298705339432,-0.010036219842731953,-0.009621490724384785,-0.007624680642038584,-0.006573082879185677,-0.005765318404883146,1.3185827732086182,0.21976378560066223,-0.005692334845662117,-0.0029403837397694588,-0.4428909718990326,2.735363245010376,5568844.0
120.69999694824219,52.62117004394531,0.07500673085451126,0.01678379438817501,851.2970581054688,-0.4942808449268341,1101.085693359375,-0.879721999168396,1031.02294921875,-0.7647978067398071,1117.304931640625,-0.934558093547821,0.6682875156402588,0.5253039598464966,0.29845210909843445,0.24418477714061737,0.22684764862060547,0.2212088704109192,-0.005990911275148392,-0.010022048838436604,-0.009574411436915398,-0.007567293476313353,-0.0065020169131457806,-0.005749224219471216,1.3151623010635376,0.2191937267780304,-0.00569465896114707,-0.002941003767773509,-0.44298434257507324,2.7349729537963867,5568049.5
120.80000305175781,52.62886428833008,0.07695692032575607,0.019501887261867523,851.2476196289062,-0.4947642683982849,1100.9976806640625,-0.8804236650466919,1030.9464111328125,-0.7654795050621033,1117.21142578125,-0.9350654482841492,0.6676884293556213,0.5243024230003357,0.2974969744682312,0.24343083798885345,0.22620071470737457,0.22063447535037994,-0.0059905340895056725,-0.01000794768333435,-0.00952798593789339,-0.007511836942285299,-0.0064373379573225975,-0.005738976877182722,1.3117375373840332,0.21862292289733887,-0.005704435519874096,-0.0029417986515909433,-0.4431041181087494,2.7345821857452393,5567254.0
120.9000015258789,52.63683319091797,0.07969266176223755,0.027357425540685654,851.1981201171875,-0.49524548649787903,1100.9095458984375,-0.881122350692749,1030.869873046875,-0.7661564350128174,1117.117919921875,-0.9355780482292175,0.6670894026756287,0.5233023166656494,0.29654645919799805,0.2426823228597641,0.22555989027023315,0.22006070613861084,-0.0059901876375079155,-0.009993966668844223,-0.00948239117860794,-0.007458711974322796,-0.006379782687872648,-0.005736982449889183,1.3082990646362305,0.21804985404014587,-0.005732962861657143,-0.0029428405687212944,-0.4432610273361206,2.7341911792755127,5566457.5
121.0,52.645206451416016,0.0837436094880104,0.040509432554244995,851.1485595703125,-0.4957244396209717,1100.8214111328125,-0.881819486618042,1030.793212890625,-0.7668287754058838,1117.0244140625,-0.9361003041267395,0.666490375995636,0.5223036408424377,0.29560044407844543,0.24193896353244781,0.22492440044879913,0.2194865196943283,-0.0059899077750742435,-0.00998019240796566,-0.00943793635815382,-0.007408645004034042,-0.006330945063382387,-0.005747852381318808,1.3048310279846191,0.21747183799743652,-0.005791568662971258,-0.002944249426946044,-0.4434732496738434,2.733799695968628,5565660.5
121.0999984741211,52.654109954833984,0.08902007341384888,0.05276468023657799,851.0989990234375,-0.49620112776756287,1100.7332763671875,-0.8825166821479797,1030.716552734375,-0.7674970030784607,1116.9306640625,-0.9366366863250732,0.6658914089202881,0.5213062763214111,0.2946588099002838,0.24120043218135834,0.2242932766675949,0.21891041100025177,-0.005989730823785067,-0.009966717101633549,-0.009394943714141846,-0.007362379692494869,-0.006292395759373903,-0.0057753450237214565,1.3013166189193726,0.21688610315322876,-0.005877435673028231,-0.002946137683466077,-0.4437576234340668,2.733407735824585,5564863.0
121.19999694824219,52.66361999511719,0.09509854018688202,0.060784656554460526,851.04931640625,-0.4966754615306854,1100.6448974609375,-0.8832151889801025,1030.6397705078125,-0.7681614756584167,1116.8370361328125,-0.9371905326843262,0.6652924418449402,0.5203102827072144,0.29372140765190125,0.24046631157398224,0.22366546094417572,0.21833066642284393,-0.0059896851889789104,-0.009953605942428112,-0.009353646077215672,-0.007320420350879431,-0.006264980882406235,-0.005820451769977808,1.297743320465088,0.21629054844379425,-0.005981353111565113,-0.0029485782142728567,-0.444125235080719,2.733015537261963,5564064.5
121.30000305175781,52.67376708984375,0.1014825776219368,0.0638403445482254,850.9996337890625,-0.4971475303173065,1100.556640625,-0.8839158415794373,1030.5628662109375,-0.7688227891921997,1116.7432861328125,-0.937763512134552,0.6646934747695923,0.5193155407905579,0.29278799891471863,0.2397361546754837,0.22303982079029083,0.2177456021308899,-0.005989784840494394,-0.00994089338928461,-0.009314149618148804,-0.007282957434654236,-0.006248662248253822,-0.005881418474018574,1.2941046953201294,0.21568413078784943,-0.0060928682796657085,-0.0029515994247049093,-0.4445803165435791,2.7326228618621826,5563265.0
121.4000015258789,52.68456268310547,0.10796615481376648,0.0648357942700386,850.9498901367188,-0.49761727452278137,1100.4681396484375,-0.8846192359924316,1030.4859619140625,-0.7694813013076782,1116.6495361328125,-0.9383562207221985,0.6640945076942444,0.5183220505714417,0.2918584942817688,0.2390095293521881,0.2224152833223343,0.21715378761291504,-0.005990035366266966,-0.009928593412041664,-0.009276492521166801,-0.00725000211969018,-0.006242932751774788,-0.005955507978796959,1.2903980016708374,0.2150663286447525,-0.006208107806742191,-0.002955210395157337,-0.44512420892715454,2.7322299480438232,5562465.0
121.5,52.69601821899414,0.11454186588525772,0.06575711071491241,850.9000854492188,-0.49808478355407715,1100.379638671875,-0.8853257894515991,1030.408935546875,-0.7701375484466553,1116.5556640625,-0.9389691948890686,0.6634954810142517,0.5173298120498657,0.29093262553215027,0.23828597366809845,0.22179080545902252,0.21655400097370148,-0.00599044281989336,-0.009916717186570168,-0.00924069806933403,-0.007221531588584185,-0.006247235462069511,-0.00604038592427969,1.2866207361221313,0.21443679928779602,-0.0063270265236496925,-0.0029594197403639555,-0.44575825333595276,2.7318365573883057,5561664.0
121.5999984741211,52.7081413269043,0.12121087312698364,0.06669009476900101,850.8502807617188,-0.49855008721351624,1100.2911376953125,-0.8860360980033875,1030.3319091796875,-0.7707920074462891,1116.461669921875,-0.9396029114723206,0.6628963947296143,0.5163387060165405,0.2900102734565735,0.2375650405883789,0.22116543352603912,0.2159452736377716,-0.005991010461002588,-0.009905275888741016,-0.009206784889101982,-0.007197519298642874,-0.006261043716222048,-0.006134255789220333,1.2827709913253784,0.21379517018795013,-0.006449421867728233,-0.002964236307889223,-0.4464837312698364,2.73144268989563,5560862.5
121.69999694824219,52.72095489501953,0.12816816568374634,0.06957294791936874,850.8004150390625,-0.4990132749080658,1100.202392578125,-0.8867507576942444,1030.2548828125,-0.771445095539093,1116.36767578125,-0.940258264541626,0.662297248840332,0.5153487324714661,0.28909119963645935,0.23684628307819366,0.2205382138490677,0.215326726436615,-0.005991747137159109,-0.009894288145005703,-0.009174809791147709,-0.007178024854511023,-0.006284111645072699,-0.006236503832042217,1.2788447141647339,0.21314078569412231,-0.00657950434833765,-0.0029696866404265165,-0.4473046660423279,2.731048583984375,5560060.0
121.80000305175781,52.73451614379883,0.1355835646390915,0.07415388524532318,850.75048828125,-0.4994744062423706,1100.11376953125,-0.887470543384552,1030.1776123046875,-0.7720972895622253,1116.273681640625,-0.940936803817749,0.661698043346405,0.5143598318099976,0.28817522525787354,0.23612923920154572,0.219908207654953,0.21469752490520477,-0.005992666352540255,-0.009883786551654339,-0.00914486963301897,-0.007163212168961763,-0.006316500715911388,-0.006347544025629759,1.2748359441757202,0.21247266232967377,-0.006720541510730982,-0.0029758126474916935,-0.4482273757457733,2.730654239654541,5559257.0
121.9000015258789,52.74885559082031,0.14340171217918396,0.07818158715963364,850.7005004882812,-0.4999336004257202,1100.02490234375,-0.8881963491439819,1030.1004638671875,-0.7727490663528442,1116.179443359375,-0.9416399598121643,0.6610987186431885,0.5133719444274902,0.2872621417045593,0.23541344702243805,0.21927450597286224,0.21405677497386932,-0.005993780680000782,-0.009873799048364162,-0.009117056615650654,-0.007153233513236046,-0.006358248647302389,-0.006467618513852358,1.2707388401031494,0.2117898166179657,-0.006870868615806103,-0.0029826515819877386,-0.449257493019104,2.730259418487549,5558453.0
122.0,52.76400375366211,0.15147732198238373,0.08075600862503052,850.6505126953125,-0.5003909468650818,1099.9361572265625,-0.8889287710189819,1030.0230712890625,-0.7734009027481079,1116.0853271484375,-0.9423688054084778,0.6604992747306824,0.5123850703239441,0.2863517105579376,0.23469838500022888,0.2186361700296402,0.21340356767177582,-0.00599509896710515,-0.009864349849522114,-0.009091430343687534,-0.00714815454557538,-0.006409164983779192,-0.0065962206572294235,1.2665492296218872,0.211091548204422,-0.007027259096503258,-0.0029902271926403046,-0.4503985643386841,2.7298641204833984,5557648.5
122.0999984741211,52.779972076416016,0.15971235930919647,0.08235049247741699,850.6004028320312,-0.5008465647697449,1099.84716796875,-0.8896684646606445,1029.9456787109375,-0.7740532755851746,1115.9910888671875,-0.9431238770484924,0.6598997116088867,0.5113990902900696,0.2854437530040741,0.2339836061000824,0.21799230575561523,0.21273712813854218,-0.0059966277331113815,-0.009855450130999088,-0.009068019688129425,-0.007147966884076595,-0.0064688799902796745,-0.006732376758009195,1.2622642517089844,0.21037738025188446,-0.007187651004642248,-0.002998554613441229,-0.451652854681015,2.729468584060669,5556843.5
122.19999694824219,52.7967529296875,0.1677732765674591,0.08060906827449799,850.5503540039062,-0.501300573348999,1099.7581787109375,-0.8904156684875488,1029.8682861328125,-0.7747067213058472,1115.896728515625,-0.9439048767089844,0.659299910068512,0.5104139447212219,0.28453803062438965,0.233268603682518,0.2173420488834381,0.21205678582191467,-0.005998364184051752,-0.009847095236182213,-0.009046783670783043,-0.007152489386498928,-0.006536578293889761,-0.006873889826238155,1.2578846216201782,0.20964743196964264,-0.007344627752900124,-0.003007618011906743,-0.45301803946495056,2.7290728092193604,5556037.5
122.30000305175781,52.81429672241211,0.17545443773269653,0.07681169360876083,850.5001831054688,-0.5017532110214233,1099.6690673828125,-0.8911705017089844,1029.790771484375,-0.7753616571426392,1115.80224609375,-0.9447106122970581,0.6586999893188477,0.5094296336174011,0.2836343050003052,0.2325529307126999,0.21668468415737152,0.21136216819286346,-0.006000300869345665,-0.009839262813329697,-0.00902762170881033,-0.007161395158618689,-0.00661109946668148,-0.007017861120402813,1.2534140348434448,0.20890234410762787,-0.007494085934013128,-0.0030173829291015863,-0.4544888734817505,2.7286765575408936,5555230.5
122.4000015258789,52.83257293701172,0.1827797293663025,0.07325281947851181,850.449951171875,-0.5022044777870178,1099.5799560546875,-0.8919328451156616,1029.7132568359375,-0.776018500328064,1115.707763671875,-0.9455398321151733,0.658099889755249,0.5084460973739624,0.28273242712020874,0.23183615505695343,0.21601958572864532,0.2106531262397766,-0.006002427078783512,-0.0098319286480546,-0.009010424837470055,-0.007174343802034855,-0.006691316142678261,-0.0071619353257119656,1.2488569021224976,0.20814281702041626,-0.00763664860278368,-0.003027817467227578,-0.456060528755188,2.7282798290252686,5554423.0
122.5,52.851585388183594,0.1901165097951889,0.0733679011464119,850.3997192382812,-0.5026546716690063,1099.49072265625,-0.8927029371261597,1029.6356201171875,-0.7766775488853455,1115.6131591796875,-0.9463921189308167,0.6574994921684265,0.5074632167816162,0.28183215856552124,0.23111788928508759,0.21534620225429535,0.2099297046661377,-0.006004741415381432,-0.009825085289776325,-0.008995152078568935,-0.007191173266619444,-0.00677665276452899,-0.007305760867893696,1.2442138195037842,0.20736896991729736,-0.007780035492032766,-0.003038922557607293,-0.45773324370384216,2.7278828620910645,5553615.0
122.5999984741211,52.87130355834961,0.19717423617839813,0.07057720422744751,850.3494262695312,-0.5031038522720337,1099.4013671875,-0.8934808969497681,1029.557861328125,-0.7773391604423523,1115.5184326171875,-0.947266697883606,0.6568989157676697,0.5064810514450073,0.28093332052230835,0.2303977608680725,0.2146640568971634,0.2091919481754303,-0.006007237359881401,-0.009818718768656254,-0.008981729857623577,-0.007211640942841768,-0.006866343319416046,-0.007448320742696524,1.2394875288009644,0.206581249833107,-0.007917017675936222,-0.003050673520192504,-0.4595032036304474,2.7274856567382812,5552806.0
122.69999694824219,52.891727447509766,0.20424041152000427,0.07066179811954498,850.2991333007812,-0.5035521984100342,1099.31201171875,-0.8942669034004211,1029.4801025390625,-0.7780036330223083,1115.4237060546875,-0.9481631517410278,0.656298041343689,0.5054994821548462,0.28003573417663574,0.22967542707920074,0.21397274732589722,0.20844000577926636,-0.006009913515299559,-0.009812821634113789,-0.008970115333795547,-0.00723559083417058,-0.006959904916584492,-0.007589550688862801,1.234678864479065,0.2057798057794571,-0.008054342120885849,-0.0030630710534751415,-0.461370587348938,2.72708797454834,5551996.5
122.80000305175781,52.912872314453125,0.21143954992294312,0.07199134677648544,850.2487182617188,-0.5039999485015869,1099.2225341796875,-0.8950612545013428,1029.4022216796875,-0.778671383857727,1115.328857421875,-0.9490817189216614,0.6556969285011292,0.504518449306488,0.2791392207145691,0.22895050048828125,0.21327190101146698,0.20767398178577423,-0.006012770812958479,-0.009807396680116653,-0.008960308507084846,-0.007262969855219126,-0.007057161070406437,-0.007730209734290838,1.2297868728637695,0.20496447384357452,-0.008193903602659702,-0.003076127963140607,-0.4633372724056244,2.7266898155212402,5551186.0
122.9000015258789,52.934749603271484,0.2187829464673996,0.07343395054340363,850.1983032226562,-0.5044471621513367,1099.1329345703125,-0.8958643078804016,1029.3243408203125,-0.7793425917625427,1115.23388671875,-0.9500225782394409,0.6550955176353455,0.5035379528999329,0.2782436013221741,0.22822268307209015,0.21256116032600403,0.20689387619495392,-0.006015812512487173,-0.00980245228856802,-0.008952314965426922,-0.0072937412187457085,-0.007157991640269756,-0.00787099078297615,1.2248101234436035,0.20413503050804138,-0.008335653692483902,-0.0030898579861968756,-0.46540531516075134,2.7262914180755615,5550375.0
123.0,52.957359313964844,0.2260863184928894,0.07303374260663986,850.1478271484375,-0.5048940777778625,1099.0433349609375,-0.8966763019561768,1029.2464599609375,-0.780017614364624,1115.1387939453125,-0.9509854912757874,0.6544937491416931,0.5025579333305359,0.27734866738319397,0.2274916172027588,0.21184015274047852,0.2060997039079666,-0.0060190376825630665,-0.009797981940209866,-0.008946103043854237,-0.007327784784138203,-0.00726205063983798,-0.00801168940961361,1.2197492122650146,0.20329153537750244,-0.008475550450384617,-0.0031042578630149364,-0.46757426857948303,2.7258927822113037,5549563.0
123.0999984741211,52.980648040771484,0.23289932310581207,0.06813008338212967,850.0973510742188,-0.5053408741950989,1098.95361328125,-0.8974971175193787,1029.1683349609375,-0.7806967496871948,1115.043701171875,-0.9519690871238708,0.6538916826248169,0.5015783309936523,0.27645429968833923,0.2267570048570633,0.21110862493515015,0.20529155433177948,-0.006022434215992689,-0.009793958626687527,-0.00894155167043209,-0.007364752236753702,-0.007368389051407576,-0.008150211535394192,1.2146090269088745,0.20243483781814575,-0.00860429834574461,-0.003119282890111208,-0.46983739733695984,2.7254936695098877,5548750.5
123.19999694824219,53.004573822021484,0.2392437607049942,0.06344439089298248,850.0467529296875,-0.50578773021698,1098.8638916015625,-0.8983263969421387,1029.0902099609375,-0.7813802361488342,1114.9483642578125,-0.9529715180397034,0.653289258480072,0.5005991458892822,0.27556031942367554,0.22601856291294098,0.2103664129972458,0.20446975529193878,-0.006025989074259996,-0.009790346026420593,-0.008938518352806568,-0.007404250092804432,-0.0074759856797754765,-0.008284549228847027,1.2093957662582397,0.2015659511089325,-0.008723091334104538,-0.003134890692308545,-0.4721883237361908,2.7250940799713135,5547937.5
123.30000305175781,53.029117584228516,0.2454444020986557,0.06200633570551872,849.9961547851562,-0.5062347650527954,1098.7740478515625,-0.8991640210151672,1029.0120849609375,-0.7820681929588318,1114.85302734375,-0.9539917707443237,0.6526864767074585,0.499620258808136,0.27466654777526855,0.22527605295181274,0.2096133828163147,0.20363475382328033,-0.006029693875461817,-0.009787126444280148,-0.008936920203268528,-0.007446045987308025,-0.007584310602396727,-0.008414450101554394,1.2041125297546387,0.20068541169166565,-0.008838487789034843,-0.003151068463921547,-0.4746250510215759,2.72469425201416,5547123.5
123.4000015258789,53.05430221557617,0.25184473395347595,0.06400347501039505,849.945556640625,-0.5066821575164795,1098.68408203125,-0.900010347366333,1028.933837890625,-0.7827608585357666,1114.757568359375,-0.9550300240516663,0.6520833373069763,0.498641699552536,0.27377286553382874,0.22452925145626068,0.2088494896888733,0.2027869075536728,-0.006033551413565874,-0.009784302674233913,-0.008936755359172821,-0.007490106392651796,-0.007693401072174311,-0.008541328832507133,1.198758602142334,0.19979310035705566,-0.008956925943493843,-0.0031678350642323494,-0.47715049982070923,2.7242941856384277,5546308.5
123.5,53.08013916015625,0.25837960839271545,0.06534858793020248,849.8948364257812,-0.5071301460266113,1098.593994140625,-0.9008655548095703,1028.8555908203125,-0.783458411693573,1114.662109375,-0.9560865163803101,0.6514797806739807,0.49766337871551514,0.27287912368774414,0.22377793490886688,0.2080746442079544,0.20192648470401764,-0.006037562619894743,-0.009781877510249615,-0.008938024751842022,-0.007536411285400391,-0.007803325541317463,-0.008666330017149448,1.1933331489562988,0.1988888680934906,-0.00907637644559145,-0.00318520306609571,-0.4797665476799011,2.723893642425537,5545493.5
123.5999984741211,53.10665512084961,0.2651461958885193,0.06766602396965027,849.8441162109375,-0.5075787901878357,1098.50390625,-0.901729941368103,1028.7772216796875,-0.7841610312461853,1114.56640625,-0.9571614861488342,0.6508758068084717,0.49668529629707336,0.2719852030277252,0.22302187979221344,0.20728877186775208,0.20105360448360443,-0.0060417307540774345,-0.009779859334230423,-0.008940741419792175,-0.007584970444440842,-0.007914221845567226,-0.008790556341409683,1.187834620475769,0.19797243177890778,-0.009198974817991257,-0.0032031945884227753,-0.48247647285461426,2.7234928607940674,5544677.0
123.69999694824219,53.13386535644531,0.27210527658462524,0.06959053874015808,849.7933349609375,-0.5080282688140869,1098.4136962890625,-0.9026037454605103,1028.69873046875,-0.7848689556121826,1114.4705810546875,-0.9582553505897522,0.6502714157104492,0.4957073926925659,0.27109092473983765,0.22226084768772125,0.20649173855781555,0.20016829669475555,-0.00604605907574296,-0.009778252802789211,-0.008944918401539326,-0.007635786198079586,-0.00802620593458414,-0.00891478918492794,1.1822614669799805,0.19704358279705048,-0.009323624894022942,-0.003221827792003751,-0.4852830767631531,2.7230916023254395,5543860.5
123.80000305175781,53.161773681640625,0.27908697724342346,0.06981715559959412,849.7424926757812,-0.5084788203239441,1098.3233642578125,-0.9034872055053711,1028.6202392578125,-0.7855823636054993,1114.374755859375,-0.9593679308891296,0.6496665477752686,0.4947296380996704,0.27019616961479187,0.2214946299791336,0.20568346977233887,0.199270561337471,-0.006050546653568745,-0.009777056984603405,-0.008950531482696533,-0.007688780315220356,-0.008139155805110931,-0.009038922376930714,1.1766140460968018,0.1961023509502411,-0.009446883574128151,-0.0032411052379757166,-0.48818671703338623,2.7226898670196533,5543043.0
123.9000015258789,53.19037628173828,0.28601133823394775,0.06924357265233994,849.691650390625,-0.508930504322052,1098.23291015625,-0.9043802618980408,1028.5416259765625,-0.7863014936447144,1114.27880859375,-0.9604987502098083,0.6490612626075745,0.49375197291374207,0.26930075883865356,0.2207230031490326,0.20486386120319366,0.19836045801639557,-0.0060551902279257774,-0.009776262566447258,-0.00895753689110279,-0.007743817754089832,-0.008252800442278385,-0.009162390604615211,1.1708937883377075,0.19514895975589752,-0.009567360393702984,-0.0032610222697257996,-0.4911866784095764,2.722288131713867,5542224.5
124.0,53.21965408325195,0.2927738130092621,0.06762469559907913,849.6406860351562,-0.509383499622345,1098.1424560546875,-0.9052829742431641,1028.462890625,-0.7870264053344727,1114.1826171875,-0.9616470336914062,0.6484555006027222,0.4927743673324585,0.26840460300445557,0.2199457734823227,0.20403286814689636,0.1974380761384964,-0.006059984210878611,-0.009775852784514427,-0.008965865708887577,-0.00780071085318923,-0.008366738446056843,-0.009284299798309803,1.1651030778884888,0.1941838562488556,-0.00968298502266407,-0.003281564684584737,-0.4942808449268341,2.7218856811523438,5541405.5
124.0999984741211,53.24959945678711,0.2994616627693176,0.06687866151332855,849.5897216796875,-0.5098379850387573,1098.0518798828125,-0.9061952233314514,1028.3841552734375,-0.787757396697998,1114.08642578125,-0.9628121852874756,0.6478492617607117,0.4917967915534973,0.26750752329826355,0.21916277706623077,0.20319049060344696,0.19650360941886902,-0.0060649230144917965,-0.009775817394256592,-0.008975460194051266,-0.007859299890697002,-0.008480660617351532,-0.009404169395565987,1.159244179725647,0.19320736825466156,-0.009795602411031723,-0.003302725963294506,-0.4974682331085205,2.721482992172241,5540586.0
124.19999694824219,53.28020477294922,0.3060457706451416,0.06584098935127258,849.5387573242188,-0.5102941393852234,1097.961181640625,-0.9071170091629028,1028.305419921875,-0.7884945273399353,1113.9901123046875,-0.963993489742279,0.647242546081543,0.49081918597221375,0.26660946011543274,0.2183738499879837,0.20233672857284546,0.19555726647377014,-0.006070002447813749,-0.009776141494512558,-0.008986261673271656,-0.007919426076114178,-0.008594274520874023,-0.009521610103547573,1.153319239616394,0.19221986830234528,-0.009904368780553341,-0.003324497491121292,-0.500747561454773,2.7210800647735596,5539765.5
124.30000305175781,53.311431884765625,0.31227296590805054,0.0622718445956707,849.4876708984375,-0.5107520222663879,1097.8704833984375,-0.9080480337142944,1028.2264404296875,-0.789237916469574,1113.8936767578125,-0.9651897549629211,0.6466352939605713,0.4898415505886078,0.2657102346420288,0.21757884323596954,0.20147165656089783,0.19459936022758484,-0.006075211800634861,-0.009776800870895386,-0.00899816770106554,-0.007980825379490852,-0.00870700366795063,-0.00963537860661745,1.1473325490951538,0.19122208654880524,-0.0100043173879385,-0.0033468466717749834,-0.5041138529777527,2.7206766605377197,5538944.0
124.4000015258789,53.34321975708008,0.3178972601890564,0.05624295026063919,849.4365844726562,-0.5112118721008301,1097.7796630859375,-0.9089878797531128,1028.1475830078125,-0.7899876832962036,1113.7969970703125,-0.9663988947868347,0.6460275053977966,0.4888637959957123,0.264809787273407,0.21677763760089874,0.20059537887573242,0.1936303675174713,-0.00608053570613265,-0.009777754545211792,-0.009011022746562958,-0.00804310292005539,-0.008817950263619423,-0.009743417613208294,1.1412912607192993,0.19021521508693695,-0.010091090574860573,-0.0033697187900543213,-0.5075589418411255,2.720273017883301,5538122.0
124.5,53.375545501708984,0.32324475049972534,0.05347488820552826,849.3854370117188,-0.5116736888885498,1097.688720703125,-0.9099361896514893,1028.0684814453125,-0.7907438278198242,1113.7003173828125,-0.9676195979118347,0.645419180393219,0.487885981798172,0.2639079988002777,0.21597018837928772,0.19970813393592834,0.19265088438987732,-0.006085962522774935,-0.009778975509107113,-0.00902471411973238,-0.008105985820293427,-0.008926581591367722,-0.009845095686614513,1.1352005004882812,0.18920008838176727,-0.010171438567340374,-0.003393088700249791,-0.5110790133476257,2.7198688983917236,5537299.5
124.5999984741211,53.40840148925781,0.32855603098869324,0.0531129390001297,849.334228515625,-0.512137770652771,1097.59765625,-0.9108927845954895,1027.9893798828125,-0.7915064096450806,1113.603515625,-0.9688511490821838,0.6448103189468384,0.4869079887866974,0.2630048096179962,0.2151564210653305,0.1988101452589035,0.1916615068912506,-0.006091487128287554,-0.009780450724065304,-0.009039189666509628,-0.008169347420334816,-0.009032795205712318,-0.00994111131876707,1.1290624141693115,0.18817707896232605,-0.010249330662190914,-0.003416953608393669,-0.51467365026474,2.7194643020629883,5536476.0
124.69999694824219,53.441795349121094,0.333939790725708,0.05383743345737457,849.2830200195312,-0.5126041173934937,1097.5064697265625,-0.9118577241897583,1027.91015625,-0.7922754287719727,1113.506591796875,-0.9700933694839478,0.64420086145401,0.4859298765659332,0.26210013031959534,0.21433629095554352,0.197901651263237,0.19066278636455536,-0.0060971081256866455,-0.009782174602150917,-0.009054424241185188,-0.008233136497437954,-0.00913668517023325,-0.01003256719559431,1.1228777170181274,0.18714627623558044,-0.010326460003852844,-0.003441320965066552,-0.5183439254760742,2.719059467315674,5535652.0
124.80000305175781,53.47573471069336,0.33941811323165894,0.0547834113240242,849.2317504882812,-0.5130728483200073,1097.415283203125,-0.9128309488296509,1027.8309326171875,-0.7930508852005005,1113.4095458984375,-0.9713460803031921,0.6435908675193787,0.48495155572891235,0.2611938714981079,0.21350976824760437,0.19698287546634674,0.18965508043766022,-0.006102824583649635,-0.009784145280718803,-0.009070401079952717,-0.008297323249280453,-0.009238393045961857,-0.0101204514503479,1.116646647453308,0.1861077845096588,-0.010403075255453587,-0.0034661998506635427,-0.522091269493103,2.7186543941497803,5534827.0
124.9000015258789,53.510215759277344,0.3448081612586975,0.05390041694045067,849.180419921875,-0.5135440826416016,1097.323974609375,-0.9138123393058777,1027.7515869140625,-0.7938328385353088,1113.312255859375,-0.9726088643074036,0.6429802775382996,0.48397302627563477,0.26028600335121155,0.21267680823802948,0.19605404138565063,0.18863877654075623,-0.00610863184556365,-0.009786351583898067,-0.009087076410651207,-0.00836180616170168,-0.009337852708995342,-0.01020489726215601,1.1103712320327759,0.18506187200546265,-0.010475697927176952,-0.0034915825817734003,-0.5259144902229309,2.7182488441467285,5534001.0
125.0,53.545223236083984,0.35008296370506287,0.05274812504649162,849.1290283203125,-0.5140179991722107,1097.2325439453125,-0.9148017764091492,1027.672119140625,-0.7946212887763977,1113.2149658203125,-0.9738810062408447,0.6423691511154175,0.48299428820610046,0.2593764364719391,0.21183739602565765,0.19511538743972778,0.18761418759822845,-0.00611452478915453,-0.00978877954185009,-0.009104392491281033,-0.008426452986896038,-0.009434911422431469,-0.010285738855600357,1.1040537357330322,0.18400895595550537,-0.010544165968894958,-0.0035174593795090914,-0.5298121571540833,2.7178428173065186,5533174.5
125.0999984741211,53.580726623535156,0.35502561926841736,0.04942632094025612,849.0775756835938,-0.5144945979118347,1097.1409912109375,-0.9157989025115967,1027.5926513671875,-0.7954161763191223,1113.1175537109375,-0.9751613140106201,0.6417573690414429,0.4820152819156647,0.25846511125564575,0.2109915167093277,0.1941671520471573,0.18658174574375153,-0.0061204941011965275,-0.009791404940187931,-0.009122256189584732,-0.008491050451993942,-0.009529193863272667,-0.010362118482589722,1.097698450088501,0.1829497367143631,-0.010604480281472206,-0.003543799975886941,-0.5337796807289124,2.7174365520477295,5532347.5
125.19999694824219,53.616641998291016,0.3591316044330597,0.041059885174036026,849.026123046875,-0.5149739980697632,1097.04931640625,-0.9168030023574829,1027.5130615234375,-0.7962175011634827,1113.0198974609375,-0.976447343826294,0.6411450505256653,0.481035977602005,0.25755196809768677,0.210139200091362,0.1932096779346466,0.1855420023202896,-0.00612651975825429,-0.00979418121278286,-0.00914048869162798,-0.008555169217288494,-0.009619745425879955,-0.010431521572172642,1.0913140773773193,0.18188567459583282,-0.010647807270288467,-0.0035705275367945433,-0.537805438041687,2.7170298099517822,5531519.5
125.30000305175781,53.652854919433594,0.36215031147003174,0.030187059193849564,848.974609375,-0.5154563188552856,1096.9576416015625,-0.9178130626678467,1027.4334716796875,-0.7970251441001892,1112.9222412109375,-0.9777359962463379,0.6405320763587952,0.48005643486976624,0.25663700699806213,0.20928052067756653,0.19224339723587036,0.18449582159519196,-0.006132576614618301,-0.009797043167054653,-0.009158850647509098,-0.008618240244686604,-0.00970527809113264,-0.01049081888049841,1.0849121809005737,0.18081870675086975,-0.010670585557818413,-0.0035975417122244835,-0.5418744087219238,2.716622829437256,5530690.5
125.4000015258789,53.68925094604492,0.3639501929283142,0.017999079078435898,848.9230346679688,-0.5159415602684021,1096.86572265625,-0.918828010559082,1027.3536376953125,-0.7978389263153076,1112.824462890625,-0.9790236353874207,0.6399185061454773,0.4790765941143036,0.25572019815444946,0.20841562747955322,0.19126887619495392,0.18344435095787048,-0.006138634402304888,-0.009799919091165066,-0.009177078492939472,-0.008679642342031002,-0.009784421883523464,-0.010537082329392433,1.0785061120986938,0.17975100874900818,-0.010670994408428669,-0.0036247302778065205,-0.5459696650505066,2.7162153720855713,5529861.0
125.5,53.725711822509766,0.3646068871021271,0.006566762458533049,848.8713989257812,-0.5164299011230469,1096.7738037109375,-0.9198467135429382,1027.2738037109375,-0.7986586093902588,1112.7264404296875,-0.9803067445755005,0.6393043398857117,0.47809645533561707,0.25480160117149353,0.20754468441009521,0.1902868151664734,0.1823890060186386,-0.006144666112959385,-0.009802740067243576,-0.009194919839501381,-0.008738798089325428,-0.009855980053544044,-0.010568317025899887,1.072108268737793,0.17868471145629883,-0.010650844313204288,-0.003651987062767148,-0.5500751733779907,2.7158074378967285,5529031.0
125.5999984741211,53.76214599609375,0.364353209733963,-0.0025367795024067163,848.8197631835938,-0.5169212222099304,1096.6817626953125,-0.9208680391311646,1027.1939697265625,-0.7994838953018188,1112.6282958984375,-0.9815826416015625,0.6386895775794983,0.47711604833602905,0.2538812458515167,0.2066679745912552,0.18929801881313324,0.1813313066959381,-0.006150647532194853,-0.009805449284613132,-0.009212169796228409,-0.008795252069830894,-0.00991914514452219,-0.010583918541669846,1.0657293796539307,0.17762155830860138,-0.010614406317472458,-0.0036792282480746508,-0.5541783571243286,2.7153992652893066,5528199.5
125.69999694824219,53.798484802246094,0.36337903141975403,-0.009741884656250477,848.7680053710938,-0.5174156427383423,1096.589599609375,-0.9218911528587341,1027.1138916015625,-0.8003143668174744,1112.5301513671875,-0.9828490018844604,0.6380742192268372,0.47613537311553955,0.2529591917991638,0.20578575134277344,0.18830333650112152,0.18027283251285553,-0.0061565604992210865,-0.009808001108467579,-0.009228667244315147,-0.008848666213452816,-0.009973461739718914,-0.010584302246570587,1.059377670288086,0.17656295001506805,-0.010564916767179966,-0.0037063865456730127,-0.5582690238952637,2.7149906158447266,5527368.0
125.80000305175781,53.83466720581055,0.36183950304985046,-0.015395225025713444,848.7162475585938,-0.5179132223129272,1096.4974365234375,-0.9229153990745544,1027.033935546875,-0.8011497855186462,1112.4317626953125,-0.9841041564941406,0.6374582648277283,0.47515445947647095,0.25203555822372437,0.20489837229251862,0.18730367720127106,0.17921502888202667,-0.006162390112876892,-0.009810359217226505,-0.009244287386536598,-0.008898800238966942,-0.010018742643296719,-0.010570489801466465,1.0530599355697632,0.1755099892616272,-0.010505071841180325,-0.003733409568667412,-0.5623393058776855,2.7145814895629883,5526535.0
125.9000015258789,53.87065887451172,0.359908789396286,-0.019306916743516922,848.6644287109375,-0.5184139013290405,1096.405029296875,-0.9239400029182434,1026.9537353515625,-0.8019896149635315,1112.333251953125,-0.9853467345237732,0.6368417739868164,0.47417330741882324,0.25111037492752075,0.2040061354637146,0.18629994988441467,0.17815926671028137,-0.0061681256629526615,-0.009812498465180397,-0.009258942678570747,-0.008945506997406483,-0.010055058635771275,-0.01054398063570261,1.046781063079834,0.17446351051330566,-0.010437910445034504,-0.0037602607626467943,-0.5663837790489197,2.714172124862671,5525701.5
126.0,53.90643310546875,0.35772159695625305,-0.021872134879231453,848.6126098632812,-0.5189176201820374,1096.3126220703125,-0.9249644875526428,1026.87353515625,-0.8028335571289062,1112.2347412109375,-0.9865759611129761,0.6362246870994568,0.4731919467449188,0.2501837909221649,0.20310941338539124,0.1852930188179016,0.17710669338703156,-0.006173759698867798,-0.009814400225877762,-0.009272575378417969,-0.008988718502223492,-0.010082672350108624,-0.010506515391170979,1.0405443906784058,0.17342408001422882,-0.010365703143179417,-0.003786916146054864,-0.5703986883163452,2.7137622833251953,5524867.5
126.0999984741211,53.941993713378906,0.35560667514801025,-0.021149173378944397,848.5606689453125,-0.5194244384765625,1096.2200927734375,-0.9259885549545288,1026.7930908203125,-0.8036812543869019,1112.135986328125,-0.9877917170524597,0.6356070041656494,0.47221043705940247,0.24925591051578522,0.2022085338830948,0.18428374826908112,0.1760583072900772,-0.006179290823638439,-0.00981606263667345,-0.009285185486078262,-0.009028507396578789,-0.010102209635078907,-0.010460576973855495,1.0343507528305054,0.17239178717136383,-0.01029406487941742,-0.0038133824709802866,-0.5743851065635681,2.7133522033691406,5524032.0
126.19999694824219,53.97733688354492,0.35346174240112305,-0.02144940197467804,848.5087280273438,-0.5199342370033264,1096.12744140625,-0.9270119667053223,1026.7127685546875,-0.8045322895050049,1112.037109375,-0.9889940619468689,0.6349887847900391,0.4712287485599518,0.24832680821418762,0.20130383968353271,0.18327288329601288,0.17501486837863922,-0.006184718105942011,-0.00981748104095459,-0.009296773001551628,-0.00906494539231062,-0.010114246979355812,-0.010408016853034496,1.028200626373291,0.17136676609516144,-0.010220859199762344,-0.0038396562449634075,-0.5783425569534302,2.7129414081573486,5523196.0
126.30000305175781,54.012451171875,0.35112348198890686,-0.0233823973685503,848.4566650390625,-0.5204470157623291,1096.03466796875,-0.928034245967865,1026.6322021484375,-0.8053863048553467,1111.938232421875,-0.9901823997497559,0.6343700885772705,0.47024694085121155,0.24739660322666168,0.20039567351341248,0.18226118385791779,0.17397695779800415,-0.00619003688916564,-0.009818647988140583,-0.009307310916483402,-0.009098035283386707,-0.010119124315679073,-0.010349654592573643,1.0220959186553955,0.1703493297100067,-0.010143710300326347,-0.0038657195400446653,-0.5822682976722717,2.7125306129455566,5522359.5
126.4000015258789,54.04731750488281,0.34867602586746216,-0.02447476238012314,848.4046020507812,-0.520962655544281,1095.9417724609375,-0.9290550351142883,1026.5516357421875,-0.8062429428100586,1111.839111328125,-0.9913564920425415,0.6337507963180542,0.46926504373550415,0.24646538496017456,0.19948436319828033,0.18124933540821075,0.17294515669345856,-0.006195243913680315,-0.009819554165005684,-0.009316779673099518,-0.009127795696258545,-0.01011720858514309,-0.010286273434758186,1.016038417816162,0.16933973133563995,-0.010064413771033287,-0.0038915618788450956,-0.5861607789993286,2.7121191024780273,5521522.0
126.5,54.08196258544922,0.3464246392250061,-0.02251383103430271,848.3524780273438,-0.5214811563491821,1095.848876953125,-0.930074155330658,1026.470947265625,-0.8071019649505615,1111.7398681640625,-0.9925166368484497,0.6331310272216797,0.4682830572128296,0.245533287525177,0.19857023656368256,0.18023799359798431,0.17191986739635468,-0.0062003410421311855,-0.009820206090807915,-0.009325209073722363,-0.009154370054602623,-0.010109171271324158,-0.010219492949545383,1.0100270509719849,0.1683378517627716,-0.009987971745431423,-0.003917201422154903,-0.5900226831436157,2.711707353591919,5520683.5
126.5999984741211,54.116432189941406,0.34472236037254333,-0.01702270656824112,848.30029296875,-0.5220023393630981,1095.755859375,-0.9310917854309082,1026.3902587890625,-0.8079630136489868,1111.640625,-0.993664026260376,0.6325107216835022,0.46730101108551025,0.24460038542747498,0.1976536065340042,0.17922770977020264,0.17090129852294922,-0.006205337587743998,-0.009820625185966492,-0.009332692250609398,-0.00917805265635252,-0.010096058249473572,-0.01015184260904789,1.0040580034255981,0.16734300553798676,-0.009919761680066586,-0.003942688927054405,-0.5938616991043091,2.7112951278686523,5519844.0
126.69999694824219,54.150779724121094,0.34347599744796753,-0.012463698163628578,848.2481079101562,-0.522526204586029,1095.66259765625,-0.9321079850196838,1026.3094482421875,-0.8088257908821106,1111.5411376953125,-0.9947999119758606,0.6318899393081665,0.46631893515586853,0.24366678297519684,0.1967347413301468,0.17821894586086273,0.16988946497440338,-0.006210242863744497,-0.00982083473354578,-0.00933932140469551,-0.009199131280183792,-0.01007883157581091,-0.010085207410156727,0.9981271028518677,0.16635452210903168,-0.009857743047177792,-0.00396806700155139,-0.5976842045783997,2.7108824253082275,5519004.0
126.80000305175781,54.18505096435547,0.34271520376205444,-0.007607949431985617,848.19580078125,-0.5230526328086853,1095.5693359375,-0.9331228733062744,1026.228515625,-0.8096901774406433,1111.441650390625,-0.9959254264831543,0.6312686800956726,0.4653368294239044,0.24273255467414856,0.1958138793706894,0.17721207439899445,0.16888417303562164,-0.0062150657176971436,-0.009820858016610146,-0.009345187805593014,-0.0092178825289011,-0.010058369487524033,-0.010020997375249863,0.9922303557395935,0.16537173092365265,-0.00980260968208313,-0.003993380349129438,-0.6014969944953918,2.7104692459106445,5518163.0
126.9000015258789,54.21925735473633,0.3420417904853821,-0.006734131835401058,848.1434936523438,-0.5235815048217773,1095.47607421875,-0.9341364502906799,1026.1474609375,-0.8105558753013611,1111.342041015625,-0.9970409870147705,0.6306469440460205,0.4643547534942627,0.2417977750301361,0.19489124417304993,0.17620737850666046,0.1678851842880249,-0.00621980894356966,-0.00982070155441761,-0.009350324980914593,-0.009234440512955189,-0.01003511343151331,-0.009959137998521328,0.9863665103912354,0.16439442336559296,-0.009747882373631,-0.004018637351691723,-0.6053013205528259,2.7100558280944824,5517321.5
127.0,54.25335693359375,0.3410141170024872,-0.010276743210852146,848.091064453125,-0.5241127610206604,1095.382568359375,-0.935148298740387,1026.06640625,-0.8114227056503296,1111.2421875,-0.9981460571289062,0.6300247311592102,0.46337270736694336,0.24086251854896545,0.1939670741558075,0.17520517110824585,0.16689231991767883,-0.0062244669534265995,-0.009820353239774704,-0.00935469288378954,-0.009248745627701283,-0.010008946992456913,-0.009897980839014053,0.980538010597229,0.16342300176620483,-0.009687195532023907,-0.004043804481625557,-0.609092116355896,2.709641933441162,5516478.5
127.0999984741211,54.28730010986328,0.339406818151474,-0.016072850674390793,848.0386352539062,-0.5246462821960449,1095.2889404296875,-0.9361578822135925,1025.9852294921875,-0.8122904896736145,1111.142333984375,-0.9992393255233765,0.6294020414352417,0.4623906910419464,0.23992685973644257,0.19304159283638,0.1742057353258133,0.1659056544303894,-0.006229029968380928,-0.009819786995649338,-0.009358204901218414,-0.009260626509785652,-0.00997945200651884,-0.009835349395871162,0.974749743938446,0.16245828568935394,-0.009617689065635204,-0.0040688281878829,-0.6128612756729126,2.7092275619506836,5515635.0
127.19999694824219,54.32101821899414,0.3371799886226654,-0.02226823754608631,847.9861450195312,-0.5251819491386414,1095.1953125,-0.9371646046638489,1025.9039306640625,-0.8131589889526367,1111.0423583984375,-1.0003193616867065,0.6287789344787598,0.4614087641239166,0.238990917801857,0.19211505353450775,0.17320942878723145,0.16492541134357452,-0.0062334854155778885,-0.009818974882364273,-0.009360761381685734,-0.00926988571882248,-0.009946169331669807,-0.009769371710717678,0.9690070152282715,0.16150116920471191,-0.009539122693240643,-0.004093650728464127,-0.6166000962257385,2.708812952041626,5514791.0
127.30000305175781,54.354454040527344,0.3343619704246521,-0.028180232271552086,847.93359375,-0.5257197022438049,1095.1015625,-0.9381677508354187,1025.822509765625,-0.8140279054641724,1110.9422607421875,-1.0013848543167114,0.6281553506851196,0.460426926612854,0.23805475234985352,0.19118773937225342,0.17221666872501373,0.16395199298858643,-0.0062378221191465855,-0.009817888028919697,-0.009362271055579185,-0.009276345372200012,-0.009908702224493027,-0.009698733687400818,0.9633150696754456,0.160552516579628,-0.009452080354094505,-0.0041182152926921844,-0.6203001737594604,2.708397626876831,5513945.5
127.4000015258789,54.38758087158203,0.33128005266189575,-0.0308192390948534,847.8810424804688,-0.5262593626976013,1095.0076904296875,-0.9391670227050781,1025.7410888671875,-0.8148970007896423,1110.8421630859375,-1.0024350881576538,0.6275313496589661,0.45944520831108093,0.23711849749088287,0.1902599036693573,0.17122787237167358,0.1629858762025833,-0.006242034025490284,-0.00981651246547699,-0.009362690150737762,-0.009279944933950901,-0.009867005050182343,-0.009623420424759388,0.9576767683029175,0.15961278975009918,-0.009361683391034603,-0.0041424985975027084,-0.6239577531814575,2.707982063293457,5513099.5
127.5,54.4203987121582,0.3281630277633667,-0.031170332804322243,847.828369140625,-0.5268008708953857,1094.9136962890625,-0.9401620626449585,1025.6595458984375,-0.8157659769058228,1110.7418212890625,-1.0034699440002441,0.6269069910049438,0.4584636390209198,0.23618225753307343,0.18933185935020447,0.17024342715740204,0.1620274931192398,-0.006246119271963835,-0.009814846329391003,-0.009362016804516315,-0.009280738420784473,-0.009821330197155476,-0.009544323198497295,0.9520927667617798,0.15868212282657623,-0.009271025657653809,-0.0041664959862828255,-0.6275722980499268,2.707566022872925,5512252.5
127.5999984741211,54.45289611816406,0.32497552037239075,-0.03187493607401848,847.775634765625,-0.5273441076278687,1094.8197021484375,-0.9411526322364807,1025.5780029296875,-0.816634476184845,1110.6414794921875,-1.0044894218444824,0.6262821555137634,0.457482248544693,0.23524615168571472,0.1884038746356964,0.16926375031471252,0.16107717156410217,-0.0062500773929059505,-0.009812886826694012,-0.009360254742205143,-0.009278782643377781,-0.00977193471044302,-0.009462174959480762,0.9465636014938354,0.1577605903148651,-0.009179341606795788,-0.004190200474113226,-0.631142795085907,2.7071495056152344,5511404.5
127.69999694824219,54.485107421875,0.32213708758354187,-0.028384342789649963,847.722900390625,-0.5278888940811157,1094.7254638671875,-0.9421387910842896,1025.4962158203125,-0.8175023794174194,1110.5408935546875,-1.0054941177368164,0.6256569623947144,0.4565010666847229,0.23431025445461273,0.18747620284557343,0.1682891845703125,0.16013513505458832,-0.006253913510590792,-0.009810646995902061,-0.009357460774481297,-0.009274270385503769,-0.009719421155750751,-0.009378663264214993,0.941087007522583,0.15684783458709717,-0.009093117900192738,-0.004213645588606596,-0.6346741318702698,2.706732749938965,5510556.0
127.80000305175781,54.51707077026367,0.3196127116680145,-0.02524370327591896,847.6701049804688,-0.528435230255127,1094.6312255859375,-0.9431204795837402,1025.4144287109375,-0.8183693885803223,1110.4403076171875,-1.006485104560852,0.6250313520431519,0.4555201232433319,0.233374685049057,0.186549112200737,0.16731998324394226,0.15920144319534302,-0.006257633678615093,-0.00980814266949892,-0.009353701956570148,-0.00926741398870945,-0.009664418175816536,-0.009295268915593624,0.9356603026390076,0.1559433788061142,-0.00901120062917471,-0.004236859269440174,-0.6381706595420837,2.706315517425537,5509706.5
127.9000015258789,54.54878234863281,0.3171260356903076,-0.024866923689842224,847.6171875,-0.5289828181266785,1094.536865234375,-0.9440975785255432,1025.33251953125,-0.8192352056503296,1110.339599609375,-1.0074623823165894,0.6244054436683655,0.4545394480228424,0.2324395477771759,0.18562281131744385,0.1663563847541809,0.15827608108520508,-0.006261240225285292,-0.009805379435420036,-0.009349009022116661,-0.009258327074348927,-0.009607242420315742,-0.009212303906679153,0.9302825927734375,0.15504710376262665,-0.008929619565606117,-0.004259845241904259,-0.6416329145431519,2.705897569656372,5508856.0
128.0,54.580230712890625,0.31448447704315186,-0.026415441185235977,847.5642700195312,-0.5295316576957703,1094.4423828125,-0.9450699687004089,1025.2506103515625,-0.8200997710227966,1110.2388916015625,-1.0084259510040283,0.6237791180610657,0.4535590410232544,0.23150493204593658,0.18469753861427307,0.16539861261844635,0.1573590189218521,-0.0062647308222949505,-0.00980235356837511,-0.009343373589217663,-0.00924703199416399,-0.009547954425215721,-0.009129300713539124,0.9249547123908997,0.15415911376476288,-0.008845965377986431,-0.004282589070498943,-0.6450586318969727,2.705479383468628,5508004.5
128.10000610351562,54.611366271972656,0.31134045124053955,-0.03144033998250961,847.5112915039062,-0.530081570148468,1094.347900390625,-0.9460371136665344,1025.1685791015625,-0.8209627866744995,1110.137939453125,-1.009374976158142,0.623152494430542,0.45257899165153503,0.23057091236114502,0.18377350270748138,0.1644469052553177,0.1564503163099289,-0.006268098950386047,-0.0097990483045578,-0.009336741641163826,-0.009233429096639156,-0.009486272931098938,-0.009044871665537357,0.9196800589561462,0.15328000485897064,-0.008755432441830635,-0.004305042792111635,-0.6484407186508179,2.7050609588623047,5507152.5
128.1999969482422,54.64210510253906,0.3074048161506653,-0.0393562912940979,847.458251953125,-0.530632495880127,1094.253173828125,-0.9469984173774719,1025.08642578125,-0.8218240141868591,1110.0369873046875,-1.0103079080581665,0.6225255131721497,0.45159927010536194,0.22963762283325195,0.18285095691680908,0.16350150108337402,0.15555021166801453,-0.006271331571042538,-0.009795432910323143,-0.009329010732471943,-0.00921730324625969,-0.009421614930033684,-0.00895699206739664,0.9144642949104309,0.15241071581840515,-0.008654380217194557,-0.00432713283225894,-0.6517679691314697,2.704641819000244,5506299.0
128.3000030517578,54.67238235473633,0.3027905821800232,-0.04614230990409851,847.4051513671875,-0.531184196472168,1094.158447265625,-0.9479532837867737,1025.004150390625,-0.8226832151412964,1109.9359130859375,-1.0112234354019165,0.6218982338905334,0.4506199061870575,0.22870516777038574,0.18193015456199646,0.16256272792816162,0.15465915203094482,-0.006274417042732239,-0.009791478514671326,-0.009320084936916828,-0.009198461659252644,-0.00935349240899086,-0.008864291943609715,0.9093128442764282,0.15155214071273804,-0.008544913493096828,-0.004348794464021921,-0.6550307273864746,2.7042224407196045,5505445.0
128.39999389648438,54.702144622802734,0.29759112000465393,-0.05199482664465904,847.35205078125,-0.5317366123199463,1094.0635986328125,-0.9489010572433472,1024.921875,-0.8235401511192322,1109.834716796875,-1.012120246887207,0.6212706565856934,0.44964098930358887,0.22777366638183594,0.1810113787651062,0.16163095831871033,0.15377762913703918,-0.00627734512090683,-0.009787162765860558,-0.009309890680015087,-0.009176761843264103,-0.009281575679779053,-0.008766102604568005,0.9042301774024963,0.15070503950119019,-0.008428264409303665,-0.00436997227370739,-0.658220648765564,2.7038023471832275,5504590.5
128.5,54.731346130371094,0.2920210361480713,-0.055700868368148804,847.298828125,-0.5322895646095276,1093.9686279296875,-0.949841320514679,1024.8394775390625,-0.8243944048881531,1109.7335205078125,-1.0129977464675903,0.6206427812576294,0.44866248965263367,0.2268432378768921,0.18009492754936218,0.16070657968521118,0.15290619432926178,-0.006280110217630863,-0.00978246983140707,-0.009298380464315414,-0.009152139537036419,-0.009205767884850502,-0.00866256095468998,0.8992193341255188,0.1498698890209198,-0.008307472802698612,-0.004390631802380085,-0.6613324284553528,2.7033820152282715,5503734.5
128.60000610351562,54.75996780395508,0.28623348474502563,-0.057875461876392365,847.2455444335938,-0.5328429341316223,1093.8736572265625,-0.9507737755775452,1024.7569580078125,-0.8252456784248352,1109.632080078125,-1.0138555765151978,0.6200146079063416,0.44768449664115906,0.22591404616832733,0.1791810691356659,0.15978996455669403,0.1520453542470932,-0.006282708141952753,-0.009777392260730267,-0.00928554031997919,-0.00912460032850504,-0.009126164950430393,-0.008554323576390743,0.8942819237709045,0.14904698729515076,-0.008184490725398064,-0.0044107516296207905,-0.6643629670143127,2.7029612064361572,5502878.0
128.6999969482422,54.78801345825195,0.28043508529663086,-0.05798403173685074,847.1922607421875,-0.5333966016769409,1093.778564453125,-0.9516981244087219,1024.6744384765625,-0.8260937929153442,1109.5306396484375,-1.0146936178207397,0.6193862557411194,0.4467070400714874,0.22498618066310883,0.1782701164484024,0.15888150036334991,0.15119551122188568,-0.006285139825195074,-0.009771930053830147,-0.009271381422877312,-0.00909422803670168,-0.009043063037097454,-0.008442523889243603,0.8894180655479431,0.14823633432388306,-0.008062104694545269,-0.004430330358445644,-0.66731196641922,2.702540159225464,5502020.5
128.8000030517578,54.81548309326172,0.27472326159477234,-0.05711806192994118,847.138916015625,-0.5339503884315491,1093.683349609375,-0.9526142477989197,1024.591796875,-0.8269383907318115,1109.42919921875,-1.015512466430664,0.6187576055526733,0.4457301199436188,0.2240598201751709,0.1773623377084732,0.1579815000295639,0.1503569781780243,-0.006287406198680401,-0.009766090661287308,-0.009255938231945038,-0.009061146527528763,-0.008956861682236195,-0.008328401483595371,0.8846268653869629,0.14743781089782715,-0.007941453717648983,-0.004449375439435244,-0.67018061876297,2.702118396759033,5501162.0
128.89999389648438,54.84238815307617,0.2690340578556061,-0.056891970336437225,847.08544921875,-0.5345041751861572,1093.5880126953125,-0.9535220265388489,1024.509033203125,-0.8277791738510132,1109.32763671875,-1.0163121223449707,0.618128776550293,0.44475382566452026,0.2231350541114807,0.17645800113677979,0.15709024667739868,0.14952994883060455,-0.00628950959071517,-0.009759876877069473,-0.009239237755537033,-0.009025470353662968,-0.008867896161973476,-0.00821278803050518,0.8799077272415161,0.14665129780769348,-0.007821585983037949,-0.004467889200896025,-0.6729692220687866,2.7016963958740234,5500302.5
129.0,54.868709564208984,0.2632119357585907,-0.058221448212862015,847.031982421875,-0.5350577235221863,1093.4925537109375,-0.9544212222099304,1024.42626953125,-0.8286159038543701,1109.2259521484375,-1.0170928239822388,0.6174997091293335,0.4437781572341919,0.222212016582489,0.17555734515190125,0.15620803833007812,0.14871452748775482,-0.006291449069976807,-0.009753288701176643,-0.009221287444233894,-0.008987253531813622,-0.008776336908340454,-0.00809587724506855,0.875261127948761,0.14587685465812683,-0.007700498681515455,-0.004485858138650656,-0.6756757497787476,2.7012736797332764,5499442.0
129.10000610351562,54.8944206237793,0.25711479783058167,-0.06097136437892914,846.9784545898438,-0.5356109738349915,1093.3970947265625,-0.9553115367889404,1024.34326171875,-0.8294483423233032,1109.1241455078125,-1.0178539752960205,0.6168704628944397,0.44280317425727844,0.22129084169864655,0.17466065287590027,0.15533509850502014,0.14791087806224823,-0.0062932213768363,-0.009746319614350796,-0.009202073328197002,-0.008946499787271023,-0.0086821923032403,-0.007977374829351902,0.8706884980201721,0.1451147496700287,-0.007576491683721542,-0.00450325571000576,-0.6782962679862976,2.70085072517395,5498581.0
129.1999969482422,54.91950607299805,0.25087282061576843,-0.06241968646645546,846.9248657226562,-0.5361638069152832,1093.301513671875,-0.956192672252655,1024.2603759765625,-0.8302762508392334,1109.0223388671875,-1.018595576286316,0.6162410974502563,0.4418289065361023,0.22037166357040405,0.17376814782619476,0.15447171032428741,0.1471191644668579,-0.006294825114309788,-0.009738964959979057,-0.009181590750813484,-0.008903240785002708,-0.008585555478930473,-0.007857315242290497,0.8661906719207764,0.1443651169538498,-0.007451543118804693,-0.004520068876445293,-0.6808286905288696,2.700427293777466,5497719.0
129.3000030517578,54.943973541259766,0.24464131891727448,-0.06231503188610077,846.8712158203125,-0.5367159247398376,1093.2059326171875,-0.9570644497871399,1024.17724609375,-0.8310993909835815,1108.92041015625,-1.0193177461624146,0.6156114935874939,0.4408554136753082,0.2194545865058899,0.17288009822368622,0.15361809730529785,0.1463395059108734,-0.006296261213719845,-0.009731228463351727,-0.00915986206382513,-0.008857565000653267,-0.008486664853990078,-0.007736205123364925,0.8617674708366394,0.14362791180610657,-0.007327578030526638,-0.004536297172307968,-0.6832730770111084,2.7000036239624023,5496856.0
129.39999389648438,54.967830657958984,0.23859569430351257,-0.06045620143413544,846.8175048828125,-0.53726726770401,1093.110107421875,-0.957926869392395,1024.0941162109375,-0.8319174647331238,1108.8184814453125,-1.0200210809707642,0.6149818301200867,0.43988269567489624,0.21853972971439362,0.17199674248695374,0.15277446806430817,0.1455719769001007,-0.0062975334003567696,-0.00972311943769455,-0.009136932902038097,-0.008809620514512062,-0.008385914377868176,-0.007614950183779001,0.8574172854423523,0.14290288090705872,-0.007206777110695839,-0.004551957827061415,-0.6856319904327393,2.6995792388916016,5495992.5
129.5,54.99112319946289,0.23292145133018494,-0.056742385029792786,846.7637939453125,-0.5378177165985107,1093.0142822265625,-0.9587799906730652,1024.0108642578125,-0.8327302932739258,1108.7164306640625,-1.020706295967102,0.6143520474433899,0.4389108121395111,0.21762724220752716,0.17111825942993164,0.1519409716129303,0.14481651782989502,-0.006298647727817297,-0.009714653715491295,-0.009112874045968056,-0.008759618736803532,-0.008283848874270916,-0.007494789082556963,0.853137195110321,0.14218953251838684,-0.00709140719845891,-0.0045670862309634686,-0.6879106163978577,2.6991546154022217,5495127.5
129.60000610351562,55.01389694213867,0.22773423790931702,-0.051872167736291885,846.7099609375,-0.5383670330047607,1092.9183349609375,-0.9596239328384399,1023.9275512695312,-0.8335376381874084,1108.6143798828125,-1.0213744640350342,0.6137220859527588,0.43793976306915283,0.2167171984910965,0.17024488747119904,0.1511177271604538,0.14407296478748322,-0.006299613043665886,-0.009705855511128902,-0.009087777696549892,-0.008707812055945396,-0.008181094191968441,-0.007377038709819317,0.8489235043525696,0.141487255692482,-0.006982774939388037,-0.004581727087497711,-0.6901158690452576,2.6987292766571045,5494262.0
129.6999969482422,55.036170959472656,0.2227487862110138,-0.04985460266470909,846.6561279296875,-0.5389151573181152,1092.8223876953125,-0.9604588150978088,1023.8441772460938,-0.834339439868927,1108.51220703125,-1.022026538848877,0.6130921244621277,0.4369696378707886,0.21580971777439117,0.16937677562236786,0.15030477941036224,0.1433410495519638,-0.006300434935837984,-0.009696736931800842,-0.009061701595783234,-0.008654368110001087,-0.008078020997345448,-0.0072620525024831295,0.8447738289833069,0.14079563319683075,-0.006876982282847166,-0.004595899023115635,-0.6922505497932434,2.698303699493408,5493395.5
129.8000030517578,55.057918548583984,0.2174725979566574,-0.05276183411478996,846.6021728515625,-0.5394618511199951,1092.726318359375,-0.961284339427948,1023.7606811523438,-0.8351355195045471,1108.409912109375,-1.0226621627807617,0.612462043762207,0.43600043654441833,0.21490490436553955,0.16851408779621124,0.14950215816497803,0.1426205337047577,-0.006301111541688442,-0.009687294252216816,-0.009034639224410057,-0.008599289692938328,-0.007974524982273579,-0.007148730102926493,0.8406890630722046,0.14011484384536743,-0.006767961662262678,-0.004609575029462576,-0.6943104267120361,2.6978776454925537,5492528.5
129.89999389648438,55.07908630371094,0.21166445314884186,-0.05808142200112343,846.5482177734375,-0.5400070548057556,1092.630126953125,-0.9621002078056335,1023.6771240234375,-0.8359256386756897,1108.3076171875,-1.0232805013656616,0.6118319034576416,0.4350321888923645,0.2140028327703476,0.16765698790550232,0.14870992302894592,0.1419113427400589,-0.006301635876297951,-0.00967751257121563,-0.009006540291011333,-0.008542472496628761,-0.007870225235819817,-0.007035388611257076,0.836672306060791,0.13944539427757263,-0.006653171498328447,-0.004622704349458218,-0.696287989616394,2.69745135307312,5491660.0
130.0,55.09961700439453,0.20532377064228058,-0.06340682506561279,846.4942016601562,-0.5405505299568176,1092.5338134765625,-0.962906002998352,1023.593505859375,-0.83670973777771,1108.205322265625,-1.0238808393478394,0.6112017035484314,0.43406495451927185,0.21310363709926605,0.1668056696653366,0.1479281783103943,0.1412135660648346,-0.006302001420408487,-0.00966737326234579,-0.008977350778877735,-0.00848380383104086,-0.007764733396470547,-0.0069206454791128635,0.8327269554138184,0.13878782093524933,-0.006532848812639713,-0.004635235760360956,-0.6981756091117859,2.697024345397949,5490791.0
130.10000610351562,55.11949157714844,0.19873462617397308,-0.06589144468307495,846.4401245117188,-0.5410922169685364,1092.4375,-0.9637014269828796,1023.5098266601562,-0.837487518787384,1108.1029052734375,-1.0244626998901367,0.6105715036392212,0.4330987334251404,0.21220742166042328,0.16596031188964844,0.14715704321861267,0.14052733778953552,-0.006302203517407179,-0.009656869806349277,-0.00894705019891262,-0.008423252031207085,-0.0076579139567911625,-0.006804145406931639,0.8288546204566956,0.1381424367427826,-0.00641062343493104,-0.0046471464447677135,-0.6999696493148804,2.696597099304199,5489921.0
130.1999969482422,55.13871383666992,0.19222788512706757,-0.06506738066673279,846.385986328125,-0.5416319966316223,1092.3411865234375,-0.9644863605499268,1023.426025390625,-0.8382588028907776,1108.0003662109375,-1.0250262022018433,0.6099412441253662,0.43213358521461487,0.21131427586078644,0.16512109339237213,0.14639665186405182,0.13985282182693481,-0.006302244495600462,-0.009646004997193813,-0.00891566090285778,-0.008360901847481728,-0.007549951784312725,-0.006686568725854158,0.8250547647476196,0.13750913739204407,-0.00629036920145154,-0.004658443853259087,-0.7016712427139282,2.696169376373291,5489050.5
130.3000030517578,55.15733337402344,0.1861780434846878,-0.060498494654893875,846.331787109375,-0.5421696305274963,1092.24462890625,-0.9652609825134277,1023.3421630859375,-0.8390234708786011,1107.8978271484375,-1.025572419166565,0.609311044216156,0.4311695396900177,0.21042431890964508,0.16428819298744202,0.1456470936536789,0.13919004797935486,-0.006302131339907646,-0.00963479746133089,-0.008883261121809483,-0.008296961896121502,-0.007441363297402859,-0.006569482386112213,0.8213244080543518,0.13688740134239197,-0.0061764782294631,-0.004669169895350933,-0.70328688621521,2.6957411766052246,5488178.5
130.39999389648438,55.175384521484375,0.18051689863204956,-0.056611355394124985,846.2775268554688,-0.5427050590515137,1092.1480712890625,-0.9660253524780273,1023.2582397460938,-0.8397813439369202,1107.7952880859375,-1.0261021852493286,0.6086808443069458,0.43020665645599365,0.20953765511512756,0.16346175968647003,0.14490839838981628,0.1385389119386673,-0.0063018715009093285,-0.009623266756534576,-0.008849925361573696,-0.008231638930737972,-0.007332637906074524,-0.006454103626310825,0.8176601529121399,0.13627669215202332,-0.006067655514925718,-0.0046793618239462376,-0.7048220038414001,2.6953125,5487306.0
130.5,55.19287872314453,0.1749480664730072,-0.05568842217326164,846.2232055664062,-0.54323810338974,1092.0513916015625,-0.9667795896530151,1023.1741943359375,-0.8405322432518005,1107.692626953125,-1.0266159772872925,0.6080507040023804,0.42924490571022034,0.20865437388420105,0.16264192759990692,0.14418058097362518,0.13789920508861542,-0.006301467772573233,-0.009611421264708042,-0.008815694600343704,-0.008165047504007816,-0.0072239842265844345,-0.006340600550174713,0.814060628414154,0.135676771402359,-0.005960298702120781,-0.004689027555286884,-0.7062778472900391,2.6948835849761963,5486432.5
130.60000610351562,55.20984649658203,0.16967664659023285,-0.052714161574840546,846.1688842773438,-0.5437686443328857,1091.9547119140625,-0.9675236940383911,1023.090087890625,-0.8412761688232422,1107.5899658203125,-1.0271145105361938,0.6074205636978149,0.4282843768596649,0.2077745646238327,0.16182880103588104,0.143463596701622,0.1372707337141037,-0.006300926208496094,-0.009599273093044758,-0.00878062378615141,-0.008097333833575249,-0.007115690503269434,-0.00622941367328167,0.8105236291885376,0.1350872814655304,-0.0058573391288518906,-0.004698195029050112,-0.7076587080955505,2.6944541931152344,5485558.5
130.6999969482422,55.22633361816406,0.16485682129859924,-0.048198264092206955,846.114501953125,-0.5442965626716614,1091.85791015625,-0.9682578444480896,1023.0059204101562,-0.842012882232666,1107.4871826171875,-1.0275986194610596,0.6067904829978943,0.4273250699043274,0.2068982869386673,0.16102249920368195,0.14275741577148438,0.13665322959423065,-0.006300253327935934,-0.009586842730641365,-0.00874478928744793,-0.008028696291148663,-0.007008182350546122,-0.006121356971561909,0.8070458769798279,0.13450764119625092,-0.005760394502431154,-0.004706907086074352,-0.7089709043502808,2.6940243244171143,5484683.5
130.8000030517578,55.24238204956055,0.16050806641578674,-0.04348747059702873,846.0599975585938,-0.5448217391967773,1091.7611083984375,-0.9689822793006897,1022.9216918945312,-0.8427424430847168,1107.3843994140625,-1.0280693769454956,0.6061605215072632,0.42636701464653015,0.206025630235672,0.1602230966091156,0.14206193387508392,0.13604635000228882,-0.0062994579784572124,-0.00957414973527193,-0.008708273060619831,-0.007959344424307346,-0.006901889108121395,-0.006017159204930067,0.8036236763000488,0.1339372843503952,-0.005669537466019392,-0.004715207498520613,-0.7102211713790894,2.693593978881836,5483807.5
130.89999389648438,55.258033752441406,0.15649448335170746,-0.04013587906956673,846.0054931640625,-0.5453440546989441,1091.6641845703125,-0.9696972370147705,1022.83740234375,-0.843464732170105,1107.2816162109375,-1.0285277366638184,0.6055306196212769,0.4254102408885956,0.20515665411949158,0.15943065285682678,0.14137698709964752,0.13544966280460358,-0.006298546679317951,-0.009561211802065372,-0.008671140298247337,-0.007889443077147007,-0.006797105073928833,-0.005917058791965246,0.8002541661262512,0.13337568938732147,-0.005583068355917931,-0.00472312793135643,-0.7114141583442688,2.6931633949279785,5482930.5
131.0,55.2733039855957,0.1527186781167984,-0.037758130580186844,845.950927734375,-0.5458633899688721,1091.567138671875,-0.9704027771949768,1022.7529907226562,-0.8441796898841858,1107.1787109375,-1.028974175453186,0.6049008369445801,0.42445477843284607,0.2042914181947708,0.15864522755146027,0.14070244133472443,0.13486279547214508,-0.006297524552792311,-0.009548040106892586,-0.008633444085717201,-0.007819116115570068,-0.006694002542644739,-0.005820933263748884,0.7969350814819336,0.13282251358032227,-0.0054999408312141895,-0.004730690736323595,-0.7125533223152161,2.692732334136963,5482053.0
131.10000610351562,55.28822326660156,0.14920160174369812,-0.035170648247003555,845.8963623046875,-0.5463796854019165,1091.4700927734375,-0.9710990786552429,1022.6685791015625,-0.844887375831604,1107.0758056640625,-1.029409408569336,0.6042711138725281,0.423500657081604,0.20342998206615448,0.15786685049533844,0.1400381177663803,0.1342853456735611,-0.006296396255493164,-0.009534649550914764,-0.008595232851803303,-0.0077484832145273685,-0.006592735648155212,-0.005728688091039658,0.7936643958091736,0.13227739930152893,-0.005420489702373743,-0.004737920127809048,-0.7136422395706177,2.692300796508789,5481174.5
131.1999969482422,55.30281066894531,0.14588017761707306,-0.03321430832147598,845.8416748046875,-0.5468927025794983,1091.3729248046875,-0.9717862010002136,1022.5840454101562,-0.8455876708030701,1106.972900390625,-1.0298337936401367,0.6036415100097656,0.4225478768348694,0.20257239043712616,0.1570955365896225,0.13938383758068085,0.13371694087982178,-0.006295165978372097,-0.00952104851603508,-0.008556549437344074,-0.007677646353840828,-0.0064934054389595985,-0.005640117917209864,0.7904402017593384,0.1317400336265564,-0.005343883763998747,-0.00474483473226428,-0.7146837711334229,2.691868782043457,5480295.0
131.3000030517578,55.31708526611328,0.14271746575832367,-0.03162704035639763,845.7869873046875,-0.5474025011062622,1091.2757568359375,-0.972464382648468,1022.4994506835938,-0.846280574798584,1106.869873046875,-1.0302479267120361,0.6030120849609375,0.4215964376926422,0.20171870291233063,0.15633131563663483,0.13873937726020813,0.13315722346305847,-0.006293837446719408,-0.009507247246801853,-0.0085174310952425,-0.007606686558574438,-0.006396062672138214,-0.005554944276809692,0.7872610092163086,0.13121016323566437,-0.005269729532301426,-0.004751449450850487,-0.7156800627708435,2.691436529159546,5479415.0
131.39999389648438,55.3310432434082,0.1395721137523651,-0.03145356476306915,845.732177734375,-0.5479089021682739,1091.178466796875,-0.9731335043907166,1022.414794921875,-0.8469662070274353,1106.766845703125,-1.0306520462036133,0.6023827791213989,0.42064642906188965,0.20086893439292908,0.15557420253753662,0.13810455799102783,0.13260586559772491,-0.006292412523180246,-0.009493249468505383,-0.008477896451950073,-0.0075356438755989075,-0.006300642620772123,-0.005472618155181408,0.7841259837150574,0.1306876689195633,-0.005196326412260532,-0.004757765680551529,-0.7166314721107483,2.6910037994384766,5478534.0
131.5,55.34463882446289,0.1359732300043106,-0.03598880395293236,845.6773681640625,-0.5484118461608887,1091.0810546875,-0.9737934470176697,1022.3300170898438,-0.8476443886756897,1106.6636962890625,-1.0310454368591309,0.6017535924911499,0.4196977913379669,0.2000231295824051,0.15482419729232788,0.13747920095920563,0.13206267356872559,-0.006290887016803026,-0.009479045867919922,-0.008437911979854107,-0.007464422844350338,-0.00620671920478344,-0.005391595885157585,0.7810372114181519,0.13017287850379944,-0.005118134897202253,-0.0047637405805289745,-0.7175313830375671,2.690570831298828,5477652.0
131.60000610351562,55.35780715942383,0.13169650733470917,-0.042767345905303955,845.6224975585938,-0.5489112138748169,1090.983642578125,-0.9744439721107483,1022.2452392578125,-0.8483152389526367,1106.560546875,-1.0314271450042725,0.6011245846748352,0.4187506139278412,0.19918136298656464,0.1540813446044922,0.13686318695545197,0.1315276026725769,-0.006289252080023289,-0.009464616887271404,-0.008397405967116356,-0.007392837665975094,-0.006113650742918253,-0.005309962667524815,0.7779985070228577,0.12966641783714294,-0.005032965447753668,-0.004769309423863888,-0.718370258808136,2.6901371479034424,5476769.5
131.6999969482422,55.37047576904297,0.12665659189224243,-0.05039910599589348,845.567626953125,-0.5494069457054138,1090.88623046875,-0.9750845432281494,1022.160400390625,-0.848978579044342,1106.4573974609375,-1.0317959785461426,0.6004957556724548,0.41780489683151245,0.1983436793088913,0.15334565937519073,0.13625647127628326,0.131000816822052,-0.0062874979339540005,-0.009449937380850315,-0.00835629366338253,-0.0073206741362810135,-0.006020750384777784,-0.005225980654358864,0.7750144004821777,0.1291690617799759,-0.004939952399581671,-0.004774400964379311,-0.7191371321678162,2.6897032260894775,5475886.5
131.8000030517578,55.38251876831055,0.1204652413725853,-0.06191349774599075,845.5126342773438,-0.5498990416526794,1090.7886962890625,-0.9757146239280701,1022.075439453125,-0.8496343493461609,1106.354248046875,-1.032150149345398,0.5998671054840088,0.4168606400489807,0.19751013815402985,0.15261724591255188,0.1356590837240219,0.13048264384269714,-0.006285610143095255,-0.009434971027076244,-0.008314448408782482,-0.007247614674270153,-0.005927090998739004,-0.00513743981719017,0.7720915675163269,0.12868192791938782,-0.004834496416151524,-0.004778904840350151,-0.7198155522346497,2.6892690658569336,5475002.0
131.89999389648438,55.393802642822266,0.11282359063625336,-0.0764165148139,845.4576416015625,-0.5503873229026794,1090.6910400390625,-0.9763334393501282,1021.990478515625,-0.8502824306488037,1106.2509765625,-1.032487154006958,0.5992386341094971,0.41591790318489075,0.19668082892894745,0.15189619362354279,0.13507114350795746,0.1299736648797989,-0.006283569149672985,-0.009419672191143036,-0.008271701633930206,-0.0071732476353645325,-0.005831535439938307,-0.005041803233325481,0.7692388892173767,0.12820647656917572,-0.004713438451290131,-0.004782685078680515,-0.7203848958015442,2.6888344287872314,5474117.0
132.0,55.404197692871094,0.10393868386745453,-0.08884906023740768,845.4025268554688,-0.550871729850769,1090.5933837890625,-0.9769402146339417,1021.9053955078125,-0.8509225845336914,1106.147705078125,-1.0328047275543213,0.5986104011535645,0.41497671604156494,0.19585584104061127,0.15118266642093658,0.1344929039478302,0.1294746994972229,-0.006281356792896986,-0.009403997100889683,-0.00822790153324604,-0.007097206078469753,-0.005733130499720573,-0.004937460180372,0.7664644718170166,0.12774407863616943,-0.004579443950206041,-0.0047856224700808525,-0.7208273410797119,2.688399314880371,5473231.5
132.10000610351562,55.41359329223633,0.0939783975481987,-0.09960287809371948,845.3474731445312,-0.5513522028923035,1090.49560546875,-0.9775341749191284,1021.8202514648438,-0.8515546321868896,1106.04443359375,-1.033101201057434,0.5979824066162109,0.41403713822364807,0.19503529369831085,0.1504768431186676,0.1339246779680252,0.12898662686347961,-0.0062789577059447765,-0.009387907572090626,-0.008182919584214687,-0.007019191049039364,-0.005631154868751764,-0.00482366606593132,0.7637753486633301,0.12729589641094208,-0.004434134345501661,-0.004787615966051817,-0.7211275696754456,2.6879637241363525,5472345.0
132.1999969482422,55.42190170288086,0.0830717608332634,-0.10906637459993362,845.2922973632812,-0.5518286228179932,1090.3978271484375,-0.9781147837638855,1021.735107421875,-0.8521782755851746,1105.941162109375,-1.0333749055862427,0.5973545908927917,0.41309916973114014,0.19421932101249695,0.14977893233299255,0.13336686789989471,0.12851043045520782,-0.006276358384639025,-0.009371372871100903,-0.008136646822094917,-0.006938952021300793,-0.0055250562727451324,-0.004700202029198408,0.7611778378486633,0.12686297297477722,-0.004278790671378374,-0.004788575228303671,-0.7212721109390259,2.687527894973755,5471457.5
132.3000030517578,55.42903137207031,0.0712900161743164,-0.11781744658946991,845.237060546875,-0.5523009896278381,1090.300048828125,-0.9786813259124756,1021.6498413085938,-0.8527932167053223,1105.8377685546875,-1.0336241722106934,0.5967271327972412,0.4121628701686859,0.1934080272912979,0.14908915758132935,0.13281987607479095,0.12804706394672394,-0.006273546721786261,-0.00935436226427555,-0.008088982664048672,-0.006856271531432867,-0.0054143937304615974,-0.00456710159778595,0.7586775422096252,0.12644626200199127,-0.004114050883799791,-0.0047884173691272736,-0.7212483286857605,2.687091827392578,5470569.5
132.39999389648438,55.43488693237305,0.05857392027974129,-0.1271609216928482,845.1818237304688,-0.5527690649032593,1090.2021484375,-0.9792331457138062,1021.5645141601562,-0.8533991575241089,1105.734375,-1.033847451210022,0.5960999131202698,0.4112282991409302,0.19260157644748688,0.14840778708457947,0.13228420913219452,0.12759749591350555,-0.006270509213209152,-0.009336844086647034,-0.008039824664592743,-0.00677092419937253,-0.005298726260662079,-0.004424276761710644,0.7562804818153381,0.12604674696922302,-0.003939085174351931,-0.004787054378539324,-0.7210429906845093,2.686655282974243,5469681.0
132.5,55.43939208984375,0.04502984136343002,-0.13544079661369324,845.1265258789062,-0.5532328486442566,1090.1041259765625,-0.9797695875167847,1021.4791870117188,-0.8539957404136658,1105.6309814453125,-1.0340434312820435,0.595473051071167,0.4102955162525177,0.19180013239383698,0.1477351039648056,0.131760373711586,0.12716269493103027,-0.006267234217375517,-0.009318791329860687,-0.007989078760147095,-0.006682712584733963,-0.005177703686058521,-0.004271837417036295,0.7539922595024109,0.12566538155078888,-0.003755116369575262,-0.004784406628459692,-0.7206442356109619,2.68621826171875,5468791.5
132.60000610351562,55.442481994628906,0.030892642214894295,-0.1413719803094864,845.0711669921875,-0.5536921620368958,1090.0062255859375,-0.9802901148796082,1021.3937377929688,-0.854582667350769,1105.527587890625,-1.0342110395431519,0.5948464870452881,0.40936458110809326,0.19100384414196014,0.14707137644290924,0.13124892115592957,0.12674358487129211,-0.006263711955398321,-0.009300180710852146,-0.00793667882680893,-0.0065915086306631565,-0.005051181185990572,-0.00411040335893631,0.7518171072006226,0.12530285120010376,-0.0035646376200020313,-0.004780419170856476,-0.7200435996055603,2.6857810020446777,5467901.0
132.6999969482422,55.44413375854492,0.016543488949537277,-0.14349153637886047,845.0158081054688,-0.554146945476532,1089.9080810546875,-0.9807943105697632,1021.3082275390625,-0.85515958070755,1105.4241943359375,-1.0343496799468994,0.5942202806472778,0.40843552350997925,0.19021286070346832,0.14641693234443665,0.1307503879070282,0.12634101510047913,-0.0062599387019872665,-0.009281003847718239,-0.007882601581513882,-0.006497296970337629,-0.004919321276247501,-0.003941349219530821,0.7497572302818298,0.1249595358967781,-0.003371714847162366,-0.0047750710509717464,-0.7192380428314209,2.6853432655334473,5467010.0
132.8000030517578,55.44436264038086,0.002295438665896654,-0.1424805074930191,844.9603271484375,-0.554597020149231,1089.81005859375,-0.9812819361686707,1021.2227172851562,-0.8557260632514954,1105.3206787109375,-1.0344593524932861,0.593594491481781,0.40750840306282043,0.18942739069461823,0.1457720398902893,0.1302652806043625,0.12595564126968384,-0.006255913991481066,-0.009261260740458965,-0.007826867513358593,-0.006400164216756821,-0.004782549105584621,-0.003766546491533518,0.7478126287460327,0.12463543564081192,-0.003179498016834259,-0.004768372513353825,-0.7182291150093079,2.6849052906036377,5466118.0
132.89999389648438,55.44319534301758,-0.011689267121255398,-0.1398470550775528,844.9048461914062,-0.5550422668457031,1089.7119140625,-0.9817529320716858,1021.1370849609375,-0.8562818765640259,1105.21728515625,-1.0345407724380493,0.5929691195487976,0.4065832793712616,0.1886475682258606,0.1451370120048523,0.12979407608509064,0.12558795511722565,-0.00625164108350873,-0.009240960702300072,-0.0077695162035524845,-0.00630025053396821,-0.004641413222998381,-0.0035878829658031464,0.7459822297096252,0.12433037161827087,-0.002989520551636815,-0.004760348238050938,-0.7170204520225525,2.68446683883667,5465225.5
133.0,55.44064712524414,-0.025487838312983513,-0.1379857063293457,844.849365234375,-0.5554825663566589,1089.6136474609375,-0.9822070598602295,1021.0514526367188,-0.8568267226219177,1105.11376953125,-1.034593939781189,0.5923441648483276,0.4056602418422699,0.18787354230880737,0.1445121169090271,0.12933717668056488,0.12523826956748962,-0.006247121840715408,-0.009220109321177006,-0.0077105858363211155,-0.006197683978825808,-0.004496388603001833,-0.0034066804219037294,0.7442651987075806,0.12404419481754303,-0.0028007326181977987,-0.0047510163858532906,-0.7156147956848145,2.684028148651123,5464332.5
133.10000610351562,55.436737060546875,-0.03910793736577034,-0.13620100915431976,844.7937622070312,-0.5559177398681641,1089.515380859375,-0.982644259929657,1020.9657592773438,-0.8573602437973022,1105.0103759765625,-1.0346193313598633,0.5917196869850159,0.40473929047584534,0.18710550665855408,0.14389759302139282,0.12889496982097626,0.12490677833557129,-0.0062423585914075375,-0.009198712185025215,-0.007650109473615885,-0.0060925777070224285,-0.004347887821495533,-0.0032238641288131475,0.7426607608795166,0.12377679347991943,-0.0026131202466785908,-0.004740393720567226,-0.7140148282051086,2.683589220046997,5463438.5
133.1999969482422,55.43149185180664,-0.05243256315588951,-0.13324624300003052,844.7381591796875,-0.5563477277755737,1089.4171142578125,-0.9830644130706787,1020.8799438476562,-0.8578822612762451,1104.9068603515625,-1.034617304801941,0.5910957455635071,0.4038205146789551,0.18634359538555145,0.14329369366168976,0.12846775352954865,0.12459361553192139,-0.006237354129552841,-0.009176778607070446,-0.007588130887597799,-0.005985071882605553,-0.004196368157863617,-0.003040368901565671,0.7411676645278931,0.12352793663740158,-0.002427983796223998,-0.004728508647531271,-0.7122246623039246,2.683149814605713,5462544.0
133.3000030517578,55.42494583129883,-0.06546366214752197,-0.1303110271692276,844.6824951171875,-0.5567722916603088,1089.31884765625,-0.9834674596786499,1020.7941284179688,-0.8583924770355225,1104.803466796875,-1.03458833694458,0.5904722213745117,0.4029039442539215,0.18558794260025024,0.1427006721496582,0.12805582582950592,0.12429879605770111,-0.006232112180441618,-0.009154317900538445,-0.0075246961787343025,-0.005875307135283947,-0.004042265471071005,-0.002856944454833865,0.7397844791412354,0.12329741567373276,-0.0022451377008110285,-0.004715390037745237,-0.7102486491203308,2.6827099323272705,5461649.0
133.39999389648438,55.41710662841797,-0.07840973883867264,-0.12946075201034546,844.6268310546875,-0.5571913719177246,1089.220458984375,-0.983853280544281,1020.7083129882812,-0.8588907122612,1104.699951171875,-1.0345326662063599,0.5898492932319641,0.4019896686077118,0.18483871221542358,0.14211873710155487,0.127659410238266,0.12402231246232986,-0.006226633675396442,-0.009131333790719509,-0.0074598295614123344,-0.0057633668184280396,-0.003885833080857992,-0.0026736983563750982,0.7385109663009644,0.123085156083107,-0.0020621696021407843,-0.0047010453417897224,-0.7080880403518677,2.682269811630249,5460753.0
133.5,55.40797805786133,-0.09126892685890198,-0.128591850399971,844.571044921875,-0.5576047301292419,1089.1220703125,-0.9842216968536377,1020.6223754882812,-0.8593766689300537,1104.5965576171875,-1.0344502925872803,0.5892269015312195,0.4010777175426483,0.18409603834152222,0.14154809713363647,0.12727876007556915,0.12376414239406586,-0.006220919080078602,-0.009107827208936214,-0.0073935482650995255,-0.005649317055940628,-0.003727262606844306,-0.0024905926547944546,0.7373470067977905,0.12289116531610489,-0.0018792561022564769,-0.00468548433855176,-0.7057441473007202,2.6818294525146484,5459856.0
133.60000610351562,55.397605895996094,-0.103736512362957,-0.12467585504055023,844.5152587890625,-0.5580123066902161,1089.0235595703125,-0.9845726490020752,1020.5364379882812,-0.8598502278327942,1104.4930419921875,-1.0343416929244995,0.5886051058769226,0.40016812086105347,0.1833600550889969,0.14098896086215973,0.12691405415534973,0.1235242486000061,-0.006214971654117107,-0.009083809331059456,-0.007325899787247181,-0.005533295683562756,-0.003566935658454895,-0.0023082327097654343,0.7362911701202393,0.12271519750356674,-0.0016997819766402245,-0.0046687438152730465,-0.7032226324081421,2.6813888549804688,5458959.0
133.6999969482422,55.386024475097656,-0.11581737548112869,-0.12080865353345871,844.45947265625,-0.5584139227867126,1088.9251708984375,-0.9849061965942383,1020.4503784179688,-0.8603110909461975,1104.3896484375,-1.0342074632644653,0.5879839658737183,0.3992609679698944,0.18263091146945953,0.14044152200222015,0.12656545639038086,0.12330252677202225,-0.0062087965197861195,-0.009059290401637554,-0.007256938144564629,-0.005415454972535372,-0.0034052501432597637,-0.0021272101439535618,0.7353415489196777,0.12255692481994629,-0.0015233271988108754,-0.004650861024856567,-0.7005290985107422,2.680947780609131,5458061.0
133.8000030517578,55.373268127441406,-0.12753340601921082,-0.11716028302907944,844.4036254882812,-0.5588094592094421,1088.82666015625,-0.9852222800254822,1020.3643798828125,-0.8607591986656189,1104.2862548828125,-1.0340481996536255,0.5873633623123169,0.39835628867149353,0.1819087266921997,0.13990594446659088,0.1262330710887909,0.12309882044792175,-0.0062023974023759365,-0.00903428252786398,-0.007186713628470898,-0.005295934621244669,-0.0032425487879663706,-0.0019479009788483381,0.7344964146614075,0.12241606414318085,-0.0013496652245521545,-0.004631871823221445,-0.6976688504219055,2.6805062294006348,5457162.5
133.89999389648438,55.35939407348633,-0.13875801861286163,-0.11224619299173355,844.3477172851562,-0.5591987371444702,1088.7281494140625,-0.9855209589004517,1020.2782592773438,-0.8611943125724792,1104.182861328125,-1.0338646173477173,0.5867434740066528,0.3974541425704956,0.18119361996650696,0.13938239216804504,0.125916987657547,0.1229129359126091,-0.006195779424160719,-0.009008800610899925,-0.0071152872405946255,-0.005174899473786354,-0.003079228801652789,-0.0017708411905914545,0.7337534427642822,0.12229223549365997,-0.0011802498484030366,-0.00461182277649641,-0.6946489810943604,2.6800646781921387,5456263.0
134.0,55.344444274902344,-0.1495119333267212,-0.10753903537988663,844.291748046875,-0.5595816373825073,1088.6295166015625,-0.985802412033081,1020.192138671875,-0.861616313457489,1104.0794677734375,-1.0336573123931885,0.5861242413520813,0.396554559469223,0.18048571050167084,0.13887102901935577,0.12561726570129395,0.122744619846344,-0.006188948638737202,-0.008982857689261436,-0.007042720913887024,-0.005052512977272272,-0.002915663179010153,-0.0015964566264301538,0.7331103086471558,0.12218505144119263,-0.0010147077264264226,-0.004590759053826332,-0.6914762854576111,2.6796226501464844,5455363.5
134.10000610351562,55.32847595214844,-0.15967786312103271,-0.1016593798995018,844.2357788085938,-0.5599580407142639,1088.5308837890625,-0.9860666394233704,1020.10595703125,-0.8620250821113586,1103.97607421875,-1.0334272384643555,0.5855056643486023,0.39565756916999817,0.1797851175069809,0.13837194442749023,0.12533387541770935,0.12259358167648315,-0.0061819120310246944,-0.00895647145807743,-0.006969087291508913,-0.004928961396217346,-0.0027522705495357513,-0.001425300957635045,0.7325640320777893,0.12209400534629822,-0.0008544391603209078,-0.0045687370002269745,-0.6881592869758606,2.679180383682251,5454463.0
134.1999969482422,55.311553955078125,-0.16920366883277893,-0.09525809437036514,844.1797485351562,-0.5603278279304504,1088.4322509765625,-0.9863139390945435,1020.0197143554688,-0.8624205589294434,1103.872802734375,-1.0331753492355347,0.5848878622055054,0.3947632610797882,0.1790919452905655,0.13788527250289917,0.12506680190563202,0.12245947122573853,-0.006174676585942507,-0.00892966240644455,-0.00689446646720171,-0.004804446827620268,-0.0025894949212670326,-0.0012579724425449967,0.7321112751960754,0.12201854586601257,-0.0006999541656114161,-0.004545818082988262,-0.6847071647644043,2.6787378787994385,5453562.0
134.3000030517578,55.29374313354492,-0.17812633514404297,-0.08922658860683441,844.1237182617188,-0.5606908202171326,1088.3336181640625,-0.9865443706512451,1019.9334716796875,-0.8628026247024536,1103.76953125,-1.032902479171753,0.5842707753181458,0.3938716650009155,0.1784062683582306,0.13741108775138855,0.12481595575809479,0.12234187871217728,-0.00616725068539381,-0.008902449160814285,-0.006818936672061682,-0.004679161589592695,-0.0024277321062982082,-0.001094878651201725,0.7317487001419067,0.12195811420679092,-0.0005508475005626678,-0.004522059578448534,-0.6811286211013794,2.6782948970794678,5452660.5
134.39999389648438,55.275115966796875,-0.18627619743347168,-0.0814986303448677,844.067626953125,-0.5610468983650208,1088.2349853515625,-0.9867583513259888,1019.84716796875,-0.8631712198257446,1103.666259765625,-1.0326099395751953,0.5836544036865234,0.3929827809333801,0.17772819101810455,0.13694946467876434,0.12458121031522751,0.12224035710096359,-0.006159643176943064,-0.008874856866896152,-0.006742590572685003,-0.004553333390504122,-0.0022674589417874813,-0.0009366801823489368,0.7314722537994385,0.12191203981637955,-0.00040919199818745255,-0.004497535992413759,-0.6774347424507141,2.677851676940918,5451758.0
134.5,55.255733489990234,-0.1937931329011917,-0.07516933232545853,844.0115356445312,-0.5613960027694702,1088.1363525390625,-0.9869560599327087,1019.7608032226562,-0.8635263442993164,1103.56298828125,-1.0322988033294678,0.583038866519928,0.39209669828414917,0.17705778777599335,0.13650044798851013,0.12436240166425705,0.12215439230203629,-0.006151862908154726,-0.008846905082464218,-0.006665512453764677,-0.004427162930369377,-0.0021090577356517315,-0.0007836933364160359,0.7312781810760498,0.1218796968460083,-0.0002732870343606919,-0.004472306929528713,-0.6736346483230591,2.677408456802368,5450855.5
134.60000610351562,55.23564529418945,-0.20089097321033478,-0.07097842544317245,843.955322265625,-0.5617380142211914,1088.03759765625,-0.9871376752853394,1019.6744384765625,-0.8638679385185242,1103.459716796875,-1.0319695472717285,0.5824240446090698,0.39121341705322266,0.17639511823654175,0.1360640525817871,0.12415933609008789,0.12208347022533417,-0.006143915466964245,-0.00881860964000225,-0.0065877605229616165,-0.004300782922655344,-0.001952711259946227,-0.0006356406374834478,0.7311640381813049,0.12186067551374435,-0.0001409130491083488,-0.0044464124366641045,-0.6697343587875366,2.67696475982666,5449952.0
134.6999969482422,55.21492004394531,-0.20725134015083313,-0.06360365450382233,843.899169921875,-0.56207275390625,1087.9388427734375,-0.9873034954071045,1019.5880737304688,-0.8641961216926575,1103.3565673828125,-1.0316234827041626,0.5818100571632385,0.39033299684524536,0.17574025690555573,0.13564029335975647,0.12397177517414093,0.12202709168195724,-0.006135809700936079,-0.008789991959929466,-0.006509419996291399,-0.004174391273409128,-0.0017987737664952874,-0.0004928962443955243,0.7311259508132935,0.12185432761907578,-1.602436532266438e-05,-0.004419923759996891,-0.6657444834709167,2.676520586013794,5449048.0
134.8000030517578,55.19364929199219,-0.21269969642162323,-0.0544835589826107,843.8429565429688,-0.562400221824646,1087.8402099609375,-0.9874539375305176,1019.5015869140625,-0.8645107746124268,1103.25341796875,-1.031261920928955,0.5811969041824341,0.3894554376602173,0.17509324848651886,0.1352291703224182,0.12379947304725647,0.12198468297719955,-0.006127557251602411,-0.008761081844568253,-0.006430602166801691,-0.004048247821629047,-0.0016477616736665368,-0.00035631927312351763,0.7311587333679199,0.12185978889465332,9.959853923646733e-05,-0.0043929265812039375,-0.66167813539505,2.6760764122009277,5448144.0
134.89999389648438,55.171897888183594,-0.2175428569316864,-0.04843159765005112,843.7866821289062,-0.5627202987670898,1087.741455078125,-0.9875893592834473,1019.4151611328125,-0.8648120760917664,1103.1502685546875,-1.030885934829712,0.5805845856666565,0.3885807991027832,0.17445415258407593,0.13483063876628876,0.12364210933446884,0.12195561081171036,-0.0061191669665277,-0.008731902576982975,-0.006351393647491932,-0.00392254488542676,-0.0014999776612967253,-0.00022602034732699394,0.7312583327293396,0.12187638878822327,0.0002095022500725463,-0.0043654791079461575,-0.6575438976287842,2.6756319999694824,5447239.0
135.0,55.14973831176758,-0.2215622365474701,-0.04019375890493393,843.7304077148438,-0.563032865524292,1087.642578125,-0.987710177898407,1019.3286743164062,-0.8651000261306763,1103.0472412109375,-1.0304970741271973,0.579973042011261,0.3877090811729431,0.17382298409938812,0.13444463908672333,0.12349934130907059,0.12193923443555832,-0.006110650021582842,-0.008702479302883148,-0.006271893158555031,-0.00379750388674438,-0.0013558027567341924,-0.00010241116979159415,0.7314200401306152,0.12190333753824234,0.00031064756331034005,-0.004337659105658531,-0.6533535718917847,2.675187110900879,5446333.5
135.10000610351562,55.127288818359375,-0.22452808916568756,-0.02965853363275528,843.674072265625,-0.5633378624916077,1087.5438232421875,-0.9878168702125549,1019.2421264648438,-0.865374743938446,1102.9442138671875,-1.0300967693328857,0.5793624520301819,0.3868403136730194,0.17319977283477783,0.13407109677791595,0.12337078899145126,0.12193483859300613,-0.006102020852267742,-0.008672849275171757,-0.006192231550812721,-0.003673421684652567,-0.0012158069293946028,1.3529433090297971e-05,0.7316374778747559,0.12193958461284637,0.0004004359943792224,-0.00430956669151783,-0.6491221785545349,2.6747422218322754,5445427.5
135.1999969482422,55.1046142578125,-0.22674554586410522,-0.022174611687660217,843.6177368164062,-0.5636352896690369,1087.445068359375,-0.9879100322723389,1019.1555786132812,-0.8656363487243652,1102.8411865234375,-1.0296865701675415,0.5787526965141296,0.3859744966030121,0.17258454859256744,0.13370990753173828,0.12325600534677505,0.12194164097309113,-0.006093290634453297,-0.008643041364848614,-0.006112515926361084,-0.003550529945641756,-0.0010803595650941133,0.00012154785508755594,0.731905460357666,0.12198424339294434,0.000482420960906893,-0.004281272646039724,-0.6448604464530945,2.6742970943450928,5444521.0
135.3000030517578,55.081748962402344,-0.2286282628774643,-0.01882711984217167,843.5613403320312,-0.5639249682426453,1087.3463134765625,-0.9879899621009827,1019.0689697265625,-0.8658849596977234,1102.73828125,-1.0292671918869019,0.5781437754631042,0.3851116895675659,0.17197728157043457,0.13336093723773956,0.12315453588962555,0.12195888161659241,-0.006084466353058815,-0.008613070473074913,-0.006032802164554596,-0.003428931115195155,-0.0009494668920524418,0.0002224730997113511,0.7322211861610413,0.12203685939311981,0.0005609390209428966,-0.004252809099853039,-0.6405730843544006,2.673851490020752,5443614.0
135.39999389648438,55.0587043762207,-0.23046600818634033,-0.018377572298049927,843.5049438476562,-0.5642069578170776,1087.2474365234375,-0.9880567193031311,1018.982421875,-0.8661208152770996,1102.6353759765625,-1.028838872909546,0.5775358080863953,0.3842518925666809,0.1713779866695404,0.13302406668663025,0.12306594848632812,0.12198592722415924,-0.006075549405068159,-0.008582941256463528,-0.005953106563538313,-0.003308626124635339,-0.0008228649967350066,0.0003177487524226308,0.7325838208198547,0.12209729850292206,0.0006389579502865672,-0.004224179778248072,-0.6362608075141907,2.673405885696411,5442707.0
135.5,55.03544235229492,-0.23261281847953796,-0.02146812155842781,843.448486328125,-0.5644811987876892,1087.148681640625,-0.988110363483429,1018.895751953125,-0.8663440346717834,1102.532470703125,-1.0284011363983154,0.5769286751747131,0.38339513540267944,0.17078666388988495,0.1326991766691208,0.12298982590436935,0.12202230840921402,-0.006066536996513605,-0.00855264812707901,-0.005873400252312422,-0.0031895057763904333,-0.0007000108016654849,0.0004093792522326112,0.732994794845581,0.12216579914093018,0.0007204712019301951,-0.00419535581022501,-0.6319193243980408,2.672960042953491,5441799.0
135.60000610351562,55.01193618774414,-0.235050767660141,-0.024379491806030273,843.3920288085938,-0.56474769115448,1087.0498046875,-0.9881508350372314,1018.8091430664062,-0.8665546774864197,1102.4296875,-1.0279535055160522,0.5763224959373474,0.38254138827323914,0.170203298330307,0.13238613307476044,0.12292582541704178,0.12206774204969406,-0.00605742447078228,-0.008522179909050465,-0.005793645046651363,-0.0030714403837919235,-0.0005803414387628436,0.0004990575253032148,0.733456015586853,0.12224266678094864,0.0008050835458561778,-0.004166310653090477,-0.6275444626808167,2.672513961791992,5440891.0
135.6999969482422,54.9881706237793,-0.23766495287418365,-0.026141801849007607,843.3355712890625,-0.5650063157081604,1086.9510498046875,-0.9881779551506042,1018.7224731445312,-0.8667528033256531,1102.326904296875,-1.0274955034255981,0.5757172107696533,0.3816906809806824,0.16962793469429016,0.13208484649658203,0.12287364900112152,0.12212210148572922,-0.006048209965229034,-0.00849153008311987,-0.005713815335184336,-0.002954331459477544,-0.0004634144715964794,0.0005878254887647927,0.7339687943458557,0.12232813984155655,0.0008916668011806905,-0.004137028008699417,-0.6231337189674377,2.672067642211914,5439982.0
135.8000030517578,54.9641227722168,-0.24048052728176117,-0.028155772015452385,843.279052734375,-0.5652570724487305,1086.8521728515625,-0.9881918430328369,1018.6358032226562,-0.866938591003418,1102.2242431640625,-1.027026653289795,0.5751128196716309,0.38084307312965393,0.16906054317951202,0.1317952275276184,0.12283305078744888,0.12218532711267471,-0.00603888975456357,-0.008460692130029202,-0.0056338831782341,-0.0028380805160850286,-0.0003488150250632316,0.0006764958961866796,0.7345346808433533,0.12242244184017181,0.0009807836031541228,-0.004107488784939051,-0.6186844110488892,2.671621084213257,5439073.0
135.89999389648438,54.93977737426758,-0.2434372901916504,-0.029567547142505646,843.2225341796875,-0.565500020980835,1086.75341796875,-0.9881923794746399,1018.549072265625,-0.8671120405197144,1102.1214599609375,-1.026546835899353,0.5745094418525696,0.3799985647201538,0.16850116848945618,0.1315172016620636,0.12280381470918655,0.12225743383169174,-0.00602946151047945,-0.008429658599197865,-0.005553825292736292,-0.0027226004749536514,-0.00023618657724000514,0.0007656014058738947,0.7351547479629517,0.12252578884363174,0.0010718016419559717,-0.004077679943293333,-0.6141945123672485,2.6711742877960205,5438163.5
136.0,54.9151725769043,-0.24606771767139435,-0.026304297149181366,843.1659545898438,-0.5657351016998291,1086.654541015625,-0.9881796836853027,1018.4623413085938,-0.8672732710838318,1102.0189208984375,-1.026056170463562,0.5739069581031799,0.379157155752182,0.16794978082180023,0.13125067949295044,0.12278574705123901,0.12233845144510269,-0.006019928492605686,-0.00839843787252903,-0.005473667755723,-0.0026079299859702587,-0.00012553701526485384,0.0008545084856450558,0.7358278036117554,0.12263796478509903,0.0011592544615268707,-0.004047632683068514,-0.6096687316894531,2.670727491378784,5437254.0
136.10000610351562,54.890350341796875,-0.24820131063461304,-0.021335911005735397,843.109375,-0.5659623146057129,1086.5557861328125,-0.9881541132926941,1018.3756103515625,-0.867422342300415,1101.916259765625,-1.0255553722381592,0.5733054280281067,0.3783188760280609,0.16740642488002777,0.13099558651447296,0.12277862429618835,0.122428297996521,-0.006010295823216438,-0.00836704671382904,-0.005393468774855137,-0.00249418499879539,-1.7088443200918846e-05,0.0009420925634913146,0.73655104637146,0.12275850772857666,0.0012415305245667696,-0.004017394036054611,-0.6051141023635864,2.6702802181243896,5436343.5
136.1999969482422,54.865379333496094,-0.24973832070827484,-0.015370178036391735,843.052734375,-0.5661816596984863,1086.4569091796875,-0.9881159663200378,1018.2888793945312,-0.8675592541694641,1101.813720703125,-1.02504563331604,0.5727049112319946,0.3774837553501129,0.1668710857629776,0.1307518035173416,0.12278223037719727,0.12252677977085114,-0.00600057328119874,-0.008335503749549389,-0.0053133005276322365,-0.0023815175518393517,8.884711132850498e-05,0.0010271797655150294,0.7373208999633789,0.12288681417703629,0.0013173981569707394,-0.003987020347267389,-0.6005390882492065,2.669832944869995,5435433.0
136.3000030517578,54.84027862548828,-0.250975638628006,-0.012373005039989948,842.99609375,-0.5663930773735046,1086.358154296875,-0.9880655407905579,1018.2020874023438,-0.8676842451095581,1101.7113037109375,-1.0245273113250732,0.572105348110199,0.376651793718338,0.16634376347064972,0.13051922619342804,0.12279629707336426,0.12263362854719162,-0.005990765057504177,-0.008303822949528694,-0.005233209114521742,-0.0022700102999806404,0.00019216258078813553,0.0011094462824985385,0.7381349802017212,0.12302250415086746,0.0013903815997764468,-0.003956540487706661,-0.5959481000900269,2.6693856716156006,5434522.0
136.39999389648438,54.8150634765625,-0.25216612219810486,-0.011904971674084663,842.939453125,-0.5665966272354126,1086.25927734375,-0.9880030155181885,1018.1153564453125,-0.8677973747253418,1101.60888671875,-1.0240007638931274,0.5715067386627197,0.3758229911327362,0.16582444310188293,0.13029775023460388,0.12282056361436844,0.12274858355522156,-0.0059808725491166115,-0.00827200710773468,-0.005153204780071974,-0.0021596569567918777,0.0002929933834820986,0.0011893607443198562,0.7389928102493286,0.12316546589136124,0.0014631407102569938,-0.0039259581826627254,-0.5913416743278503,2.668937921524048,5433611.0
136.5,54.78971862792969,-0.253439724445343,-0.012736053206026554,842.8828125,-0.5667923092842102,1086.1605224609375,-0.9879283308982849,1018.028564453125,-0.86789870262146,1101.5064697265625,-1.023465633392334,0.5709091424942017,0.3749973773956299,0.16531312465667725,0.1300872564315796,0.1228548064827919,0.12287145107984543,-0.005970895756036043,-0.008240055292844772,-0.005073278211057186,-0.0020504009444266558,0.0003916030691470951,0.0012676978949457407,0.7398947477340698,0.12331578880548477,0.0015370440669357777,-0.0038952662143856287,-0.586718738079071,2.668490171432495,5432699.5
136.60000610351562,54.764259338378906,-0.25460293889045715,-0.011632077395915985,842.8261108398438,-0.5669801831245422,1086.061767578125,-0.9878416061401367,1017.9417724609375,-0.8679883480072021,1101.4041748046875,-1.022922158241272,0.5703125596046448,0.37417498230934143,0.16480979323387146,0.1298876404762268,0.12289880961179733,0.1230020821094513,-0.005960834678262472,-0.008207970298826694,-0.0049934349954128265,-0.0019422281766310334,0.0004881218774244189,0.0013446903321892023,0.7408404350280762,0.1234734058380127,0.0016096617328003049,-0.003864475293084979,-0.5820809006690979,2.6680424213409424,5431787.5
136.6999969482422,54.73869705200195,-0.25564029812812805,-0.01037350483238697,842.7694091796875,-0.5671601295471191,1085.9630126953125,-0.987743079662323,1017.85498046875,-0.8680664896965027,1101.3018798828125,-1.022370457649231,0.5697169899940491,0.37335580587387085,0.16431443393230438,0.1296987682580948,0.12295235693454742,0.12314034253358841,-0.005950691178441048,-0.00817575491964817,-0.004913690034300089,-0.0018351433100178838,0.0005826185806654394,0.0014203627360984683,0.7418291568756104,0.12363819032907486,0.0016810456290841103,-0.003833597060292959,-0.5774298906326294,2.6675941944122314,5430875.0
136.8000030517578,54.71303176879883,-0.25664016604423523,-0.009998721070587635,842.7127075195312,-0.5673323273658752,1085.8642578125,-0.9876327514648438,1017.7681274414062,-0.8681331276893616,1101.19970703125,-1.021810531616211,0.5691224336624146,0.37253984808921814,0.163827046751976,0.12952056527137756,0.12301525473594666,0.12328611314296722,-0.005940466653555632,-0.008143411949276924,-0.004834047053009272,-0.0017291276017203927,0.0006752208573743701,0.001494932221248746,0.7428606152534485,0.12381010502576828,0.0017522764392197132,-0.0038026352412998676,-0.5727663636207581,2.6671462059020996,5429963.0
136.89999389648438,54.6872673034668,-0.2576379179954529,-0.009977517649531364,842.6559448242188,-0.567496657371521,1085.7655029296875,-0.9875107407569885,1017.6813354492188,-0.8681883811950684,1101.0975341796875,-1.021242380142212,0.5685288906097412,0.3717271387577057,0.16334761679172516,0.12935291230678558,0.1230873316526413,0.12343930453062057,-0.0059301601722836494,-0.008110941387712955,-0.004754503723233938,-0.0016241461271420121,0.0007660910487174988,0.0015686987899243832,0.7439348697662354,0.12398914992809296,0.0018237153999507427,-0.0037715905345976353,-0.5680902600288391,2.6666977405548096,5429050.0
137.0,54.661407470703125,-0.2585833966732025,-0.009454920887947083,842.5991821289062,-0.567653238773346,1085.666748046875,-0.9873771071434021,1017.594482421875,-0.8682323694229126,1100.9954833984375,-1.0206661224365234,0.5679364204406738,0.3709176480770111,0.16287614405155182,0.1291956901550293,0.12316841632127762,0.1235998347401619,-0.005919773131608963,-0.008078345097601414,-0.004675061907619238,-0.001520175370387733,0.0008553502266295254,0.001641799695789814,0.7450518012046814,0.1241753026843071,0.0018947409698739648,-0.003740467596799135,-0.5634024143218994,2.6662492752075195,5428137.0
137.10000610351562,54.635494232177734,-0.2591477632522583,-0.005643707700073719,842.5424194335938,-0.5678020119667053,1085.5679931640625,-0.9872320890426636,1017.5076904296875,-0.8682651519775391,1100.8934326171875,-1.0200819969177246,0.5673449635505676,0.37011146545410156,0.1624125987291336,0.12904882431030273,0.12325833737850189,0.12376761436462402,-0.005909309256821871,-0.00804563332349062,-0.00459575979039073,-0.0014172844821587205,0.0009428582270629704,0.0017135633388534188,0.7462093830108643,0.12436823546886444,0.00196128454990685,-0.003709302516654134,-0.5587082505226135,2.6658008098602295,5427224.0
137.1999969482422,54.609596252441406,-0.258975088596344,0.0017269577365368605,842.485595703125,-0.5679430365562439,1085.46923828125,-0.9870761632919312,1017.4208374023438,-0.8682868480682373,1100.7913818359375,-1.0194915533065796,0.5667545199394226,0.3693085312843323,0.16195698082447052,0.12891218066215515,0.123356893658638,0.12394242733716965,-0.005898779258131981,-0.008012831211090088,-0.00451668631285429,-0.0013156643835827708,0.001028146711178124,0.0017824475653469563,0.7474031448364258,0.1245671957731247,0.002019086852669716,-0.0036781644448637962,-0.5540181398391724,2.6653521060943604,5426310.5
137.3000030517578,54.58378219604492,-0.2581406831741333,0.008343899622559547,842.4288330078125,-0.5680764317512512,1085.37060546875,-0.9869097471237183,1017.3340454101562,-0.8682976365089417,1100.6895751953125,-1.0188957452774048,0.5661652088165283,0.368508905172348,0.16150924563407898,0.128785640001297,0.12346385419368744,0.12412393093109131,-0.005888193380087614,-0.007979965768754482,-0.0044379341416060925,-0.0012155142612755299,0.0011107496684417129,0.00184719602111727,0.7486283183097839,0.12477138638496399,0.0020691808313131332,-0.003647115547209978,-0.5493414402008057,2.664903163909912,5425396.5
137.39999389648438,54.5581169128418,-0.25665900111198425,0.014816765673458576,842.3720092773438,-0.5682020783424377,1085.2718505859375,-0.9867333769798279,1017.2471923828125,-0.8682976365089417,1100.587646484375,-1.0182960033416748,0.5655769109725952,0.3677125573158264,0.1610693782567978,0.12866902351379395,0.12357892096042633,0.1243116557598114,-0.005877562332898378,-0.007947062142193317,-0.004359592217952013,-0.0011170234065502882,0.0011902488768100739,0.0019068907713517547,0.7498801946640015,0.12498003989458084,0.002111334353685379,-0.0036162161268293858,-0.5446872711181641,2.664454460144043,5424482.5
137.5,54.53268814086914,-0.25427305698394775,0.023859664797782898,842.315185546875,-0.568320095539093,1085.1732177734375,-0.9865477085113525,1017.1603393554688,-0.8682870268821716,1100.48583984375,-1.0176939964294434,0.5649896860122681,0.36691948771476746,0.16063731908798218,0.12856215238571167,0.12370175123214722,0.12450503557920456,-0.005866900086402893,-0.007914154790341854,-0.004281782079488039,-0.0010204537538811564,0.0012660460779443383,0.001960183260962367,0.7511525750160217,0.1251920908689499,0.0021419727709144354,-0.003585551166906953,-0.5400683283805847,2.6640052795410156,5423568.5
137.60000610351562,54.5075798034668,-0.2510879933834076,0.031850654631853104,842.2583618164062,-0.5684305429458618,1085.0745849609375,-0.98635333776474,1017.0735473632812,-0.8682659864425659,1100.3841552734375,-1.0170913934707642,0.5644035339355469,0.36612972617149353,0.16021299362182617,0.12846483290195465,0.12383195012807846,0.12470337003469467,-0.00585622014477849,-0.007881277240812778,-0.0042046234011650085,-0.0009260621154680848,0.0013375852722674608,0.002006049267947674,0.7524390816688538,0.12540650367736816,0.002162368968129158,-0.0035551947075873613,-0.5354959964752197,2.6635563373565674,5422654.5
137.6999969482422,54.4828987121582,-0.2468140870332718,0.0427388921380043,842.2014770507812,-0.5685334801673889,1084.9759521484375,-0.9861511588096619,1016.9866943359375,-0.8682349324226379,1100.282470703125,-1.0164903402328491,0.5638184547424316,0.36534321308135986,0.1597963571548462,0.12837684154510498,0.12396906316280365,0.12490585446357727,-0.005845541134476662,-0.007848474197089672,-0.004128267057240009,-0.0008341774810105562,0.0014041365357115865,0.0020430393051356077,0.7537317872047424,0.12562195956707,0.0021682661026716232,-0.0035252489615231752,-0.530985414981842,2.66310715675354,5421740.0
137.8000030517578,54.45876693725586,-0.24130845069885254,0.05505641922354698,842.1446533203125,-0.5686289072036743,1084.8773193359375,-0.985942006111145,1016.89990234375,-0.8681939840316772,1100.1807861328125,-1.0158933401107788,0.5632344484329224,0.36456000804901123,0.15938730537891388,0.12829788029193878,0.12411253899335861,0.12511152029037476,-0.0058348835445940495,-0.007815795950591564,-0.004052892792969942,-0.0007451963610947132,0.0014648184878751636,0.0020694241393357515,0.7550212144851685,0.12583686411380768,0.002157697919756174,-0.0034958284813910723,-0.5265540480613708,2.6626579761505127,5420825.5
137.89999389648438,54.4352912902832,-0.23476222157478333,0.06546220183372498,842.0877685546875,-0.5687168836593628,1084.77880859375,-0.9857269525527954,1016.8130493164062,-0.868143618106842,1100.0792236328125,-1.0153026580810547,0.5626514554023743,0.36378005146980286,0.15898573398590088,0.12822766602039337,0.1242617517709732,0.1253192275762558,-0.00582426693290472,-0.0077832904644310474,-0.003978667315095663,-0.0006594761507585645,0.001518897246569395,0.0020841453224420547,0.7562984228134155,0.12604974210262299,0.0021327475551515818,-0.003467030357569456,-0.5222163200378418,2.6622085571289062,5419910.5
138.0,54.4126091003418,-0.22683373093605042,0.07928495854139328,842.0308837890625,-0.5687975883483887,1084.68017578125,-0.9855069518089294,1016.7262573242188,-0.8680841326713562,1099.977783203125,-1.014721393585205,0.5620695948600769,0.36300334334373474,0.15859150886535645,0.1281658411026001,0.12441600114107132,0.1255277544260025,-0.0058137159794569016,-0.00775101687759161,-0.0039057936519384384,-0.0005774557357653975,0.0015654453309252858,0.0020856184419244528,0.7575526833534241,0.12625877559185028,0.00208824360743165,-0.00343898287974298,-0.5179917216300964,2.6617591381073,5418995.5
138.10000610351562,54.39085388183594,-0.21756072342395782,0.09273003041744232,841.9739990234375,-0.568871021270752,1084.5816650390625,-0.985283374786377,1016.6394653320312,-0.8680160045623779,1099.8763427734375,-1.0141524076461792,0.5614887475967407,0.3622298538684845,0.15820451080799103,0.12811200320720673,0.12457448244094849,0.12573570013046265,-0.0058032553642988205,-0.007719036657363176,-0.003834485076367855,-0.0004995971103198826,0.0016035132575780153,0.0020723664201796055,0.7587724924087524,0.12646207213401794,0.0020245390478521585,-0.0034118113107979298,-0.513899028301239,2.6613097190856934,5418080.5
138.1999969482422,54.370121002197266,-0.20733557641506195,0.10225149989128113,841.9171142578125,-0.5689373016357422,1084.483154296875,-0.9850572347640991,1016.5526733398438,-0.8679397106170654,1099.77490234375,-1.0135982036590576,0.5609089136123657,0.36145952343940735,0.1578245460987091,0.12806573510169983,0.12473631650209427,0.12594155967235565,-0.005792906507849693,-0.007687400560826063,-0.0037649141158908606,-0.0004262499278411269,0.0016324984608218074,0.0020441117230802774,0.759948194026947,0.12665803730487823,0.0019461623160168529,-0.0033856036607176065,-0.5099515914916992,2.660860300064087,5417165.5
138.3000030517578,54.35044479370117,-0.19674071669578552,0.10594865679740906,841.8602294921875,-0.5689965486526489,1084.3846435546875,-0.984829306602478,1016.4658813476562,-0.8678557872772217,1099.673583984375,-1.013060450553894,0.5603301525115967,0.3606923520565033,0.15745145082473755,0.1280265599489212,0.12490059435367584,0.1261439025402069,-0.005782682448625565,-0.00765613978728652,-0.0036971764639019966,-0.00035756989382207394,0.0016523494850844145,0.002002184046432376,0.7610740661621094,0.12684568762779236,0.0018600026378408074,-0.0033603941556066275,-0.5061544179916382,2.6604106426239014,5416250.5
138.39999389648438,54.33184814453125,-0.18596291542053223,0.10777793824672699,841.8033447265625,-0.5690489411354065,1084.2861328125,-0.984600305557251,1016.3790893554688,-0.8677647709846497,1099.572265625,-1.0125398635864258,0.559752345085144,0.35992828011512756,0.15708503127098083,0.12799401581287384,0.12506641447544098,0.12634144723415375,-0.005772591568529606,-0.007625274360179901,-0.003631328698247671,-0.0002936128876172006,0.001663277973420918,0.00194836244918406,0.7621461749076843,0.12702436745166779,0.001767811831086874,-0.0033361983951181173,-0.5025100111961365,2.659960985183716,5415335.0
138.5,54.31434631347656,-0.1750379353761673,0.10924987494945526,841.7463989257812,-0.5690945386886597,1084.187744140625,-0.9843708276748657,1016.2922973632812,-0.8676670789718628,1099.4710693359375,-1.0120372772216797,0.5591756105422974,0.35916727781295776,0.15672509372234344,0.12796764075756073,0.12523289024829865,0.12653307616710663,-0.005762641318142414,-0.007594821508973837,-0.0035674176178872585,-0.00023441064695362002,0.0016655393410474062,0.0018841663841158152,0.7631610035896301,0.12719349563121796,0.0016699456609785557,-0.003313029883429408,-0.4990202486515045,2.6595115661621094,5414419.5
138.60000610351562,54.29796600341797,-0.16381248831748962,0.11225437372922897,841.6895141601562,-0.5691335201263428,1084.0892333984375,-0.9841415882110596,1016.20556640625,-0.8675633668899536,1099.369873046875,-1.0115538835525513,0.5585998296737671,0.3584092855453491,0.15637145936489105,0.12794694304466248,0.1253991574048996,0.12671782076358795,-0.005752841010689735,-0.007564803585410118,-0.003505505621433258,-0.0001800336904125288,0.0016592593165114522,0.0018104008631780744,0.764114260673523,0.12735237181186676,0.0015643819933757186,-0.0032909156288951635,-0.495689332485199,2.6590616703033447,5413504.0
138.6999969482422,54.28274154663086,-0.1522081047296524,0.11604383587837219,841.632568359375,-0.5691660642623901,1083.9908447265625,-0.9839133024215698,1016.1187744140625,-0.8674540519714355,1099.268798828125,-1.0110907554626465,0.558025062084198,0.35765430331230164,0.15602391958236694,0.12793143093585968,0.12556438148021698,0.12689471244812012,-0.005743201822042465,-0.007535246200859547,-0.003445668378844857,-0.000130585947772488,0.0016444566426798701,0.0017273769481107593,0.7650009989738464,0.12750017642974854,0.001450246898457408,-0.003269890323281288,-0.4925224184989929,2.658612012863159,5412588.5
138.8000030517578,54.268741607666016,-0.14000751078128815,0.12200603634119034,841.57568359375,-0.5691923499107361,1083.8924560546875,-0.9836869239807129,1016.0320434570312,-0.8673396706581116,1099.167724609375,-1.0106496810913086,0.5574511885643005,0.35690221190452576,0.15568223595619202,0.12792061269283295,0.12572768330574036,0.1270628273487091,-0.005733737256377935,-0.007506182417273521,-0.0033880083356052637,-8.623681787867099e-05,0.0016209607711061835,0.0016347509808838367,0.7658149003982544,0.12763580679893494,0.0013246446615085006,-0.003250009147450328,-0.4895278215408325,2.6581623554229736,5411673.0
138.89999389648438,54.256019592285156,-0.12723864614963531,0.1276886761188507,841.5187377929688,-0.5692125558853149,1083.794189453125,-0.9834632873535156,1015.9453125,-0.8672208189964294,1099.066650390625,-1.0102320909500122,0.5568782687187195,0.35615304112434387,0.15534621477127075,0.1279139667749405,0.1258881837129593,0.12722116708755493,-0.0057244617491960526,-0.007477646693587303,-0.0033326323609799147,-4.716464536613785e-05,0.001588577637448907,0.001532156951725483,0.7665492296218872,0.1277582049369812,0.0011880835518240929,-0.003231323789805174,-0.4867134094238281,2.657712697982788,5410757.5
139.0,54.244651794433594,-0.11367229372262955,0.13566343486309052,841.4618530273438,-0.5692269206047058,1083.69580078125,-0.983243465423584,1015.858642578125,-0.8670980334281921,1098.9656982421875,-1.0098400115966797,0.5563063025474548,0.35540667176246643,0.15501561760902405,0.12791095674037933,0.12604500353336334,0.1273687183856964,-0.005715393461287022,-0.007449681404978037,-0.0032796720042824745,-1.360725855192868e-05,0.0015469511272385716,0.0014187698252499104,0.7671960592269897,0.1278660148382187,0.0010372932301834226,-0.0032139087561517954,-0.48409026861190796,2.6572628021240234,5409842.0
139.10000610351562,54.23472595214844,-0.0992417261004448,0.1443057358264923,841.4049072265625,-0.5692355632781982,1083.5975341796875,-0.9830286502838135,1015.7719116210938,-0.8669719696044922,1098.8646240234375,-1.0094759464263916,0.555735170841217,0.35466307401657104,0.15469017624855042,0.12791100144386292,0.12619715929031372,0.1275043487548828,-0.005706551019102335,-0.007422331720590591,-0.003229275345802307,1.4160034879751038e-05,0.001495633041486144,0.0012936042621731758,0.76774662733078,0.1279577612876892,0.0008714896976016462,-0.0031978432089090347,-0.48167043924331665,2.656813144683838,5408926.0
139.1999969482422,54.22633743286133,-0.08389456570148468,0.15347154438495636,841.3479614257812,-0.5692387223243713,1083.499267578125,-0.9828199148178101,1015.6852416992188,-0.8668432235717773,1098.7637939453125,-1.0091420412063599,0.5551649928092957,0.35392218828201294,0.15436965227127075,0.12791353464126587,0.12634368240833282,0.12762682139873505,-0.005697954911738634,-0.007395647466182709,-0.0031815986149013042,3.584571459214203e-05,0.0014341447968035936,0.0011557163670659065,0.7681914567947388,0.1280319094657898,0.0006898436113260686,-0.003183212596923113,-0.4794667363166809,2.6563632488250732,5408010.5
139.3000030517578,54.21954345703125,-0.06794954836368561,0.15945017337799072,841.2910766601562,-0.569236695766449,1083.40087890625,-0.9826183915138245,1015.5985717773438,-0.8667124509811401,1098.662841796875,-1.0088404417037964,0.5545955896377563,0.35318392515182495,0.15405374765396118,0.12791791558265686,0.12648354470729828,0.12773486971855164,-0.005689622368663549,-0.007369667757302523,-0.003136762883514166,5.124901144881733e-05,0.0013622718397527933,0.0010050946148112416,0.7685229778289795,0.12808716297149658,0.0004965979023836553,-0.003170071868225932,-0.4774874150753021,2.6559135913848877,5407095.0
139.39999389648438,54.21436309814453,-0.0517948716878891,0.16154678165912628,841.234130859375,-0.5692296624183655,1083.302734375,-0.9824249148368835,1015.5119018554688,-0.8665803074836731,1098.56201171875,-1.0085721015930176,0.5540270209312439,0.3524482250213623,0.15374217927455902,0.12792351841926575,0.1266157031059265,0.1278272569179535,-0.005681563634425402,-0.0073444172739982605,-0.003094831947237253,6.031411248841323e-05,0.0012801968259736896,0.0008428912842646241,0.7687362432479858,0.1281227022409439,0.00029663534951396286,-0.0031584398820996284,-0.4757353663444519,2.655463933944702,5406179.0
139.5,54.210792541503906,-0.03572356700897217,0.1607130616903305,841.1771850585938,-0.5692179203033447,1083.2044677734375,-0.9822402000427246,1015.4252319335938,-0.8664475083351135,1098.461181640625,-1.0083376169204712,0.5534592866897583,0.35171499848365784,0.1534346491098404,0.1279297173023224,0.12673915922641754,0.12790293991565704,-0.005673783831298351,-0.007319907192140818,-0.00305582070723176,6.310710159596056e-05,0.0011884159175679088,0.0006709718727506697,0.7688287496566772,0.12813812494277954,9.368135943077505e-05,-0.0031483087223023176,-0.47420936822891235,2.6550140380859375,5405263.5
139.60000610351562,54.20879364013672,-0.019968226552009583,0.15755341947078705,841.1203002929688,-0.5692017078399658,1083.106201171875,-0.9820646643638611,1015.338623046875,-0.866314709186554,1098.3603515625,-1.0081368684768677,0.55289226770401,0.35098421573638916,0.1531308889389038,0.12793588638305664,0.12685300409793854,0.12796105444431305,-0.005666283890604973,-0.007296137046068907,-0.0030197040177881718,5.9790389059344307e-05,0.0010876527521759272,0.0004915561294183135,0.7688000798225403,0.12813334167003632,-0.00010911772551480681,-0.0031396481208503246,-0.47290489077568054,2.654564380645752,5404348.0
139.6999969482422,54.20835876464844,-0.004366657231003046,0.15601567924022675,841.0633544921875,-0.5691813230514526,1083.008056640625,-0.9818989634513855,1015.251953125,-0.8661824464797974,1098.259521484375,-1.007969856262207,0.5523260235786438,0.3502557575702667,0.1528306007385254,0.12794142961502075,0.12695632874965668,0.1280009001493454,-0.005659065209329128,-0.007273110095411539,-0.0029864634852856398,5.05044445162639e-05,0.0009785245638340712,0.00030615527066402137,0.7686492800712585,0.1281082183122635,-0.00031386202317662537,-0.0031324438750743866,-0.47181975841522217,2.6541144847869873,5403432.5
139.8000030517578,54.209476470947266,0.011188729666173458,0.1555538773536682,841.0064697265625,-0.5691570043563843,1082.909912109375,-0.9817435145378113,1015.1653442382812,-0.866051435470581,1098.15869140625,-1.007836937904358,0.5517604351043701,0.34952956438064575,0.15253348648548126,0.12794573605060577,0.12704835832118988,0.1280219554901123,-0.005652130581438541,-0.007250831928104162,-0.002956097014248371,3.534828283591196e-05,0.0008614969556219876,0.00011559672566363588,0.7683748602867126,0.12806247174739838,-0.0005214728880673647,-0.003126691095530987,-0.4709532558917999,2.6536648273468018,5402516.5
139.89999389648438,54.21216583251953,0.026886116713285446,0.15697386860847473,840.9495239257812,-0.5691291093826294,1082.8116455078125,-0.9815990924835205,1015.0787353515625,-0.8659221529960632,1098.0579833984375,-1.007738709449768,0.5511955618858337,0.3488055467605591,0.15223926305770874,0.12794825434684753,0.12712830305099487,0.12802371382713318,-0.005645486060529947,-0.007229314651340246,-0.002928623231127858,1.4364048183779232e-05,0.0007368497899733484,-7.995081250555813e-05,0.7679741382598877,0.12799568474292755,-0.0007341373711824417,-0.003122403286397457,-0.4703073799610138,2.653215169906616,5401601.0
140.0,54.21643829345703,0.04273917153477669,0.15853054821491241,840.8926391601562,-0.5690978765487671,1082.7135009765625,-0.9814662933349609,1014.9921875,-0.8657953143119812,1097.9571533203125,-1.0076755285263062,0.5506313443183899,0.34808364510536194,0.15194763243198395,0.12794837355613708,0.12719540297985077,0.12800565361976624,-0.005639137700200081,-0.00720857223495841,-0.0029040661174803972,-1.242081452801358e-05,0.0006048040231689811,-0.0002804664254654199,0.7674441337585449,0.12790735065937042,-0.0009516022400930524,-0.0031195946503430605,-0.46988433599472046,2.6527655124664307,5400686.0
140.10000610351562,54.22230529785156,0.058670248836278915,0.1593107432126999,840.835693359375,-0.5690636038780212,1082.6153564453125,-0.9813457727432251,1014.9055786132812,-0.8656714558601379,1097.8564453125,-1.0076481103897095,0.5500677227973938,0.34736379981040955,0.1516583263874054,0.12794552743434906,0.12724894285202026,0.12796731293201447,-0.005633090157061815,-0.007188614457845688,-0.002882438711822033,-4.495088796829805e-05,0.0004656414675991982,-0.00048569159116595984,0.7667824625968933,0.12779708206653595,-0.0011726018274202943,-0.00311827240511775,-0.4696851968765259,2.652315855026245,5399770.5
140.1999969482422,54.22971725463867,0.07410062104463577,0.15430374443531036,840.77880859375,-0.5690266489982605,1082.5172119140625,-0.9812378287315369,1014.8190307617188,-0.8655511140823364,1097.755615234375,-1.0076558589935303,0.5495046973228455,0.34664589166641235,0.151371031999588,0.1279391497373581,0.12728823721408844,0.12790828943252563,-0.005627340637147427,-0.00716943247243762,-0.002863680012524128,-8.29924683785066e-05,0.0003201135841663927,-0.0006939134909771383,0.7659904360771179,0.12766507267951965,-0.001389112090691924,-0.0031183904502540827,-0.46970295906066895,2.6518661975860596,5398855.0
140.3000030517578,54.23859786987305,0.08882953226566315,0.14728911221027374,840.721923828125,-0.568987250328064,1082.419189453125,-0.9811425805091858,1014.7324829101562,-0.8654348850250244,1097.6549072265625,-1.007697582244873,0.5489422082901001,0.345929890871048,0.1510854810476303,0.1279287189245224,0.12731271982192993,0.12782840430736542,-0.005621880292892456,-0.007151003461331129,-0.0028476829174906015,-0.00012619938934221864,0.00016923577641136944,-0.0009028640924952924,0.7650716304779053,0.12751193344593048,-0.0015987463993951678,-0.0031198831275105476,-0.4699277877807617,2.651416778564453,5397939.5
140.39999389648438,54.24889373779297,0.10294917225837708,0.1411963850259781,840.6650390625,-0.5689457654953003,1082.321044921875,-0.9810601472854614,1014.6459350585938,-0.8653232455253601,1097.5540771484375,-1.0077720880508423,0.5483803153038025,0.34521567821502686,0.1508013904094696,0.1279137134552002,0.12732188403606415,0.1277276575565338,-0.005616700276732445,-0.007133305538445711,-0.0028343412559479475,-0.00017423635290469974,1.3938620213593822e-05,-0.0011108530452474952,0.7640297412872314,0.12733829021453857,-0.0018025183817371726,-0.003122694091871381,-0.4703511893749237,2.6509671211242676,5397024.5
140.5,54.260501861572266,0.11609131097793579,0.13142138719558716,840.608154296875,-0.5689024925231934,1082.222900390625,-0.9809904098510742,1014.5594482421875,-0.8652165532112122,1097.453369140625,-1.0078775882720947,0.5478188991546631,0.3445031940937042,0.1505185067653656,0.12789368629455566,0.12731535732746124,0.12760625779628754,-0.005611788481473923,-0.007116303779184818,-0.002823506947606802,-0.00022667078883387148,-0.00014462888066191226,-0.0013156984932720661,0.7628706097602844,0.12714509665966034,-0.001994938123971224,-0.0031267323065549135,-0.47095945477485657,2.650517702102661,5396109.5
140.60000610351562,54.273319244384766,0.12815283238887787,0.12061518430709839,840.55126953125,-0.5688577890396118,1082.1248779296875,-0.9809330701828003,1014.472900390625,-0.8651153445243835,1097.3525390625,-1.008012056350708,0.5472579598426819,0.3437923789024353,0.1502365916967392,0.12786822021007538,0.12729285657405853,0.1274646520614624,-0.005607127211987972,-0.007099957205355167,-0.0028150035068392754,-0.0002830079465638846,-0.000305207067867741,-0.001515146461315453,0.761601448059082,0.12693357467651367,-0.0021746987476944923,-0.003131897421553731,-0.47173744440078735,2.6500680446624756,5395194.0
140.6999969482422,54.28725051879883,0.1393270045518875,0.11174178868532181,840.494384765625,-0.5688118934631348,1082.0267333984375,-0.9808878898620605,1014.3864135742188,-0.8650198578834534,1097.251708984375,-1.0081733465194702,0.5466974377632141,0.3430831730365753,0.1499554067850113,0.1278369426727295,0.12725424766540527,0.12730342149734497,-0.0056027015671133995,-0.007084227632731199,-0.0028086716774851084,-0.0003428049967624247,-0.00046674118493683636,-0.0017078232485800982,0.7602289319038391,0.12670481204986572,-0.0023441154044121504,-0.0031381070148199797,-0.4726727306842804,2.649618625640869,5394279.0
140.8000030517578,54.30219650268555,0.14944049715995789,0.10113494098186493,840.4375,-0.5687651038169861,1081.9287109375,-0.9808545112609863,1014.2999267578125,-0.8649303913116455,1097.15087890625,-1.0083595514297485,0.5461373925209045,0.3423755168914795,0.14967477321624756,0.12779952585697174,0.12719948589801788,0.12712334096431732,-0.005598495714366436,-0.007069072220474482,-0.002804337302222848,-0.0004055913304910064,-0.0006281492533162236,-0.001892340718768537,0.7587603330612183,0.12646006047725677,-0.00250031054019928,-0.0031452623661607504,-0.473750501871109,2.6491692066192627,5393364.5
140.89999389648438,54.31803894042969,0.15844078361988068,0.09000278264284134,840.380615234375,-0.5687177181243896,1081.83056640625,-0.980832576751709,1014.2134399414062,-0.8648471832275391,1097.050048828125,-1.0085681676864624,0.5455777645111084,0.34166935086250305,0.1493944674730301,0.12775571644306183,0.12712864577770233,0.1269252747297287,-0.005594490095973015,-0.007054444402456284,-0.0028018122538924217,-0.0004708698543254286,-0.0007883274811320007,-0.0020673249382525682,0.7572039365768433,0.12620066106319427,-0.002642555395141244,-0.003153259865939617,-0.47495514154434204,2.6487200260162354,5392449.5
141.0,54.33467483520508,0.16636697947978973,0.07926201820373535,840.32373046875,-0.5686700344085693,1081.7325439453125,-0.9808214902877808,1014.126953125,-0.8647704124450684,1096.94921875,-1.0087968111038208,0.5450184941291809,0.3409646153450012,0.14911434054374695,0.12770526111125946,0.12704190611839294,0.12671023607254028,-0.005590667016804218,-0.007040298543870449,-0.0028009109664708376,-0.0005381587543524802,-0.0009462631423957646,-0.002231749240309,0.7555679678916931,0.12592799961566925,-0.0027711759321391582,-0.0031619996298104525,-0.4762715697288513,2.648270606994629,5391534.5
141.10000610351562,54.35198211669922,0.17305299639701843,0.06686016917228699,840.266845703125,-0.568622350692749,1081.6343994140625,-0.9808207750320435,1014.0404663085938,-0.8647002577781677,1096.8482666015625,-1.0090429782867432,0.5444595813751221,0.3402612507343292,0.148834228515625,0.1276480108499527,0.12693952023983002,0.1264793425798416,-0.0055870055221021175,-0.0070265824906528,-0.0028014297131448984,-0.0006069411756470799,-0.0011008904548361897,-0.0023844228126108646,0.7538615465164185,0.12564358115196228,-0.0028837108984589577,-0.0031713664066046476,-0.4776823818683624,2.6478211879730225,5390620.0
141.1999969482422,54.369789123535156,0.17809650301933289,0.050435055047273636,840.2100219726562,-0.568574845790863,1081.536376953125,-0.9808295369148254,1013.9539794921875,-0.8646366596221924,1096.747314453125,-1.009303331375122,0.5439010858535767,0.33955928683280945,0.1485540121793747,0.127583846449852,0.12682189047336578,0.12623387575149536,-0.005583479069173336,-0.007013230584561825,-0.002803113777190447,-0.0006765819853171706,-0.001250865519978106,-0.0025233302731066942,0.7520965337753296,0.12534941732883453,-0.002974851755425334,-0.003181206528097391,-0.47916457056999207,2.647372007369995,5389705.5
141.3000030517578,54.38795852661133,0.18166875839233398,0.03572249412536621,840.1531372070312,-0.5685278177261353,1081.438232421875,-0.9808468222618103,1013.8675537109375,-0.8645797371864319,1096.6463623046875,-1.0095746517181396,0.5433428883552551,0.33885860443115234,0.14827357232570648,0.12751269340515137,0.12668956816196442,0.12597526609897614,-0.005580061115324497,-0.007000177167356014,-0.0028057151939719915,-0.0007464736117981374,-0.0013949776766821742,-0.0026470476295799017,0.750284731388092,0.1250474452972412,-0.003047163365408778,-0.0031913830898702145,-0.4806973934173584,2.6469228267669678,5388790.5
141.39999389648438,54.406341552734375,0.18385779857635498,0.021890414878726006,840.0963134765625,-0.5684815049171448,1081.3402099609375,-0.9808719158172607,1013.7810668945312,-0.8645293712615967,1096.54541015625,-1.009853720664978,0.5427850484848022,0.3381592333316803,0.1479928344488144,0.12743455171585083,0.12654316425323486,0.1257050782442093,-0.005576727911829948,-0.006987362168729305,-0.002809003461152315,-0.0008160641882568598,-0.0015322185354307294,-0.0027548165526241064,0.7484369874000549,0.12473949790000916,-0.003101410809904337,-0.0032017668709158897,-0.48226141929626465,2.6464736461639404,5387876.0
141.5,54.424842834472656,0.18501238524913788,0.01154595147818327,840.0394287109375,-0.5684360861778259,1081.2420654296875,-0.9809039235115051,1013.6946411132812,-0.8644854426383972,1096.4444580078125,-1.0101382732391357,0.542227566242218,0.33746111392974854,0.14771175384521484,0.12734951078891754,0.12638342380523682,0.12542492151260376,-0.005573458503931761,-0.006974735762923956,-0.0028127916157245636,-0.0008849184960126877,-0.0016619352390989661,-0.0028469106182456017,0.7465623021125793,0.12442705035209656,-0.0031420227605849504,-0.0032122612465173006,-0.483842134475708,2.646024465560913,5386962.0
141.60000610351562,54.44338607788086,0.18542705476284027,0.004146701190620661,839.9826049804688,-0.5683917999267578,1081.1439208984375,-0.9809423685073853,1013.608154296875,-0.8644477725028992,1096.3433837890625,-1.01042640209198,0.5416703820228577,0.33676427602767944,0.14743027091026306,0.12725761532783508,0.12621109187602997,0.12513628602027893,-0.005570238921791315,-0.006962260697036982,-0.00281693902797997,-0.000952724542003125,-0.0017838291823863983,-0.00292445276863873,0.7446674108505249,0.12411123514175415,-0.003172425553202629,-0.003222796833142638,-0.485429048538208,2.6455752849578857,5386047.5
141.6999969482422,54.46189498901367,0.1850944310426712,-0.0033262642100453377,839.92578125,-0.56834876537323,1081.0458984375,-0.9809866547584534,1013.521728515625,-0.8644161820411682,1096.2423095703125,-1.010716438293457,0.5411134958267212,0.33606866002082825,0.14714835584163666,0.1271590143442154,0.1260269731283188,0.12484057247638702,-0.0055670542642474174,-0.0069499025121331215,-0.0028213157784193754,-0.0010192011250182986,-0.0018976840656250715,-0.002988455118611455,0.742758572101593,0.1237930878996849,-0.003192243166267872,-0.00323330401442945,-0.4870116710662842,2.6451263427734375,5385133.0
141.8000030517578,54.48031234741211,0.18415048718452454,-0.009439429268240929,839.8689575195312,-0.5683071613311768,1080.94775390625,-0.9810362458229065,1013.435302734375,-0.8643905520439148,1096.1412353515625,-1.0110068321228027,0.5405569672584534,0.33537429571151733,0.14686599373817444,0.12705384194850922,0.12583188712596893,0.1245390921831131,-0.005563892424106598,-0.006937630474567413,-0.0028258077800273895,-0.0010841113980859518,-0.0020034005865454674,-0.003039986826479435,0.7408413290977478,0.12347354739904404,-0.00320334080606699,-0.0032437255140393972,-0.4885813891887665,2.64467716217041,5384219.0
141.89999389648438,54.49859619140625,0.18286195397377014,-0.012885387055575848,839.8121337890625,-0.5682671666145325,1080.8497314453125,-0.9810906648635864,1013.348876953125,-0.8643706440925598,1096.0401611328125,-1.0112965106964111,0.5400007367134094,0.3346811532974243,0.1465831845998764,0.12694226205348969,0.1256266087293625,0.12423301488161087,-0.005560745485126972,-0.006925423163920641,-0.002830337267369032,-0.0011473129270598292,-0.002101125195622444,-0.0030805799178779125,0.7389194965362549,0.12315324693918228,-0.00320907193236053,-0.0032540287356823683,-0.4901333153247833,2.644228219985962,5383305.0
142.0,54.51674270629883,0.18143951892852783,-0.014224338345229626,839.7553100585938,-0.5682288408279419,1080.7515869140625,-0.9811497330665588,1013.262451171875,-0.8643562197685242,1095.93896484375,-1.011584997177124,0.5394448041915894,0.3339892029762268,0.14629992842674255,0.12682445347309113,0.1254119575023651,0.12392334640026093,-0.005557607859373093,-0.006913269404321909,-0.0028348607011139393,-0.0012087490176782012,-0.002191215520724654,-0.0031120649073272943,0.7369952201843262,0.12283254414796829,-0.003211942734196782,-0.0032642013393342495,-0.4916655421257019,2.6437792778015137,5382391.0
142.10000610351562,54.53474044799805,0.18000240623950958,-0.014371156692504883,839.698486328125,-0.5681923031806946,1080.6534423828125,-0.9812131524085999,1013.1759643554688,-0.8643471002578735,1095.837890625,-1.0118720531463623,0.5388892292976379,0.3332984745502472,0.1460162252187729,0.12670058012008667,0.1251886636018753,0.12361089885234833,-0.005554476752877235,-0.00690116174519062,-0.0028393554966896772,-0.0012684166431427002,-0.0022741411812603474,-0.003136245533823967,0.735069751739502,0.12251162528991699,-0.0032133744098246098,-0.003274241928011179,-0.4931778609752655,2.6433303356170654,5381477.0
142.1999969482422,54.552608489990234,0.17867021262645721,-0.013321968726813793,839.6416625976562,-0.5681577324867249,1080.5552978515625,-0.9812808036804199,1013.0895385742188,-0.8643431067466736,1095.7366943359375,-1.012157678604126,0.5383338928222656,0.3326089680194855,0.1457320600748062,0.12657083570957184,0.12495739758014679,0.1232963278889656,-0.005551352631300688,-0.006889099720865488,-0.0028438176959753036,-0.001326357014477253,-0.0023504553828388453,-0.003154848702251911,0.733143150806427,0.12219052761793137,-0.0032148954924196005,-0.003284159814938903,-0.4946717321872711,2.642881393432617,5380563.0
142.3000030517578,54.57035446166992,0.1774388998746872,-0.012313011102378368,839.5848388671875,-0.5681250691413879,1080.4571533203125,-0.9813526272773743,1013.0031127929688,-0.86434406042099,1095.6353759765625,-1.012441873550415,0.537778913974762,0.33192065358161926,0.14544746279716492,0.12643536925315857,0.1247188076376915,0.12298010289669037,-0.0055482350289821625,-0.006877083331346512,-0.0028482472989708185,-0.0013826221693307161,-0.002420697594061494,-0.003169264877215028,0.7312155365943909,0.12186925113201141,-0.0032164352014660835,-0.0032939647790044546,-0.49614858627319336,2.642432451248169,5379649.0
142.39999389648438,54.58795928955078,0.1760561168193817,-0.0138279153034091,839.5280151367188,-0.5680945515632629,1080.3590087890625,-0.9814283847808838,1012.9166870117188,-0.8643498420715332,1095.5341796875,-1.0127242803573608,0.537224292755127,0.33123356103897095,0.1451624184846878,0.12629437446594238,0.12447348982095718,0.12266263365745544,-0.005545121151953936,-0.00686510419473052,-0.00285261869430542,-0.0014371962752193213,-0.002485182136297226,-0.0031799785792827606,0.7292881011962891,0.12154801934957504,-0.003214888274669647,-0.003303642151877284,-0.4976062476634979,2.6419835090637207,5378735.0
142.5,54.60538864135742,0.17429718375205994,-0.0175892673432827,839.4712524414062,-0.5680660605430603,1080.2608642578125,-0.9815077185630798,1012.8302612304688,-0.8643601536750793,1095.432861328125,-1.013004183769226,0.536669909954071,0.33054763078689575,0.14487694203853607,0.1261480152606964,0.12422200292348862,0.12234428524971008,-0.005542004015296698,-0.006853147409856319,-0.0028568741399794817,-0.0014899845700711012,-0.002543981187045574,-0.0031866938807070255,0.7273639440536499,0.12122731655836105,-0.0032077590003609657,-0.003313157008960843,-0.4990394115447998,2.6415348052978516,5377821.5
142.60000610351562,54.62261199951172,0.17225176095962524,-0.020454205572605133,839.4144287109375,-0.5680398344993591,1080.1627197265625,-0.9815902709960938,1012.7438354492188,-0.8643749952316284,1095.33154296875,-1.0132808685302734,0.5361158847808838,0.32986292243003845,0.1445910483598709,0.1259964555501938,0.12396491318941116,0.12202546745538712,-0.005538878031075001,-0.006841197144240141,-0.00286095985211432,-0.0015409034676849842,-0.002597184618934989,-0.0031892680563032627,0.7254456281661987,0.12090760469436646,-0.003196445992216468,-0.0033224821090698242,-0.5004439949989319,2.6410858631134033,5376907.5
142.6999969482422,54.63958740234375,0.16971923410892487,-0.02532537281513214,839.3576049804688,-0.5680157542228699,1080.0645751953125,-0.9816756248474121,1012.6573486328125,-0.8643940091133118,1095.230224609375,-1.0135533809661865,0.5355621576309204,0.32917940616607666,0.14430475234985352,0.12583990395069122,0.12370279431343079,0.12170663475990295,-0.005535735283046961,-0.006829233840107918,-0.00286480481736362,-0.0015898279380053282,-0.0026447533164173365,-0.003187215654179454,0.7235369086265564,0.1205894872546196,-0.0031783028971403837,-0.0033315718173980713,-0.5018131136894226,2.640637159347534,5375994.0
142.8000030517578,54.656280517578125,0.1669510304927826,-0.02768205665051937,839.3008422851562,-0.5679939389228821,1079.9664306640625,-0.9817634224891663,1012.5709228515625,-0.8644171357154846,1095.1287841796875,-1.0138211250305176,0.5350087285041809,0.3284970819950104,0.14401809871196747,0.12567856907844543,0.12343619018793106,0.12138822674751282,-0.0055325692519545555,-0.0068172430619597435,-0.002868359675630927,-0.0016366865020245314,-0.0026867901906371117,-0.0031806055922061205,0.721640408039093,0.1202733963727951,-0.003156761173158884,-0.0033404037822037935,-0.5031434297561646,2.640188217163086,5375080.0
142.89999389648438,54.67269515991211,0.1641463041305542,-0.02804725617170334,839.2440185546875,-0.5679743885993958,1079.8682861328125,-0.9818534255027771,1012.4844970703125,-0.8644440770149231,1095.0274658203125,-1.014083743095398,0.5344555974006653,0.3278159499168396,0.14373110234737396,0.12551265954971313,0.12316564470529556,0.12107068300247192,-0.005529378075152636,-0.00680521922186017,-0.0028716055676341057,-0.0016814861446619034,-0.0027235960587859154,-0.0031701200641691685,0.7197571992874146,0.11995953321456909,-0.0031340247951447964,-0.0033489747438579798,-0.5044344067573547,2.639739513397217,5374166.5
143.0,54.688819885253906,0.16125527024269104,-0.02891034074127674,839.1871948242188,-0.5679571032524109,1079.77001953125,-0.9819454550743103,1012.3980712890625,-0.8644747734069824,1094.926025390625,-1.0143409967422485,0.5339028239250183,0.3271360397338867,0.14344379305839539,0.12534235417842865,0.12289167195558548,0.12075435370206833,-0.005526158958673477,-0.006793156731873751,-0.002874525263905525,-0.001724235829897225,-0.0027554542757570744,-0.003156284336000681,0.7178882956504822,0.1196480542421341,-0.003109324723482132,-0.003357275854796171,-0.5056847333908081,2.6392908096313477,5373253.0
143.10000610351562,54.70466613769531,0.15844739973545074,-0.028078686445951462,839.1304321289062,-0.5679420828819275,1079.671875,-0.9820392727851868,1012.3115844726562,-0.864508867263794,1094.8245849609375,-1.0145930051803589,0.53335040807724,0.32645732164382935,0.14315621554851532,0.12516789138317108,0.12261474132537842,0.1204395517706871,-0.00552291190251708,-0.006781053729355335,-0.0028771180659532547,-0.0017649854999035597,-0.0027827376034110785,-0.003139845561236143,0.7160340547561646,0.1193390041589737,-0.0030849119648337364,-0.0033653154969215393,-0.5068956613540649,2.6388421058654785,5372339.5
143.1999969482422,54.720237731933594,0.15570299327373505,-0.02744404226541519,839.0736083984375,-0.5679293274879456,1079.5736083984375,-0.9821348190307617,1012.2251586914062,-0.8645463585853577,1094.72314453125,-1.0148396492004395,0.5327982902526855,0.32577982544898987,0.14286838471889496,0.12498944252729416,0.12233529984951019,0.12012648582458496,-0.005519636906683445,-0.006768911145627499,-0.0028793876990675926,-0.0018037947593256831,-0.00280581833794713,-0.0031214479822665453,0.7141943573951721,0.11903239041566849,-0.003060395596548915,-0.0033730987925082445,-0.5080680251121521,2.6383931636810303,5371425.5
143.3000030517578,54.73551940917969,0.1528189331293106,-0.028840569779276848,839.016845703125,-0.5679188966751099,1079.4754638671875,-0.982231855392456,1012.138671875,-0.8645869493484497,1094.62158203125,-1.0150809288024902,0.532246470451355,0.3251035511493683,0.14258034527301788,0.124807208776474,0.12205374240875244,0.11981535702943802,-0.005516331177204847,-0.0067567224614322186,-0.0028813164681196213,-0.0018406666349619627,-0.0028248887974768877,-0.003101116744801402,0.7123703360557556,0.1187283918261528,-0.0030333618633449078,-0.0033806131687015295,-0.509199857711792,2.637944459915161,5370512.0
143.39999389648438,54.75051498413086,0.14995820820331573,-0.028607286512851715,838.9600219726562,-0.5679106712341309,1079.377197265625,-0.9823302030563354,1012.05224609375,-0.8646305203437805,1094.5201416015625,-1.0153164863586426,0.5316950082778931,0.3244284987449646,0.14229212701320648,0.12462138384580612,0.1217704713344574,0.1195063441991806,-0.005512993782758713,-0.006744485814124346,-0.0028828971553593874,-0.0018756322097033262,-0.002840203233063221,-0.0030791156459599733,0.710562527179718,0.1184270903468132,-0.0030060915742069483,-0.003387860022485256,-0.5102914571762085,2.637495756149292,5369598.5
143.5,54.765228271484375,0.14716394245624542,-0.027942698448896408,838.9032592773438,-0.5679047107696533,1079.2789306640625,-0.9824296832084656,1011.9657592773438,-0.8646769523620605,1094.4185791015625,-1.0155465602874756,0.531143844127655,0.3237546384334564,0.14200377464294434,0.12443215399980545,0.12148584425449371,0.11919960379600525,-0.005509625189006329,-0.006732200272381306,-0.002884134417399764,-0.0019087486434727907,-0.0028520680498331785,-0.0030558626167476177,0.7087709903717041,0.11812849342823029,-0.0029789393302053213,-0.0033948461059480906,-0.5113436579704285,2.637047052383423,5368685.0
143.60000610351562,54.77967834472656,0.14447908103466034,-0.02684859186410904,838.846435546875,-0.5679009556770325,1079.1806640625,-0.9825302362442017,1011.8792724609375,-0.8647260069847107,1094.3170166015625,-1.0157712697982788,0.5305930972099304,0.3230820596218109,0.14171531796455383,0.12423970550298691,0.12120018899440765,0.11889522522687912,-0.005506225395947695,-0.006719868630170822,-0.0028850380331277847,-0.0019400857854634523,-0.0028608045540750027,-0.003031793748959899,0.7069953083992004,0.11783255636692047,-0.0029524515848606825,-0.0034015809651464224,-0.5123581290245056,2.6365983486175537,5367771.5
143.6999969482422,54.79388427734375,0.14205513894557953,-0.024239422753453255,838.7896728515625,-0.5678993463516235,1079.0823974609375,-0.9826318025588989,1011.7927856445312,-0.8647775650024414,1094.21533203125,-1.0159908533096313,0.5300426483154297,0.3224106729030609,0.14142678678035736,0.12404420971870422,0.1209137961268425,0.1185932606458664,-0.005502797197550535,-0.006707496475428343,-0.002885635942220688,-0.001969755394384265,-0.0028668290469795465,-0.003007608000189066,0.7052344083786011,0.11753907054662704,-0.002928486093878746,-0.0034080895129591227,-0.5133384466171265,2.6361496448516846,5366858.0
143.8000030517578,54.80789566040039,0.14013110101222992,-0.01924028806388378,838.73291015625,-0.5678998827934265,1078.984130859375,-0.9827345013618469,1011.7063598632812,-0.8648315668106079,1094.11376953125,-1.01620614528656,0.5294924974441528,0.3217405378818512,0.1411381959915161,0.12384581565856934,0.12062691152095795,0.11829367280006409,-0.005499347113072872,-0.006695099640637636,-0.0028859858866780996,-0.001997942104935646,-0.0028707298915833235,-0.0029844630043953657,0.7034855484962463,0.11724758893251419,-0.002909854520112276,-0.003414418315514922,-0.5142917633056641,2.6357009410858154,5365944.5
143.89999389648438,54.821773529052734,0.1387845128774643,-0.013465996831655502,838.6760864257812,-0.5679025650024414,1078.8858642578125,-0.9828385710716248,1011.619873046875,-0.8648877739906311,1094.01220703125,-1.0164183378219604,0.5289427638053894,0.32107165455818176,0.14084959030151367,0.12364467233419418,0.12033970654010773,0.11799629032611847,-0.00549588305875659,-0.006682696286588907,-0.0028861609753221273,-0.002024864312261343,-0.0028731573838740587,-0.0029635587707161903,0.7017452120780945,0.11695753782987595,-0.0028973291628062725,-0.003420621855184436,-0.5152261257171631,2.6352522373199463,5365031.0
144.0,54.83555603027344,0.13781385123729706,-0.009706520475447178,838.6193237304688,-0.5679072737693787,1078.78759765625,-0.9829440712928772,1011.5333862304688,-0.8649462461471558,1093.9105224609375,-1.0166279077529907,0.5283933281898499,0.3204040229320526,0.14056096971035004,0.12344088405370712,0.12005231529474258,0.11770085245370865,-0.0054924096912145615,-0.006670301780104637,-0.002886215690523386,-0.002050690120086074,-0.002874586032703519,-0.00294541590847075,0.7000107765197754,0.1166684627532959,-0.0028884918428957462,-0.003426735056564212,-0.5161468982696533,2.634803533554077,5364117.5
144.10000610351562,54.84928894042969,0.13733449578285217,-0.0047936285845935345,838.5625,-0.5679140686988831,1078.6893310546875,-0.9830511808395386,1011.4468383789062,-0.8650068640708923,1093.808837890625,-1.0168359279632568,0.527844250202179,0.31973761320114136,0.1402723491191864,0.1232345700263977,0.11976481229066849,0.11740707606077194,-0.005488934926688671,-0.006657931488007307,-0.0028862101025879383,-0.002075597643852234,-0.002875495469197631,-0.0029305664356797934,0.6982793211936951,0.11637988686561584,-0.0028850394301116467,-0.0034328040201216936,-0.5170610547065735,2.634354829788208,5363204.0
144.1999969482422,54.863006591796875,0.13716518878936768,-0.0016930855344980955,838.5057373046875,-0.5679227709770203,1078.5909423828125,-0.9831600189208984,1011.3603515625,-0.8650696277618408,1093.7071533203125,-1.0170429944992065,0.5272955298423767,0.319072425365448,0.13998372852802277,0.1230257973074913,0.11947722733020782,0.1171146035194397,-0.005485462956130505,-0.006645597517490387,-0.002886190079152584,-0.0020997256506234407,-0.0028762314468622208,-0.002919114427641034,0.696548581123352,0.11609143018722534,-0.0028846811037510633,-0.003438858315348625,-0.5179729461669922,2.633906126022339,5362290.5
144.3000030517578,54.87672805786133,0.137211412191391,0.0004622375126928091,838.4489135742188,-0.5679334998130798,1078.49267578125,-0.9832706451416016,1011.2738647460938,-0.8651344180107117,1093.60546875,-1.0172494649887085,0.5267471671104431,0.3184084892272949,0.13969512283802032,0.12281464785337448,0.11918956786394119,0.11682312190532684,-0.00548199750483036,-0.006633307784795761,-0.0028861849568784237,-0.002123170765116811,-0.0028770084027200937,-0.002910823794081807,0.6948171257972717,0.11580285429954529,-0.0028865362983196974,-0.003444917732849717,-0.5188856720924377,2.6334574222564697,5361377.0
144.39999389648438,54.8905029296875,0.13775886595249176,0.005474637262523174,838.3921508789062,-0.5679461359977722,1078.394287109375,-0.9833832383155823,1011.1873168945312,-0.8652012944221497,1093.503662109375,-1.0174560546875,0.5261991620063782,0.31774574518203735,0.1394064873456955,0.12260118126869202,0.1189018040895462,0.11653229594230652,-0.005478544160723686,-0.006621078122407198,-0.002886251313611865,-0.002146094338968396,-0.0028782084118574858,-0.002906092908233404,0.6930820941925049,0.11551368236541748,-0.002894134260714054,-0.003451029770076275,-0.5198062658309937,2.6330087184906006,5360463.5
144.5,54.90438461303711,0.13879789412021637,0.010390249080955982,838.3353271484375,-0.5679606795310974,1078.2960205078125,-0.9834980964660645,1011.100830078125,-0.86527019739151,1093.4019775390625,-1.017663836479187,0.5256514549255371,0.31708425283432007,0.13911786675453186,0.12238544225692749,0.11861389130353928,0.11624173820018768,-0.005475110840052366,-0.006608925294131041,-0.0028864536434412003,-0.002168673789128661,-0.002880239626392722,-0.0029053858015686274,0.6913402676582336,0.11522337794303894,-0.0029070621822029352,-0.003457240527495742,-0.5207417607307434,2.6325597763061523,5359549.5
144.60000610351562,54.91843032836914,0.14045634865760803,0.016584526747465134,838.278564453125,-0.5679770708084106,1078.1976318359375,-0.9836154580116272,1011.0142822265625,-0.8653411865234375,1093.3001708984375,-1.0178738832473755,0.5251041054725647,0.3164239823818207,0.13882920145988464,0.12216745316982269,0.11832570284605026,0.11595102399587631,-0.005471705924719572,-0.006596870720386505,-0.0028868678491562605,-0.002191112609580159,-0.0028835609555244446,-0.0029093148186802864,0.6895877122879028,0.11493128538131714,-0.0029269347433000803,-0.0034636082127690315,-0.5217008590698242,2.632111072540283,5358636.0
144.6999969482422,54.93271255493164,0.14283284544944763,0.023764928802847862,838.2217407226562,-0.5679952502250671,1078.0992431640625,-0.9837356805801392,1010.927734375,-0.8654143214225769,1093.1983642578125,-1.018087387084961,0.5245571136474609,0.3157648742198944,0.13854047656059265,0.12194721400737762,0.11803709715604782,0.11565963923931122,-0.005468339193612337,-0.006584938615560532,-0.002887583803385496,-0.002213643863797188,-0.002888694405555725,-0.002918642247095704,0.68781977891922,0.11463663727045059,-0.0029548220336437225,-0.003470200579613447,-0.5226938724517822,2.631662368774414,5357722.5
144.8000030517578,54.94729995727539,0.14587141573429108,0.030385697260499,838.1649169921875,-0.5680152773857117,1078.0008544921875,-0.9838591814041138,1010.8411865234375,-0.865489661693573,1093.0965576171875,-1.0183055400848389,0.5240104794502258,0.31510698795318604,0.1382516622543335,0.12172470986843109,0.11774786561727524,0.11536703258752823,-0.0054650213569402695,-0.006573153659701347,-0.002888687653467059,-0.0022364885080605745,-0.0028961016796529293,-0.0029338859021663666,0.6860321164131165,0.11433868110179901,-0.0029900118242949247,-0.003477080026641488,-0.5237300395965576,2.631213665008545,5356809.0
144.89999389648438,54.96221923828125,0.14919327199459076,0.03321859985589981,838.108154296875,-0.5680370330810547,1077.9024658203125,-0.9839861392974854,1010.754638671875,-0.8655672073364258,1092.99462890625,-1.0185291767120361,0.5234641432762146,0.3144502341747284,0.1379627138376236,0.12149989604949951,0.11745777726173401,0.11507262289524078,-0.0054617575369775295,-0.006561528891324997,-0.0028902250342071056,-0.0022597613278776407,-0.0029059364460408688,-0.0029545999132096767,0.6842221021652222,0.11403701454401016,-0.003028128296136856,-0.0034842733293771744,-0.5248135328292847,2.6307647228240967,5355895.0
145.0,54.97749710083008,0.15276920795440674,0.035759393125772476,838.0513305664062,-0.5680606365203857,1077.8040771484375,-0.984116792678833,1010.6680908203125,-0.8656471371650696,1092.892822265625,-1.0187586545944214,0.5229181051254272,0.31379467248916626,0.13767360150814056,0.1212727352976799,0.11716657876968384,0.1147758960723877,-0.005458551459014416,-0.0065500736236572266,-0.0028922262135893106,-0.0022835382260382175,-0.002918243408203125,-0.0029801628552377224,0.6823879480361938,0.11373132467269897,-0.0030692280270159245,-0.0034918044693768024,-0.5259479284286499,2.6303160190582275,5354981.5
145.10000610351562,54.99315643310547,0.15661267936229706,0.03843466937541962,837.9945068359375,-0.5680859684944153,1077.7056884765625,-0.9842512607574463,1010.5814819335938,-0.8657295107841492,1092.7908935546875,-1.0189945697784424,0.5223724246025085,0.31314021348953247,0.13738425076007843,0.12104316800832748,0.11687401682138443,0.11447639018297195,-0.005455407779663801,-0.006538796704262495,-0.0028947226237505674,-0.0023078955709934235,-0.0029330707620829344,-0.0030101316515356302,0.680527925491333,0.11342131346464157,-0.0031134216114878654,-0.003499699058011174,-0.527137041091919,2.6298670768737793,5354067.5
145.1999969482422,55.00922775268555,0.1607131063938141,0.04100435972213745,837.937744140625,-0.5681130290031433,1077.6072998046875,-0.9843898415565491,1010.4949340820312,-0.8658144474029541,1092.68896484375,-1.0192371606826782,0.5218270421028137,0.3124868869781494,0.1370946317911148,0.12081112712621689,0.11657985299825668,0.11417368054389954,-0.00545232929289341,-0.006527707912027836,-0.00289774383418262,-0.002332905074581504,-0.002950455527752638,-0.003044149838387966,0.6786401271820068,0.11310668289661407,-0.0031605365220457315,-0.003507981076836586,-0.5283845067024231,2.629418134689331,5353153.5
145.3000030517578,55.0257453918457,0.16517005860805511,0.044569384306669235,837.8809204101562,-0.5681418180465698,1077.5087890625,-0.9845326542854309,1010.4083251953125,-0.8659020066261292,1092.5870361328125,-1.0194872617721558,0.5212819576263428,0.3118346631526947,0.13680468499660492,0.12057655304670334,0.11628381162881851,0.1138673722743988,-0.005449321586638689,-0.006516818888485432,-0.0029013287276029587,-0.0023586584720760584,-0.002970494097098708,-0.003082142909988761,0.6767223477363586,0.11278706043958664,-0.0032117124646902084,-0.0035166845191270113,-0.529695451259613,2.628969430923462,5352240.0
145.39999389648438,55.04273223876953,0.16987591981887817,0.04705861955881119,837.8240966796875,-0.5681723952293396,1077.410400390625,-0.9846799373626709,1010.32177734375,-0.8659923672676086,1092.485107421875,-1.0197452306747437,0.5207371711730957,0.31118351221084595,0.1365143358707428,0.12033935636281967,0.11598563939332962,0.11355707794427872,-0.005446388851851225,-0.006506138481199741,-0.002905507106333971,-0.002385225147008896,-0.0029932197649031878,-0.003123881295323372,0.6747727990150452,0.1124621331691742,-0.0032655566465109587,-0.003525833133608103,-0.5310733914375305,2.6285204887390137,5351326.0
145.5,55.06018829345703,0.17455048859119415,0.04674571007490158,837.7672729492188,-0.5682047605514526,1077.3118896484375,-0.9848318099975586,1010.2351684570312,-0.8660855889320374,1092.3831787109375,-1.0200111865997314,0.5201926827430725,0.31053343415260315,0.13622355461120605,0.12009947001934052,0.11568506062030792,0.11324245482683182,-0.005443531088531017,-0.0064956676214933395,-0.002910276874899864,-0.0024125934578478336,-0.0030184476636350155,-0.0031685305293649435,0.6727911233901978,0.11213185638189316,-0.0033189160749316216,-0.003535423893481493,-0.5325180292129517,2.6280715465545654,5350412.0
145.60000610351562,55.07809829711914,0.17909841239452362,0.04547926038503647,837.71044921875,-0.5682387948036194,1077.21337890625,-0.9849882125854492,1010.1485595703125,-0.8661817312240601,1092.2811279296875,-1.02028489112854,0.5196484327316284,0.30988436937332153,0.13593226671218872,0.1198568046092987,0.11538185179233551,0.112923264503479,-0.005440746899694204,-0.00648540211841464,-0.0029156182426959276,-0.0024407070595771074,-0.0030458851251751184,-0.0032150933984667063,0.6707780957221985,0.11179634928703308,-0.0033709246199578047,-0.003545445390045643,-0.5340275168418884,2.627622604370117,5349498.0
145.6999969482422,55.09648132324219,0.1838456690311432,0.0474725104868412,837.6536254882812,-0.5682746767997742,1077.1148681640625,-0.9851493239402771,1010.0618896484375,-0.8662809729576111,1092.1790771484375,-1.0205665826797485,0.5191044807434082,0.3092363476753235,0.13564041256904602,0.11961129307746887,0.11507578939199448,0.11259933561086655,-0.005438038147985935,-0.0064753456972539425,-0.002921540290117264,-0.0024695841129869223,-0.003075462533161044,-0.0032634385861456394,0.6687328219413757,0.11145547032356262,-0.003425334580242634,-0.0035559164825826883,-0.53560471534729,2.62717342376709,5348584.0
145.8000030517578,55.115360260009766,0.18877701461315155,0.04931347444653511,837.5968017578125,-0.5683123469352722,1077.016357421875,-0.9853153228759766,1009.9752807617188,-0.8663833737373352,1092.0770263671875,-1.020856499671936,0.5185608267784119,0.30858930945396423,0.13534793257713318,0.11936285346746445,0.1147666648030281,0.11227047443389893,-0.0054354071617126465,-0.006465504411607981,-0.002928059780970216,-0.0024992607068270445,-0.0031071670819073915,-0.0033136149868369102,0.6666541695594788,0.11110902577638626,-0.0034815585240721703,-0.003566854866221547,-0.5372522473335266,2.6267244815826416,5347669.5
145.89999389648438,55.134735107421875,0.1937490850687027,0.04972077161073685,837.5399780273438,-0.5683518052101135,1076.9178466796875,-0.9854862093925476,1009.8886108398438,-0.866489052772522,1091.974853515625,-1.0211546421051025,0.5180174112319946,0.3079432249069214,0.13505476713180542,0.11911141127347946,0.11445426940917969,0.11193651705980301,-0.005432854872196913,-0.00645587919279933,-0.0029351776465773582,-0.0025297326501458883,-0.0031408793292939663,-0.0033653276041150093,0.6645416617393494,0.11075694113969803,-0.003537981305271387,-0.003578264731913805,-0.5389708280563354,2.6262755393981934,5346755.5
146.0,55.15459442138672,0.1985883116722107,0.04839229956269264,837.483154296875,-0.5683931112289429,1076.8192138671875,-0.985662043094635,1009.802001953125,-0.8665980696678162,1091.872802734375,-1.021461009979248,0.5174742341041565,0.30729812383651733,0.13476087152957916,0.11885687708854675,0.1141384094953537,0.11159734427928925,-0.005430379416793585,-0.006446466315537691,-0.0029428729321807623,-0.0025609431322664022,-0.00317634386010468,-0.0034179098438471556,0.6623960137367249,0.11039933562278748,-0.0035927363205701113,-0.0035901335068047047,-0.5407585501670837,2.625826358795166,5345841.0
146.10000610351562,55.17494201660156,0.2034672200679779,0.04878909885883331,837.42626953125,-0.5684362649917603,1076.720703125,-0.9858428835868835,1009.71533203125,-0.8667104840278625,1091.7706298828125,-1.0217753648757935,0.5169313549995422,0.3066539466381073,0.13446617126464844,0.11859919130802155,0.1138189285993576,0.11125288158655167,-0.005427980795502663,-0.006437263917177916,-0.0029511372558772564,-0.0025928649120032787,-0.003213403979316354,-0.0034711076878011227,0.6602173447608948,0.1100362241268158,-0.003647893201559782,-0.0036024656146764755,-0.542616069316864,2.6253771781921387,5344927.0
146.1999969482422,55.1957893371582,0.20848241448402405,0.05015191435813904,837.3694458007812,-0.5684813261032104,1076.6220703125,-0.986028790473938,1009.628662109375,-0.8668264150619507,1091.66845703125,-1.0220979452133179,0.5163886547088623,0.3060106635093689,0.13417062163352966,0.11833827197551727,0.11349566280841827,0.1109030619263649,-0.005425659939646721,-0.006428274791687727,-0.00295997504144907,-0.0026255063712596893,-0.003252011723816395,-0.0035250200890004635,0.6580050587654114,0.10966750979423523,-0.003704285714775324,-0.0036152738612145185,-0.5445452928543091,2.6249279975891113,5344012.5
146.3000030517578,55.21720504760742,0.21416662633419037,0.056842025369405746,837.3125610351562,-0.5685282945632935,1076.5234375,-0.986220121383667,1009.5419311523438,-0.8669459223747253,1091.566162109375,-1.0224295854568481,0.5158461928367615,0.3053682744503021,0.13387414813041687,0.11807405203580856,0.11316844075918198,0.1105477586388588,-0.005423424299806356,-0.006419515702873468,-0.0029694451950490475,-0.002659008139744401,-0.003292484674602747,-0.0035808351822197437,0.655755877494812,0.1092926487326622,-0.0037677690852433443,-0.003628622042015195,-0.5465558171272278,2.624478816986084,5343098.0
146.39999389648438,55.239261627197266,0.22056666016578674,0.06400036811828613,837.2557373046875,-0.5685771703720093,1076.4248046875,-0.986417293548584,1009.4552612304688,-0.8670691251754761,1091.4639892578125,-1.0227714776992798,0.5153039693832397,0.3047267496585846,0.13357669115066528,0.11780642718076706,0.1128370612859726,0.11018672585487366,-0.0054212831892073154,-0.006411009468138218,-0.002979624317958951,-0.0026935546193271875,-0.0033352437894791365,-0.003639829345047474,0.6534656286239624,0.10891093313694,-0.003838279051706195,-0.003642577910795808,-0.5486578941345215,2.6240296363830566,5342183.5
146.5,55.26203918457031,0.22778381407260895,0.07217157632112503,837.1988525390625,-0.5686280131340027,1076.326171875,-0.9866207242012024,1009.3685302734375,-0.8671962022781372,1091.3616943359375,-1.0231248140335083,0.5147619247436523,0.3040860593318939,0.13327819108963013,0.11753528565168381,0.11250127106904984,0.10981957614421844,-0.005419246386736631,-0.006402780767530203,-0.002990597626194358,-0.002729347674176097,-0.0033807395957410336,-0.003703159047290683,0.6511295437812805,0.10852158814668655,-0.003916929010301828,-0.003657219000160694,-0.5508632063865662,2.6235804557800293,5341268.5
146.60000610351562,55.28562545776367,0.2358456254005432,0.08061806112527847,837.1420288085938,-0.5686808824539185,1076.2275390625,-0.9868309497833252,1009.2817993164062,-0.8673272728919983,1091.25927734375,-1.0234909057617188,0.514220118522644,0.3034461736679077,0.13297854363918304,0.11726049333810806,0.11216077208518982,0.10944582521915436,-0.0054173250682652,-0.006394855212420225,-0.0030024549923837185,-0.0027665956877171993,-0.0034294207580387592,-0.0037717972882092,0.64874267578125,0.108123779296875,-0.004003872629255056,-0.003672625869512558,-0.5531838536262512,2.623131036758423,5340354.0
146.6999969482422,55.310081481933594,0.24455788731575012,0.08712266385555267,837.0851440429688,-0.5687357783317566,1076.1287841796875,-0.9870484471321106,1009.195068359375,-0.8674624562263489,1091.156982421875,-1.023870825767517,0.5136784911155701,0.3028070628643036,0.13267765939235687,0.11698189377784729,0.11181522905826569,0.10906493663787842,-0.005415528081357479,-0.006387253757566214,-0.0030152658000588417,-0.0028054555878043175,-0.0034815736580640078,-0.003846084699034691,0.6463010907173157,0.10771685093641281,-0.004096889868378639,-0.0036888604518026114,-0.5556291937828064,2.6226818561553955,5339439.0
146.8000030517578,55.33543395996094,0.2535291314125061,0.08971237391233444,837.0282592773438,-0.5687927603721619,1076.0301513671875,-0.9872733354568481,1009.1083374023438,-0.8676020503044128,1091.0545654296875,-1.024265170097351,0.5131369829177856,0.30216869711875916,0.13237544894218445,0.11669933050870895,0.11146429926156998,0.10867635905742645,-0.005413859151303768,-0.006379985716193914,-0.0030290561262518167,-0.0028459716122597456,-0.003537166863679886,-0.0039253756403923035,0.6438028812408447,0.10730048269033432,-0.004191815387457609,-0.003705947892740369,-0.5582029819488525,2.622232437133789,5338524.5
146.89999389648438,55.36166763305664,0.26235026121139526,0.0882112979888916,836.9713745117188,-0.568851888179779,1075.931396484375,-0.9875058531761169,1009.0215454101562,-0.8677461743354797,1090.9521484375,-1.0246734619140625,0.5125957131385803,0.301531046628952,0.13207180798053741,0.11641263216733932,0.11110766232013702,0.10827966779470444,-0.005412316881120205,-0.006373046897351742,-0.0030438012909144163,-0.0028880625031888485,-0.0035958325024694204,-0.004008150193840265,0.6412486433982849,0.10687477886676788,-0.004284476395696402,-0.0037238746881484985,-0.5609031915664673,2.6217830181121826,5337609.5
147.0,55.388736724853516,0.27069318294525146,0.08342936635017395,836.9144897460938,-0.5689132213592529,1075.8326416015625,-0.9877458214759827,1008.9347534179688,-0.8678950071334839,1090.849609375,-1.0250951051712036,0.5120545625686646,0.3008940815925598,0.1317666471004486,0.11612165719270706,0.11074502766132355,0.10787461698055267,-0.005410895217210054,-0.006366420071572065,-0.003059434937313199,-0.0029315443243831396,-0.003656946122646332,-0.004092391114681959,0.6386412382125854,0.10644020140171051,-0.004371591843664646,-0.0037425963673740625,-0.563723087310791,2.621333360671997,5336694.0
147.10000610351562,55.41658020019531,0.2784241735935211,0.07730967551469803,836.8576049804688,-0.5689767599105835,1075.7337646484375,-0.9879930019378662,1008.8479614257812,-0.8680486679077148,1090.7470703125,-1.0255287885665894,0.5115135312080383,0.30025777220726013,0.13145989179611206,0.11582627147436142,0.11037618666887283,0.10746116191148758,-0.00540958484634757,-0.0063600847497582436,-0.0030758692882955074,-0.0029761847108602524,-0.003719785949215293,-0.004176136571913958,0.6359843611717224,0.10599739104509354,-0.004451913293451071,-0.003762055654078722,-0.5666540861129761,2.6208839416503906,5335779.0
147.1999969482422,55.44514846801758,0.2856898009777069,0.07265654951334,836.8007202148438,-0.5690426230430603,1075.635009765625,-0.9882472157478333,1008.7611694335938,-0.8682072758674622,1090.64453125,-1.0259737968444824,0.5109726190567017,0.2996220588684082,0.1311514526605606,0.11552637815475464,0.11000101268291473,0.1070394217967987,-0.005408378783613443,-0.006354020442813635,-0.003093027276918292,-0.003021781099960208,-0.0037837533745914698,-0.004258114378899336,0.6332814693450928,0.10554691404104233,-0.004527025856077671,-0.0037822090089321136,-0.5696896910667419,2.620434284210205,5334863.5
147.3000030517578,55.47442626953125,0.2927713692188263,0.0708155557513237,836.7437744140625,-0.5691108703613281,1075.5361328125,-0.988508403301239,1008.67431640625,-0.8683708906173706,1090.5418701171875,-1.026429295539856,0.5104318261146545,0.29898694157600403,0.13084125518798828,0.11522188037633896,0.1096193939447403,0.10660958290100098,-0.0054072723723948,-0.006348215974867344,-0.003110861638560891,-0.0030682096257805824,-0.0038484956603497267,-0.004337972961366177,0.6305345296859741,0.10508909076452255,-0.004599684849381447,-0.003803039900958538,-0.5728272795677185,2.6199846267700195,5333948.5
147.39999389648438,55.50440979003906,0.2998494505882263,0.07078096270561218,836.6868896484375,-0.569181501865387,1075.437255859375,-0.9887765645980835,1008.5874633789062,-0.868539571762085,1090.439208984375,-1.02689528465271,0.509891152381897,0.2983524203300476,0.1305292397737503,0.11491270363330841,0.10923127084970474,0.1061718538403511,-0.005406263284385204,-0.006342666689306498,-0.003129348624497652,-0.0031154060270637274,-0.003913843538612127,-0.004415918607264757,0.6277442574501038,0.10462404042482376,-0.004671469796448946,-0.0038245483301579952,-0.5760669708251953,2.619534969329834,5333033.0
147.5,55.53511428833008,0.30701133608818054,0.07161863893270493,836.6299438476562,-0.5692546367645264,1075.33837890625,-0.9890516996383667,1008.5006103515625,-0.8687134385108948,1090.3365478515625,-1.0273715257644653,0.509350597858429,0.2977184057235718,0.1302153617143631,0.11459876596927643,0.1088365912437439,0.10572641342878342,-0.005405351519584656,-0.006337370257824659,-0.0031484761275351048,-0.0031633370090276003,-0.0039797197096049786,-0.004492341540753841,0.6249108910560608,0.10415181517601013,-0.004743095021694899,-0.003846743144094944,-0.5794100165367126,2.6190853118896484,5332117.0
147.60000610351562,55.56652069091797,0.3140832483768463,0.07071904838085175,836.572998046875,-0.5693302750587463,1075.239501953125,-0.9893338680267334,1008.4137573242188,-0.8688925504684448,1090.2337646484375,-1.027857780456543,0.5088101029396057,0.2970849275588989,0.1298995316028595,0.11428000032901764,0.10843530297279358,0.10527341067790985,-0.005404534749686718,-0.0063323210924863815,-0.0031682178378105164,-0.003211934817954898,-0.0040459539741277695,-0.004567231051623821,0.6220353245735168,0.103672556579113,-0.004812631756067276,-0.0038696164265275,-0.5828552842140198,2.618635416030884,5331201.5
147.6999969482422,55.59864807128906,0.3212861716747284,0.07202939689159393,836.5160522460938,-0.5694084763526917,1075.1405029296875,-0.9896230101585388,1008.3268432617188,-0.8690769076347351,1090.1309814453125,-1.0283540487289429,0.5082696676254272,0.2964519262313843,0.12958168983459473,0.11395634710788727,0.1080273762345314,0.10481297224760056,-0.005403812043368816,-0.006327516864985228,-0.0031885625794529915,-0.0032611701171845198,-0.004112492315471172,-0.004640896338969469,0.619117796421051,0.10318630188703537,-0.004882523324340582,-0.0038931812159717083,-0.5864046812057495,2.618185520172119,5330285.5
147.8000030517578,55.63152313232422,0.3287493586540222,0.0746317058801651,836.4591674804688,-0.5694893598556519,1075.04150390625,-0.9899193048477173,1008.2399291992188,-0.8692666292190552,1090.028076171875,-1.028860330581665,0.5077292919158936,0.29581940174102783,0.1292617917060852,0.11362773925065994,0.10761277377605438,0.10434520989656448,-0.0054031852632761,-0.006322960369288921,-0.003209516638889909,-0.0033110566437244415,-0.0041794003918766975,-0.004713919945061207,0.6161576509475708,0.10269293934106827,-0.004953805822879076,-0.00391746312379837,-0.5900620818138123,2.6177356243133545,5329369.5
147.89999389648438,55.66516876220703,0.3364463448524475,0.07697002589702606,836.4021606445312,-0.569572925567627,1074.9425048828125,-0.9902228116989136,1008.1530151367188,-0.869461715221405,1089.9251708984375,-1.0293768644332886,0.5071890354156494,0.2951873242855072,0.12893976271152496,0.1132941022515297,0.10719146579504013,0.10387015342712402,-0.005402655340731144,-0.006318655330687761,-0.0032310853712260723,-0.0033616074360907078,-0.0042467364110052586,-0.004786730278283358,0.6131541728973389,0.10219236463308334,-0.005026049446314573,-0.003942484967410564,-0.593830943107605,2.61728572845459,5328453.5
148.0,55.699607849121094,0.3443933427333832,0.07946988940238953,836.34521484375,-0.5696591734886169,1074.843505859375,-0.9905336499214172,1008.0660400390625,-0.8696622848510742,1089.8221435546875,-1.0299038887023926,0.5066487789154053,0.2945556640625,0.12861554324626923,0.11295538395643234,0.10676339268684387,0.10338781028985977,-0.005402224138379097,-0.006314603146165609,-0.0032532743643969297,-0.003412834834307432,-0.004314552992582321,-0.004859647713601589,0.6101067662239075,0.10168446600437164,-0.005099399946630001,-0.0039682709611952305,-0.5977149605751038,2.616835594177246,5327537.0
148.10000610351562,55.734859466552734,0.35252219438552856,0.08128859847784042,836.2882690429688,-0.5697482824325562,1074.7445068359375,-0.9908519387245178,1007.9790649414062,-0.8698683977127075,1089.7191162109375,-1.030441403388977,0.5061085820198059,0.29392439126968384,0.12828907370567322,0.11261150985956192,0.10632851719856262,0.10289816558361053,-0.005401891656219959,-0.006310805678367615,-0.00327608291991055,-0.0034647351130843163,-0.004382855724543333,-0.004932781681418419,0.6070151329040527,0.10116918385028839,-0.005173083394765854,-0.003994839731603861,-0.6017168760299683,2.6163854598999023,5326620.5
148.1999969482422,55.770912170410156,0.36053401231765747,0.08011814951896667,836.2312622070312,-0.5698401927947998,1074.6453857421875,-0.9911775588989258,1007.8920288085938,-0.8700801134109497,1089.6160888671875,-1.0309889316558838,0.5055683851242065,0.2932935059070587,0.12796029448509216,0.11226240545511246,0.1058868020772934,0.10240121930837631,-0.005401655565947294,-0.006307255942374468,-0.0032994819339364767,-0.0035172339994460344,-0.004451456945389509,-0.0050056190229952335,0.6038802266120911,0.10064670443534851,-0.00524411303922534,-0.004022181034088135,-0.6058350801467896,2.6159353256225586,5325704.0
148.3000030517578,55.807762145996094,0.3684821128845215,0.07948116213083267,836.1742553710938,-0.5699350237846375,1074.5462646484375,-0.9915105104446411,1007.8050537109375,-0.8702974319458008,1089.512939453125,-1.0315463542938232,0.505028247833252,0.29266294836997986,0.12762916088104248,0.11190803349018097,0.10543821007013321,0.10189702361822128,-0.005401512607932091,-0.0063039460219442844,-0.0033234390430152416,-0.003570251865312457,-0.00452016294002533,-0.005077717825770378,0.6007034778594971,0.10011724382638931,-0.005313260480761528,-0.0040502892807126045,-0.6100688576698303,2.6154849529266357,5324787.5
148.39999389648438,55.845367431640625,0.37605276703834534,0.07570642232894897,836.1173095703125,-0.5700327754020691,1074.447021484375,-0.9918505549430847,1007.718017578125,-0.8705205321311951,1089.4097900390625,-1.0321128368377686,0.5044881105422974,0.2920326888561249,0.127295583486557,0.11154834181070328,0.10498276352882385,0.101385697722435,-0.0054014576599001884,-0.006300861947238445,-0.0033478974364697933,-0.0036236471496522427,-0.004588621202856302,-0.0051482068374753,0.5974872708320618,0.09958120435476303,-0.005377298686653376,-0.004079130012542009,-0.6144129037857056,2.615034580230713,5323870.5
148.5,55.88372039794922,0.3835250735282898,0.07472291588783264,836.060302734375,-0.5701335668563843,1074.347900390625,-0.9921976923942566,1007.6309204101562,-0.8707492351531982,1089.3065185546875,-1.0326879024505615,0.5039479732513428,0.29140275716781616,0.12695956230163574,0.1111832857131958,0.10452049225568771,0.10086741298437119,-0.005401486996561289,-0.006297993008047342,-0.003372815903276205,-0.0036773227620869875,-0.004656617529690266,-0.005216772668063641,0.5942333936691284,0.09903889149427414,-0.005439260974526405,-0.00410869438201189,-0.6188660264015198,2.61458420753479,5322953.5
148.60000610351562,55.922813415527344,0.39094066619873047,0.07415590435266495,836.0032348632812,-0.5702373385429382,1074.2486572265625,-0.9925518035888672,1007.5438232421875,-0.8709837794303894,1089.2032470703125,-1.0332711935043335,0.5034077763557434,0.29077309370040894,0.12662100791931152,0.11081285774707794,0.10405144840478897,0.10034237802028656,-0.005401596426963806,-0.006295331753790379,-0.003398164873942733,-0.0037312095519155264,-0.004724023398011923,-0.00528339110314846,0.5909430384635925,0.09849050641059875,-0.00549921253696084,-0.004138977732509375,-0.6234274506568909,2.614133596420288,5322036.5
148.6999969482422,55.962623596191406,0.3981079161167145,0.07167260348796844,835.9462280273438,-0.5703442096710205,1074.1492919921875,-0.9929127097129822,1007.4567260742188,-0.8712239861488342,1089.099853515625,-1.0338622331619263,0.5028676390647888,0.2901436686515808,0.12627990543842316,0.11043703556060791,0.1035757064819336,0.09981078654527664,-0.005401782691478729,-0.006292867008596659,-0.0034238984808325768,-0.003785200882703066,-0.0047906129620969296,-0.005347703583538532,0.5876182317733765,0.09793637692928314,-0.005555275361984968,-0.004169957712292671,-0.6280937790870667,2.613682985305786,5321119.0
148.8000030517578,56.003143310546875,0.40520158410072327,0.07093656808137894,835.88916015625,-0.5704541802406311,1074.050048828125,-0.9932803511619568,1007.36962890625,-0.8714699745178223,1088.9964599609375,-1.034460425376892,0.5023274421691895,0.2895145118236542,0.12593621015548706,0.1100558191537857,0.10309335589408875,0.09927289187908173,-0.00540204206481576,-0.006290589924901724,-0.0034499820321798325,-0.003839218057692051,-0.0048562465235590935,-0.00540965748950839,0.5842605829238892,0.0973767563700676,-0.005609303247183561,-0.004201628267765045,-0.6328641176223755,2.613232374191284,5320201.5
148.89999389648438,56.044368743896484,0.41224271059036255,0.07041145861148834,835.8321533203125,-0.5705673694610596,1073.95068359375,-0.9936545491218567,1007.282470703125,-0.8717216849327087,1088.8929443359375,-1.0350655317306519,0.5017871856689453,0.28888556361198425,0.12558989226818085,0.10966919362545013,0.10260448604822159,0.09872891008853912,-0.005402371287345886,-0.00628849258646369,-0.003476386424154043,-0.003893199609592557,-0.004920835606753826,-0.005469333380460739,0.5808711647987366,0.09681186079978943,-0.00566129432991147,-0.004233985207974911,-0.6377378106117249,2.612781524658203,5319283.5
149.0,56.08629608154297,0.41926977038383484,0.0702705830335617,835.7750854492188,-0.5706837177276611,1073.851318359375,-0.9940353035926819,1007.1952514648438,-0.8719790577888489,1088.7894287109375,-1.035677194595337,0.5012469291687012,0.28825679421424866,0.12524092197418213,0.10927717387676239,0.10210921615362167,0.09817907214164734,-0.005402768030762672,-0.006286569405347109,-0.003503086743876338,-0.003947093617171049,-0.0049843210726976395,-0.0055268569849431515,0.5774511694908142,0.09624186158180237,-0.0057115983217954636,-0.004267027601599693,-0.64271479845047,2.612330675125122,5318366.0
149.10000610351562,56.128929138183594,0.42633551359176636,0.07065753638744354,835.718017578125,-0.5708032846450806,1073.7518310546875,-0.9944224953651428,1007.1080322265625,-0.8722422122955322,1088.6859130859375,-1.0362952947616577,0.500706672668457,0.2876282334327698,0.12488926202058792,0.10887977480888367,0.10160765796899796,0.09762357175350189,-0.005403230432420969,-0.006284814327955246,-0.0035300632007420063,-0.0040008616633713245,-0.005046681966632605,-0.005582424812018871,0.5740013122558594,0.09566688537597656,-0.00576065806671977,-0.0043007610365748405,-0.6477957963943481,2.611879825592041,5317448.0
149.1999969482422,56.172279357910156,0.4335131347179413,0.07177615165710449,835.660888671875,-0.5709260702133179,1073.6524658203125,-0.9948161244392395,1007.0208129882812,-0.8725109696388245,1088.5821533203125,-1.0369195938110352,0.5001662969589233,0.28699982166290283,0.12453489750623703,0.10847700387239456,0.10109991580247879,0.0970626100897789,-0.005403757560998201,-0.006283225025981665,-0.00355730252340436,-0.004054483957588673,-0.005107944365590811,-0.005636326968669891,0.5705221891403198,0.09508702903985977,-0.005809085909277201,-0.0043351962231099606,-0.6529825329780579,2.611428737640381,5316529.5
149.3000030517578,56.21635437011719,0.4407428503036499,0.07229720801115036,835.6038208007812,-0.5710521936416626,1073.5528564453125,-0.9952160716056824,1006.9335327148438,-0.8727854490280151,1088.478515625,-1.0375500917434692,0.49962589144706726,0.2863715887069702,0.12417779117822647,0.10806888341903687,0.10058610141277313,0.0964963287115097,-0.00540434755384922,-0.006281797308474779,-0.0035847886465489864,-0.004107932560145855,-0.005168109200894833,-0.005688704550266266,0.5670143365859985,0.09450238943099976,-0.005856245756149292,-0.004370339214801788,-0.6582759618759155,2.6109776496887207,5315611.0
149.39999389648438,56.26114273071289,0.4478829801082611,0.0714011937379837,835.5466918945312,-0.57118159532547,1073.453369140625,-0.9956222176551819,1006.8462524414062,-0.8730655312538147,1088.3746337890625,-1.0381861925125122,0.4990854263305664,0.28574347496032715,0.12381792813539505,0.10765542089939117,0.10006632655858994,0.09592489898204803,-0.005404997617006302,-0.006280523259192705,-0.0036124924663454294,-0.004161147400736809,-0.005227088462561369,-0.0057393936440348625,0.5634791254997253,0.09391319006681442,-0.005900895688682795,-0.004406183026731014,-0.6636748313903809,2.6105263233184814,5314692.5
149.5,56.3066520690918,0.4550997018814087,0.07216715812683105,835.4895629882812,-0.5713143348693848,1073.353759765625,-0.9960345029830933,1006.7589111328125,-0.8733512163162231,1088.2708740234375,-1.0388277769088745,0.4985449016094208,0.28511548042297363,0.12345528602600098,0.10723665356636047,0.09954071789979935,0.09534847736358643,-0.005405705887824297,-0.00627939822152257,-0.0036403953563421965,-0.00421409634873271,-0.005284870974719524,-0.005788487382233143,0.5599173903465271,0.09331956505775452,-0.005944649688899517,-0.0044427355751395226,-0.6691805124282837,2.610074996948242,5313773.5
149.60000610351562,56.352874755859375,0.46219488978385925,0.07095186412334442,835.4324340820312,-0.5714504718780518,1073.254150390625,-0.9964528679847717,1006.6715698242188,-0.8736425042152405,1088.1668701171875,-1.0394744873046875,0.498004287481308,0.2844875752925873,0.12308984249830246,0.10681261122226715,0.09900939464569092,0.09476722776889801,-0.005406469106674194,-0.006278413813561201,-0.0036684675142169,-0.004266717471182346,-0.005341365002095699,-0.005835800897330046,0.5563303828239441,0.09272173792123795,-0.005985557101666927,-0.004479986149817705,-0.6747913360595703,2.609623432159424,5312854.5
149.6999969482422,56.399776458740234,0.4690319001674652,0.06837017834186554,835.3753051757812,-0.5715899467468262,1073.154541015625,-0.9968770146369934,1006.584228515625,-0.8739392757415771,1088.06298828125,-1.040125846862793,0.4974636137485504,0.2838597893714905,0.1227215826511383,0.1063833236694336,0.0984724909067154,0.0941813662648201,-0.005407282616943121,-0.006277558393776417,-0.0036966633051633835,-0.0043189143761992455,-0.005396383814513683,-0.005880884826183319,0.5527204275131226,0.09212006628513336,-0.006022615823894739,-0.004517911467701197,-0.680503785610199,2.6091718673706055,5311935.0
149.8000030517578,56.447330474853516,0.47554710507392883,0.06515194475650787,835.318115234375,-0.571732759475708,1073.0548095703125,-0.997306764125824,1006.4967651367188,-0.8742415904998779,1087.9588623046875,-1.0407809019088745,0.4969228208065033,0.28323206305503845,0.12235050648450851,0.10594884306192398,0.0979301705956459,0.0935911312699318,-0.005408140830695629,-0.00627681752666831,-0.003724931739270687,-0.004370575770735741,-0.0054497080855071545,-0.0059232572093605995,0.5490898489952087,0.09151497483253479,-0.006055398844182491,-0.004556481726467609,-0.6863133311271667,2.608720302581787,5311015.5
149.89999389648438,56.4954719543457,0.4814198315143585,0.058727338910102844,835.2609252929688,-0.5718790292739868,1072.955078125,-0.9977417588233948,1006.4093627929688,-0.8745492696762085,1087.854736328125,-1.0414389371871948,0.4963819682598114,0.2826044261455536,0.12197659909725189,0.10550923645496368,0.09738261997699738,0.09299682825803757,-0.00540903490036726,-0.00627617072314024,-0.0037531969137489796,-0.00442153075709939,-0.005500967614352703,-0.005962032824754715,0.545442521572113,0.09090708941221237,-0.006081221159547567,-0.004595635458827019,-0.692210853099823,2.6082684993743896,5310095.5
150.0,56.544132232666016,0.4865778684616089,0.0515805147588253,835.2037353515625,-0.572028636932373,1072.855224609375,-0.9981815814971924,1006.3218994140625,-0.8748622536659241,1087.7506103515625,-1.0420986413955688,0.49584102630615234,0.2819768190383911,0.12159986793994904,0.10506457090377808,0.09683007001876831,0.09239887446165085,-0.005409955978393555,-0.006275593768805265,-0.0037813731469213963,-0.004471587482839823,-0.005549747962504625,-0.005996328312903643,0.5417826771736145,0.09029711037874222,-0.006099839229136705,-0.00463530607521534,-0.6981861591339111,2.607816696166992,5309175.5
150.10000610351562,56.59321975708008,0.4908963441848755,0.043184544891119,835.1465454101562,-0.5721817016601562,1072.75537109375,-0.9986257553100586,1006.234375,-0.8751804232597351,1087.6463623046875,-1.0427587032318115,0.4952999949455261,0.2813493013381958,0.12122032791376114,0.10461495816707611,0.0962727814912796,0.09179775416851044,-0.005410892888903618,-0.006275061517953873,-0.0038093666080385447,-0.004520537797361612,-0.005595609080046415,-0.006025295238941908,0.5381150245666504,0.0896858349442482,-0.006110344547778368,-0.004675413481891155,-0.7042272686958313,2.6073646545410156,5308255.5
150.1999969482422,56.64265441894531,0.494330495595932,0.03434155508875847,835.0892944335938,-0.5723381638526917,1072.655517578125,-0.9990739226341248,1006.1468505859375,-0.8755037188529968,1087.5421142578125,-1.0434178113937378,0.49475884437561035,0.2807218134403229,0.12083800882101059,0.10416051745414734,0.09571107476949692,0.0911940410733223,-0.005411834456026554,-0.00627454649657011,-0.0038370811380445957,-0.004568169824779034,-0.005638119764626026,-0.006048216018825769,0.5344445109367371,0.08907409012317657,-0.00611261697486043,-0.0047158729285001755,-0.7103213667869568,2.60691237449646,5307335.0
150.3000030517578,56.692352294921875,0.4969795048236847,0.02649017609655857,835.0320434570312,-0.5724980235099792,1072.5555419921875,-0.9995254874229431,1006.0592651367188,-0.8758318424224854,1087.437744140625,-1.0440747737884521,0.4942176043987274,0.2800943851470947,0.12045292556285858,0.1037013828754425,0.09514530003070831,0.09058835357427597,-0.005412771832197905,-0.006274024024605751,-0.003864429658278823,-0.004614299163222313,-0.005676941946148872,-0.006064731162041426,0.5307756662368774,0.08846261352300644,-0.006107677239924669,-0.004756609909236431,-0.7164573669433594,2.6064600944519043,5306414.0
150.39999389648438,56.74222946166992,0.49879980087280273,0.018203021958470345,834.9747924804688,-0.572661280632019,1072.45556640625,-0.9999800324440002,1005.9716796875,-0.8761647343635559,1087.333251953125,-1.0447285175323486,0.4936763048171997,0.27946701645851135,0.12006513774394989,0.10323771834373474,0.09457584470510483,0.08998134732246399,-0.005413693841546774,-0.006273470353335142,-0.0038913278840482235,-0.004658748861402273,-0.00571177015081048,-0.006074583623558283,0.5271129608154297,0.08785215765237808,-0.0060952468775212765,-0.0047975447960197926,-0.7226231098175049,2.6060078144073486,5305493.0
150.5,56.79222869873047,0.4999680817127228,0.011682780459523201,834.9175415039062,-0.5728278160095215,1072.3555908203125,-1.0004371404647827,1005.884033203125,-0.8765020966529846,1087.228759765625,-1.0453779697418213,0.49313488602638245,0.27883970737457275,0.1196746826171875,0.10276970267295837,0.0940031111240387,0.08937369287014008,-0.005414593033492565,-0.006272864528000355,-0.00391770526766777,-0.004701381083577871,-0.005742418579757214,-0.006077871657907963,0.5234600901603699,0.08724334836006165,-0.006076994352042675,-0.004838615655899048,-0.7288093566894531,2.605555295944214,5304571.5
150.60000610351562,56.84229278564453,0.5006499290466309,0.0068182023242115974,834.8602294921875,-0.5729977488517761,1072.2554931640625,-1.0008964538574219,1005.79638671875,-0.8768437504768372,1087.1241455078125,-1.0460224151611328,0.492593377828598,0.27821242809295654,0.11928161978721619,0.10229752212762833,0.09342752397060394,0.08876601606607437,-0.005415462423115969,-0.0062721907161176205,-0.003943509887903929,-0.00474210549145937,-0.0057688322849571705,-0.006075025070458651,0.5198200345039368,0.08663666993379593,-0.006054265890270472,-0.004879775922745466,-0.7350090146064758,2.6051025390625,5303650.0
150.6999969482422,56.892372131347656,0.5007950663566589,0.0014514337526634336,834.8029174804688,-0.5731710195541382,1072.1553955078125,-1.0013575553894043,1005.7086791992188,-0.877189576625824,1087.01953125,-1.0466610193252563,0.49205178022384644,0.2775852680206299,0.11888600140810013,0.10182136297225952,0.09284951537847519,0.08815892040729523,-0.0054162959568202496,-0.006271434016525745,-0.003968690987676382,-0.004780836869031191,-0.0057909670285880566,-0.006066380068659782,0.5161955952644348,0.08603259921073914,-0.006026683375239372,-0.004920973442494869,-0.7412143349647522,2.604649782180786,5302728.0
150.8000030517578,56.94242858886719,0.5005573630332947,-0.002376850927248597,834.74560546875,-0.5733474493026733,1072.0552978515625,-1.0018200874328613,1005.6209106445312,-0.8775392174720764,1086.914794921875,-1.0472933053970337,0.4915101230144501,0.276958167552948,0.11848790943622589,0.10134143382310867,0.09226950258016586,0.08755294978618622,-0.005417088512331247,-0.006270581856369972,-0.003993210848420858,-0.004817520268261433,-0.0058088600635528564,-0.006052431184798479,0.512589156627655,0.0854315236210823,-0.005995666608214378,-0.0049621714279055595,-0.7474197745323181,2.604196786880493,5301806.0
150.89999389648438,56.992427825927734,0.5000085234642029,-0.00548816891387105,834.6882934570312,-0.5735271573066711,1071.955078125,-1.0022838115692139,1005.5331420898438,-0.8778924942016602,1086.81005859375,-1.0479187965393066,0.49096837639808655,0.2763311564922333,0.11808738857507706,0.1008579432964325,0.09168791025876999,0.08694862574338913,-0.005417835898697376,-0.006269624922424555,-0.004017040133476257,-0.004852126352488995,-0.005822609178721905,-0.006033741403371096,0.5090025067329407,0.08483374863862991,-0.005961772985756397,-0.0050033400766551495,-0.7536207437515259,2.6037437915802,5300883.5
151.0,57.0423469543457,0.49915963411331177,-0.008489285595715046,834.6309204101562,-0.573710024356842,1071.854736328125,-1.0027484893798828,1005.4453735351562,-0.8782492280006409,1086.7052001953125,-1.048537015914917,0.49042654037475586,0.2757042348384857,0.11768452823162079,0.1003710925579071,0.0911051407456398,0.08634638041257858,-0.005418534856289625,-0.006268553901463747,-0.004040154162794352,-0.004884633235633373,-0.005832324735820293,-0.006010799668729305,0.5054372549057007,0.08423954248428345,-0.005925157573074102,-0.005044450517743826,-0.7598129510879517,2.603290557861328,5299961.0
151.10000610351562,57.09214782714844,0.49803727865219116,-0.011223544366657734,834.5735473632812,-0.5738959908485413,1071.7545166015625,-1.0032137632369995,1005.3575439453125,-0.8786091804504395,1086.600341796875,-1.0491478443145752,0.4898846745491028,0.2750774323940277,0.11727938801050186,0.09988109767436981,0.09052159637212753,0.08574662357568741,-0.005419181659817696,-0.006267361808568239,-0.004062531050294638,-0.004915029276162386,-0.005838131532073021,-0.005984039045870304,0.501895010471344,0.0836491659283638,-0.005886129569262266,-0.005085475742816925,-0.7659923434257507,2.602837085723877,5299038.0
151.1999969482422,57.141849517822266,0.4970233738422394,-0.01013890653848648,834.51611328125,-0.5740849375724792,1071.6541748046875,-1.0036795139312744,1005.2696533203125,-0.878972053527832,1086.4954833984375,-1.0497510433197021,0.48934271931648254,0.27445077896118164,0.11687204986810684,0.09938816726207733,0.08993765711784363,0.08514969050884247,-0.005419776309281588,-0.0062660472467541695,-0.004084176849573851,-0.004943370819091797,-0.005840330384671688,-0.005954361986368895,0.4983758330345154,0.08306263387203217,-0.005847669672220945,-0.005126426462084055,-0.7721604704856873,2.602383613586426,5298114.5
151.3000030517578,57.191505432128906,0.49655118584632874,-0.004721785895526409,834.4586791992188,-0.5742769241333008,1071.5537109375,-1.004145622253418,1005.1817016601562,-0.8793377876281738,1086.390380859375,-1.0503473281860352,0.48880070447921753,0.2738242447376251,0.1164625808596611,0.09889250248670578,0.08935365825891495,0.08455580472946167,-0.0054203225299716,-0.006264620926231146,-0.004105134401470423,-0.0049698022194206715,-0.005839441437274218,-0.005923192948102951,0.4948780834674835,0.08247967809438705,-0.005812784656882286,-0.005167354829609394,-0.7783252000808716,2.6019299030303955,5297191.0
151.39999389648438,57.24118423461914,0.4967789351940155,0.002277457620948553,834.4012451171875,-0.5744717717170715,1071.453369140625,-1.0046123266220093,1005.09375,-0.879706084728241,1086.285400390625,-1.0509374141693115,0.4882586598396301,0.27319785952568054,0.11605104804039001,0.09839427471160889,0.08876986801624298,0.08396504819393158,-0.0054208263754844666,-0.006263095885515213,-0.0041254619136452675,-0.00499450508505106,-0.005836059805005789,-0.0058919508010149,0.49139922857284546,0.08189987391233444,-0.005782329943031073,-0.005208327900618315,-0.7844967246055603,2.6014761924743652,5296267.0
151.5,57.29096221923828,0.4977799654006958,0.01001027226448059,834.3438110351562,-0.5746694803237915,1071.352783203125,-1.0050796270370483,1005.0057983398438,-0.8800768256187439,1086.18017578125,-1.0515220165252686,0.48771655559539795,0.2725716233253479,0.11563751101493835,0.09789366275072098,0.08818651735782623,0.08337736874818802,-0.005421293433755636,-0.006261487957090139,-0.004145223647356033,-0.005017672199755907,-0.005830772221088409,-0.005861829500645399,0.48793646693229675,0.08132274448871613,-0.005756708327680826,-0.005249421112239361,-0.790686309337616,2.6010220050811768,5295343.0
151.60000610351562,57.34091567993164,0.49953800439834595,0.017580298706889153,834.2863159179688,-0.5748699307441711,1071.2523193359375,-1.0055477619171143,1004.9177856445312,-0.8804499506950378,1086.0750732421875,-1.0521020889282227,0.487174391746521,0.2719455659389496,0.1152220219373703,0.0973907932639122,0.08760376274585724,0.08279259502887726,-0.005421730224043131,-0.006259813439100981,-0.0041644820012152195,-0.005039488896727562,-0.005824113730341196,-0.005833708681166172,0.48448699712753296,0.08074783533811569,-0.005735684186220169,-0.00529070757329464,-0.7969050407409668,2.6005680561065674,5294418.5
151.6999969482422,57.39110565185547,0.5018816590309143,0.023436682298779488,834.2288208007812,-0.5750730037689209,1071.1517333984375,-1.0060166120529175,1004.8297119140625,-0.8808252215385437,1085.9698486328125,-1.0526782274246216,0.48663219809532166,0.2713196575641632,0.11480463296175003,0.0968858078122139,0.08702173084020615,0.08221051841974258,-0.005422142334282398,-0.0062580835074186325,-0.004183287266641855,-0.005060102790594101,-0.005816491786390543,-0.005807989742606878,0.4810486137866974,0.0801747664809227,-0.005717954132705927,-0.005332244094461203,-0.8031614422798157,2.6001136302948,5293493.5
151.8000030517578,57.4415397644043,0.504372239112854,0.024905791506171227,834.1713256835938,-0.5752787590026855,1071.0511474609375,-1.006486177444458,1004.7415771484375,-0.8812026381492615,1085.864501953125,-1.0532506704330444,0.4860899746417999,0.27069392800331116,0.11438538134098053,0.09637881815433502,0.08644049614667892,0.08163090795278549,-0.005422530230134726,-0.00625630235299468,-0.004201657138764858,-0.005079580005258322,-0.005808066111057997,-0.005784318316727877,0.4776207208633423,0.07960345596075058,-0.005700436420738697,-0.005374046042561531,-0.8094577789306641,2.5996592044830322,5292568.0
151.89999389648438,57.492218017578125,0.5067489743232727,0.023767394945025444,834.11376953125,-0.5754870176315308,1070.950439453125,-1.0069564580917358,1004.6534423828125,-0.8815820217132568,1085.7591552734375,-1.053819179534912,0.4855476915836334,0.2700684070587158,0.11396431922912598,0.09586993604898453,0.08586014062166214,0.08105359226465225,-0.005422892980277538,-0.006254466716200113,-0.004219584632664919,-0.005097927059978247,-0.005798825062811375,-0.005761946551501751,0.474203884601593,0.0790339782834053,-0.005681576207280159,-0.005416101776063442,-0.8157923817634583,2.5992045402526855,5291642.5
152.0,57.54311752319336,0.509026050567627,0.022770380601286888,834.0562133789062,-0.5756977200508118,1070.8497314453125,-1.0074273347854614,1004.5652465820312,-0.8819633722305298,1085.65380859375,-1.0543837547302246,0.48500537872314453,0.2694430351257324,0.11354148387908936,0.09535927325487137,0.08528076112270355,0.0804784744977951,-0.0054232291877269745,-0.00625257333740592,-0.004237061832100153,-0.005115142557770014,-0.005788741633296013,-0.005740267690271139,0.4707987904548645,0.07846646755933762,-0.005661643575876951,-0.005458402447402477,-0.8221638798713684,2.598749876022339,5290717.0
152.10000610351562,57.59425735473633,0.5113742351531982,0.023482337594032288,833.9986572265625,-0.5759108066558838,1070.7489013671875,-1.0078984498977661,1004.47705078125,-0.882346510887146,1085.54833984375,-1.0549442768096924,0.48446306586265564,0.2688179016113281,0.11311691999435425,0.0948469489812851,0.08470242470502853,0.07990550994873047,-0.005423538852483034,-0.006250621285289526,-0.004254091996699572,-0.005131254903972149,-0.005777869373559952,-0.005719062872231007,0.4674055874347687,0.07790093123912811,-0.005641810595989227,-0.005500955507159233,-0.8285733461380005,2.598294734954834,5289790.5
152.1999969482422,57.645660400390625,0.5140563249588013,0.026820851489901543,833.9410400390625,-0.5761261582374573,1070.6480712890625,-1.008370041847229,1004.3887939453125,-0.8827313780784607,1085.4427490234375,-1.0555009841918945,0.483920693397522,0.26819291710853577,0.11269067972898483,0.09433306008577347,0.08412520587444305,0.07933462411165237,-0.005423823371529579,-0.006248615216463804,-0.004270696081221104,-0.005146337207406759,-0.005766381975263357,-0.005698554217815399,0.4640234112739563,0.07733723521232605,-0.0056237573735415936,-0.005543793551623821,-0.8350257873535156,2.597839832305908,5288864.0
152.3000030517578,57.69733428955078,0.5167407393455505,0.026843983680009842,833.8834228515625,-0.576343834400177,1070.5472412109375,-1.0088419914245605,1004.300537109375,-0.8831178545951843,1085.337158203125,-1.0560539960861206,0.4833782911300659,0.2675681710243225,0.1122628003358841,0.09381771832704544,0.08354916423559189,0.07876576483249664,-0.00542408274486661,-0.006246555596590042,-0.0042868792079389095,-0.005160418339073658,-0.005754325073212385,-0.005678548477590084,0.46065232157707214,0.07677538692951202,-0.005605021957308054,-0.005586917512118816,-0.8415212035179138,2.597384452819824,5287937.0
152.39999389648438,57.74925994873047,0.5192492604255676,0.02508540078997612,833.8257446289062,-0.5765635967254639,1070.4464111328125,-1.0093140602111816,1004.212158203125,-0.8835058808326721,1085.2315673828125,-1.056603193283081,0.4828358590602875,0.2669436037540436,0.11183331906795502,0.09330102056264877,0.08297435939311981,0.07819890230894089,-0.0054243155755102634,-0.0062444377690553665,-0.0043026297353208065,-0.00517348712310195,-0.0057416316121816635,-0.005658572539687157,0.45729315280914307,0.07621552795171738,-0.005584662780165672,-0.005630310159176588,-0.8480571508407593,2.5969290733337402,5287010.0
152.5,57.80141067504883,0.521489679813385,0.022404085844755173,833.7681274414062,-0.5767855048179626,1070.345458984375,-1.0097861289978027,1004.1238403320312,-0.8838953375816345,1085.1258544921875,-1.0571480989456177,0.48229342699050903,0.26631927490234375,0.11140228807926178,0.09278306365013123,0.0824008658528328,0.0776340588927269,-0.00542451860383153,-0.006242255214601755,-0.004317928105592728,-0.005185514222830534,-0.0057281912304461,-0.005638123489916325,0.4539470970630646,0.07565785199403763,-0.005562193691730499,-0.005673945881426334,-0.8546297550201416,2.596473217010498,5286082.0
152.60000610351562,57.85374450683594,0.5233513712882996,0.018616613000631332,833.7103881835938,-0.5770094394683838,1070.244384765625,-1.0102579593658447,1004.035400390625,-0.884286105632782,1085.0201416015625,-1.0576883554458618,0.4817509651184082,0.26569515466690063,0.11096975207328796,0.09226395934820175,0.0818287581205368,0.07707130908966064,-0.005424689035862684,-0.006240000016987324,-0.004332749638706446,-0.00519645307213068,-0.005713853985071182,-0.005616672802716494,0.4506157338619232,0.07510261982679367,-0.005536982323974371,-0.005717788357287645,-0.8612334728240967,2.596017599105835,5285154.0
152.6999969482422,57.90626907348633,0.5252407789230347,0.018893973901867867,833.6527099609375,-0.5772353410720825,1070.143310546875,-1.010729432106018,1003.9469604492188,-0.8846781253814697,1084.914306640625,-1.0582239627838135,0.4812085032463074,0.2650712728500366,0.11053575575351715,0.09174381196498871,0.081258125603199,0.07651074975728989,-0.005424825474619865,-0.006237670313566923,-0.004347091540694237,-0.00520631717517972,-0.005698638968169689,-0.005594311747699976,0.44729939103126526,0.07454989850521088,-0.0055118100717663765,-0.005761840846389532,-0.8678687810897827,2.5955615043640137,5284226.0
152.8000030517578,57.95903015136719,0.5276269316673279,0.023861968889832497,833.594970703125,-0.5774630904197693,1070.042236328125,-1.0112006664276123,1003.8584594726562,-0.8850712776184082,1084.8084716796875,-1.0587552785873413,0.48066601157188416,0.2644476294517517,0.11010035127401352,0.09122273325920105,0.08068905025720596,0.0759524405002594,-0.005424931645393372,-0.006235272623598576,-0.0043609850108623505,-0.005215200129896402,-0.005682789720594883,-0.005571797024458647,0.4439968764781952,0.07399947941303253,-0.005489433649927378,-0.005806151777505875,-0.8745430707931519,2.5951054096221924,5283297.0
152.89999389648438,58.012123107910156,0.5309282541275024,0.033012811094522476,833.5372314453125,-0.5776926875114441,1069.941162109375,-1.011671781539917,1003.7699584960938,-0.8854655027389526,1084.70263671875,-1.0592830181121826,0.48012351989746094,0.2638242244720459,0.10966357588768005,0.09070080518722534,0.08012156933546066,0.0753963366150856,-0.005425012670457363,-0.00623282277956605,-0.0043744901195168495,-0.005223268177360296,-0.005666729528456926,-0.005550304427742958,0.44070544838905334,0.07345090806484222,-0.005472193006426096,-0.005850810557603836,-0.8812697529792786,2.594649076461792,5282368.0
153.0,58.065616607666016,0.5349199175834656,0.03991672024130821,833.4794311523438,-0.5779240131378174,1069.8399658203125,-1.0121427774429321,1003.681396484375,-0.8858606219291687,1084.5966796875,-1.0598078966140747,0.47958099842071533,0.2632010877132416,0.10922546684741974,0.09017810225486755,0.0795556977391243,0.07484229654073715,-0.0054250736720860004,-0.006230332888662815,-0.004387657158076763,-0.005230659153312445,-0.005650784820318222,-0.0055305240675807,0.43742281198501587,0.07290379703044891,-0.005458318628370762,-0.005895885638892651,-0.8880590796470642,2.5941925048828125,5281438.5
153.10000610351562,58.11956024169922,0.5394226312637329,0.04502734914422035,833.421630859375,-0.5781570076942444,1069.7386474609375,-1.0126138925552368,1003.5927734375,-0.886256754398346,1084.4906005859375,-1.0603303909301758,0.4790385067462921,0.26257815957069397,0.10878605395555496,0.08965469151735306,0.07899139821529388,0.07429013401269913,-0.005425119306892157,-0.006227811798453331,-0.004400521516799927,-0.005237469915300608,-0.005635158158838749,-0.00551267247647047,0.4341473877429962,0.0723579004406929,-0.005446774885058403,-0.00594142684713006,-0.89491868019104,2.593735694885254,5280508.5
153.1999969482422,58.17396545410156,0.5440708994865417,0.04648269712924957,833.36376953125,-0.5783916711807251,1069.637451171875,-1.0130850076675415,1003.504150390625,-0.8866536617279053,1084.384521484375,-1.0608506202697754,0.4784959852695465,0.26195549964904785,0.10834537446498871,0.08913062512874603,0.07842864096164703,0.0737396776676178,-0.005425149109214544,-0.0062252613715827465,-0.004413094371557236,-0.00524373771622777,-0.005619876552373171,-0.00549642788246274,0.43087878823280334,0.07181313633918762,-0.005435329396277666,-0.005987449549138546,-0.9018507599830627,2.5932788848876953,5279578.5
153.3000030517578,58.228851318359375,0.5488535165786743,0.04782603681087494,833.3059692382812,-0.5786280632019043,1069.5360107421875,-1.0135562419891357,1003.4154052734375,-0.8870515823364258,1084.2784423828125,-1.061368465423584,0.4779534637928009,0.2613331377506256,0.10790330171585083,0.08860589563846588,0.07786757498979568,0.07319094240665436,-0.0054251630790531635,-0.006222681608051062,-0.004425356164574623,-0.005249442998319864,-0.005605014972388744,-0.005481709726154804,0.4276173710823059,0.07126956433057785,-0.005429035052657127,-0.00603396724909544,-0.9088574647903442,2.5928215980529785,5278648.0
153.39999389648438,58.28422927856445,0.5537853240966797,0.04931800812482834,833.248046875,-0.5788657069206238,1069.4346923828125,-1.0140273571014404,1003.3267211914062,-0.8874501585960388,1084.1722412109375,-1.0618844032287598,0.4774109423160553,0.26071101427078247,0.10746016353368759,0.08808068186044693,0.0773077979683876,0.0726434513926506,-0.005425164941698313,-0.006220079027116299,-0.004437375348061323,-0.005254718940705061,-0.005590454209595919,-0.005467860959470272,0.42436155676841736,0.0707269236445427,-0.005412672646343708,-0.006080996245145798,-0.9159411191940308,2.5923643112182617,5277717.0
153.5,58.34011459350586,0.5588382482528687,0.05052941292524338,833.190185546875,-0.579105019569397,1069.333251953125,-1.0144984722137451,1003.2379150390625,-0.8878495097160339,1084.0660400390625,-1.062397837638855,0.4768684208393097,0.2600891590118408,0.1070156991481781,0.0875549167394638,0.07674963772296906,0.07209748029708862,-0.005425150040537119,-0.006217444781213999,-0.004449083935469389,-0.005259449128061533,-0.0055762059055268764,-0.005454773548990488,0.42111319303512573,0.07018553465604782,-0.005407245364040136,-0.006128548178821802,-0.9231035113334656,2.591907024383545,5276785.5
153.60000610351562,58.396480560302734,0.5636656284332275,0.0482734851539135,833.1322631835938,-0.579345703125,1069.2318115234375,-1.0149693489074707,1003.1491088867188,-0.8882496356964111,1083.9598388671875,-1.0629090070724487,0.4763259291648865,0.25946760177612305,0.1065700426697731,0.08702868968248367,0.0761929303407669,0.0715528130531311,-0.005425119306892157,-0.006214782129973173,-0.004460509400814772,-0.005263692233711481,-0.005562213249504566,-0.005442144349217415,0.41787177324295044,0.06964529305696487,-0.005394747015088797,-0.006176602095365524,-0.9303416013717651,2.59144926071167,5275854.0
153.6999969482422,58.45331573486328,0.5683678388595581,0.04702217876911163,833.0742797851562,-0.5795875191688538,1069.1302490234375,-1.0154399871826172,1003.060302734375,-0.8886502385139465,1083.853515625,-1.063417911529541,0.47578340768814087,0.258846253156662,0.1061234325170517,0.08650212734937668,0.07563740760087967,0.07100923359394073,-0.0054250722751021385,-0.006212085019797087,-0.004471666179597378,-0.00526744918897748,-0.00554815074428916,-0.005429003853350878,0.414637953042984,0.069106325507164,-0.0053748684003949165,-0.006225147284567356,-0.9376536011695862,2.590991497039795,5274921.5
153.8000030517578,58.51060104370117,0.572838544845581,0.04470745846629143,833.0162963867188,-0.5798307657241821,1069.0286865234375,-1.015910267829895,1002.9713745117188,-0.8890515565872192,1083.7470703125,-1.0639235973358154,0.47524091601371765,0.2582252323627472,0.10567555576562881,0.08597517758607864,0.07508350908756256,0.07046721875667572,-0.005425002425909042,-0.006209341809153557,-0.004482463002204895,-0.0052705672569572926,-0.005534010007977486,-0.0054153879173099995,0.4114144742488861,0.06856907904148102,-0.005365095101296902,-0.006274160463362932,-0.9450362324714661,2.5905332565307617,5273989.0
153.89999389648438,58.568294525146484,0.5769291520118713,0.0409059040248394,832.9583129882812,-0.5800750255584717,1068.927001953125,-1.016379952430725,1002.8824462890625,-0.8894532918930054,1083.640625,-1.0644264221191406,0.47469842433929443,0.2576044201850891,0.1052267849445343,0.08544798940420151,0.07453082501888275,0.06992638856172562,-0.00542491115629673,-0.00620655482634902,-0.004492959473282099,-0.005273133050650358,-0.00551955122500658,-0.0054006692953407764,0.4082004725933075,0.06803341209888458,-0.005340497940778732,-0.0063236067071557045,-0.9524840116500854,2.5900750160217285,5273056.0
154.0,58.626365661621094,0.5807144045829773,0.03785223513841629,832.9003295898438,-0.5803204774856567,1068.825439453125,-1.0168488025665283,1002.7935180664062,-0.8898555040359497,1083.5341796875,-1.0649255514144897,0.4741559326648712,0.2569839060306549,0.10477697849273682,0.08492057770490646,0.07397961616516113,0.06938712298870087,-0.005424791947007179,-0.006203708238899708,-0.004503078293055296,-0.005274998024106026,-0.005504565313458443,-0.005384413525462151,0.4049990475177765,0.06749984622001648,-0.005320612341165543,-0.006373456213623285,-0.9599924683570862,2.5896167755126953,5272123.0
154.10000610351562,58.684776306152344,0.5841259956359863,0.03411644697189331,832.84228515625,-0.5805670619010925,1068.7236328125,-1.0173169374465942,1002.7044677734375,-0.8902580142021179,1083.427734375,-1.0654207468032837,0.473613440990448,0.2563636898994446,0.10432618111371994,0.08439301699399948,0.07342992722988129,0.06884955614805222,-0.005424643866717815,-0.006200798787176609,-0.004512809682637453,-0.005276146344840527,-0.005488994996994734,-0.0053666820749640465,0.4018109440803528,0.06696848571300507,-0.00529763288795948,-0.006423672661185265,-0.9675562381744385,2.589158058166504,5271189.0
154.1999969482422,58.74349594116211,0.587177574634552,0.03051554039120674,832.7841796875,-0.5808146595954895,1068.6219482421875,-1.0177838802337646,1002.615478515625,-0.8906608819961548,1083.3211669921875,-1.0659116506576538,0.47307100892066956,0.25574374198913574,0.10387443751096725,0.08386537432670593,0.07288184016942978,0.0683138445019722,-0.00542446319013834,-0.006197818089276552,-0.00452212942764163,-0.005276528652757406,-0.0054726931266486645,-0.005347250495105982,0.3986375331878662,0.06643959134817123,-0.005272499285638332,-0.006474221125245094,-0.9751700162887573,2.5886993408203125,5270255.0
154.3000030517578,58.80246353149414,0.5896599292755127,0.024823486804962158,832.72607421875,-0.5810632705688477,1068.5201416015625,-1.0182496309280396,1002.5263671875,-0.891063928604126,1083.2144775390625,-1.066397786140442,0.4725285470485687,0.25512412190437317,0.10342177748680115,0.08333773910999298,0.07233542948961258,0.06778017431497574,-0.005424245726317167,-0.006194757297635078,-0.00453100586310029,-0.005276076029986143,-0.005455470643937588,-0.005325780250132084,0.3954806923866272,0.06591344624757767,-0.005244044587016106,-0.006525046192109585,-0.982825517654419,2.588240146636963,5269320.5
154.39999389648438,58.86162567138672,0.5916445255279541,0.019845744594931602,832.66796875,-0.5813128352165222,1068.4183349609375,-1.0187138319015503,1002.437255859375,-0.8914670348167419,1083.1077880859375,-1.0668787956237793,0.47198614478111267,0.2545047998428345,0.1029682531952858,0.08281019330024719,0.07179078459739685,0.06724876910448074,-0.005423987749963999,-0.006191607099026442,-0.00453941011801362,-0.0052747284062206745,-0.005437169224023819,-0.00530206598341465,0.39234212040901184,0.06539035588502884,-0.005212876014411449,-0.006576099898666143,-0.9905153512954712,2.5877809524536133,5268386.0
154.5,58.92091369628906,0.5928813219070435,0.012368133291602135,832.60986328125,-0.5815632939338684,1068.31640625,-1.0191763639450073,1002.3480834960938,-0.8918701410293579,1083.0010986328125,-1.0673540830612183,0.471443772315979,0.25388580560684204,0.10251391679048538,0.08228283375501633,0.07124803960323334,0.06671986728906631,-0.005423685070127249,-0.006188355386257172,-0.0045473030768334866,-0.005272401496767998,-0.005417573731392622,-0.005275737959891558,0.3892240524291992,0.0648706778883934,-0.0051776934415102005,-0.006627308204770088,-0.9982284903526306,2.5873215198516846,5267450.5
154.60000610351562,58.98023986816406,0.593256950378418,0.003756506135687232,832.5516967773438,-0.5818145871162415,1068.2144775390625,-1.0196369886398315,1002.2588500976562,-0.8922731280326843,1082.8944091796875,-1.067822813987732,0.47090139985084534,0.2532671391963959,0.10205881297588348,0.08175575733184814,0.07070733606815338,0.06619374454021454,-0.005423331167548895,-0.006184988655149937,-0.00455463957041502,-0.0052689965814352036,-0.00539643969386816,-0.005246379412710667,0.3861290514469147,0.06435484439134598,-0.005138162057846785,-0.006678586360067129,-1.00595223903656,2.586862087249756,5266515.0
154.6999969482422,59.039493560791016,0.592546284198761,-0.007106550969183445,832.4934692382812,-0.5820667147636414,1068.1124267578125,-1.0200952291488647,1002.1696166992188,-0.8926758766174316,1082.78759765625,-1.068284273147583,0.47035908699035645,0.25264880061149597,0.10160300880670547,0.0812290832400322,0.07016883045434952,0.06567073613405228,-0.005422919988632202,-0.006181490141898394,-0.004561364185065031,-0.0052643935196101665,-0.005373476073145866,-0.005213468335568905,0.3830602169036865,0.06384336948394775,-0.005093290936201811,-0.00672982819378376,-1.0136704444885254,2.586402177810669,5265578.5
154.8000030517578,59.09859085083008,0.5909438729286194,-0.016024231910705566,832.4352416992188,-0.5823194980621338,1068.0103759765625,-1.0205507278442383,1002.080322265625,-0.8930781483650208,1082.6806640625,-1.0687378644943237,0.46981683373451233,0.2520308494567871,0.10114656388759613,0.08070293068885803,0.06963272392749786,0.06515120714902878,-0.005422445014119148,-0.006177846342325211,-0.0045674326829612255,-0.005258496385067701,-0.005348474718630314,-0.0051768021658062935,0.3800201714038849,0.06333669275045395,-0.005044369027018547,-0.006780944764614105,-1.0213698148727417,2.585942268371582,5264642.0
154.89999389648438,59.157466888427734,0.5887882113456726,-0.021556498482823372,832.3770141601562,-0.5825729966163635,1067.9083251953125,-1.0210034847259521,1001.9910278320312,-0.8934798836708069,1082.5738525390625,-1.0691829919815063,0.4692746102809906,0.2514132559299469,0.10068955272436142,0.0801774337887764,0.06909921765327454,0.06463552266359329,-0.005421903450042009,-0.006174048874527216,-0.0045728194527328014,-0.0052512637339532375,-0.0053213806822896,-0.005136642139405012,0.3770105242729187,0.06283508986234665,-0.004993156995624304,-0.006831882055848837,-1.02904212474823,2.585482120513916,5263705.5
155.0,59.21608352661133,0.5861397385597229,-0.026485124602913857,832.3187255859375,-0.5828270316123962,1067.8062744140625,-1.0214531421661377,1001.901611328125,-0.8938809037208557,1082.4669189453125,-1.0696195363998413,0.46873244643211365,0.25079604983329773,0.10023202747106552,0.07965273410081863,0.06856853514909744,0.06412401050329208,-0.005421292036771774,-0.0061700912192463875,-0.0045775072649121284,-0.005242671351879835,-0.005292191170156002,-0.005093330517411232,0.37403255701065063,0.06233875826001167,-0.00493990071117878,-0.006882589776068926,-1.036679983139038,2.585021495819092,5262768.0
155.10000610351562,59.274383544921875,0.5830100774765015,-0.03129655867815018,832.2604370117188,-0.5830816626548767,1067.7041015625,-1.0218995809555054,1001.8121948242188,-0.8942810893058777,1082.35986328125,-1.07004714012146,0.46819037199020386,0.2501792311668396,0.0997740775346756,0.07912895828485489,0.0680408701300621,0.06361698359251022,-0.0054206084460020065,-0.0061659677885472775,-0.004581481218338013,-0.005232702009379864,-0.005260918755084276,-0.005047166254371405,0.3710874617099762,0.061847906559705734,-0.004884739406406879,-0.006933020893484354,-1.0442761182785034,2.5845611095428467,5261830.0
155.1999969482422,59.332340240478516,0.5795645713806152,-0.034454915672540665,832.2021484375,-0.5833367109298706,1067.601806640625,-1.022342562675476,1001.7227783203125,-0.8946802020072937,1082.2529296875,-1.0704656839370728,0.46764832735061646,0.24956285953521729,0.09931576251983643,0.0786062479019165,0.06751643121242523,0.06311468780040741,-0.005419850815087557,-0.0061616743914783,-0.004584735259413719,-0.005221359897404909,-0.005227632820606232,-0.004998556338250637,0.3681759238243103,0.061362653970718384,-0.00482857646420598,-0.006983143277466297,-1.0518256425857544,2.5841002464294434,5260892.0
155.3000030517578,59.389888763427734,0.5755059719085693,-0.04058583825826645,832.143798828125,-0.5835921764373779,1067.4996337890625,-1.0227818489074707,1001.63330078125,-0.895078182220459,1082.145751953125,-1.0708746910095215,0.4671064019203186,0.2489469051361084,0.09885715693235397,0.07808474451303482,0.06699542701244354,0.06261738389730453,-0.005419017281383276,-0.006157205440104008,-0.004587252624332905,-0.0052086226642131805,-0.0051923226565122604,-0.004947572480887175,0.3652992844581604,0.06088321655988693,-0.0047699445858597755,-0.007032894995063543,-1.0593194961547852,2.583639144897461,5259953.5
155.39999389648438,59.446983337402344,0.5709368586540222,-0.04569115489721298,832.0853881835938,-0.5838479399681091,1067.3973388671875,-1.0232173204421997,1001.5437622070312,-0.8954747915267944,1082.0386962890625,-1.0712741613388062,0.4665645360946655,0.24833142757415771,0.09839834272861481,0.07756458222866058,0.06647805124521255,0.06212528422474861,-0.005418104585260153,-0.006152554415166378,-0.004589018411934376,-0.0051944744773209095,-0.005154998041689396,-0.004894333425909281,0.3624586760997772,0.060409776866436005,-0.004709592554718256,-0.007082225754857063,-1.0667498111724854,2.5831780433654785,5259014.5
155.5,59.50358963012695,0.5660622715950012,-0.04874590039253235,832.0270385742188,-0.5841040015220642,1067.294921875,-1.0236488580703735,1001.4541625976562,-0.8958699107170105,1081.9315185546875,-1.071663737297058,0.466022789478302,0.24771641194820404,0.0979393869638443,0.07704590260982513,0.06596450507640839,0.06163860857486725,-0.005417111795395613,-0.006147719454020262,-0.004590030759572983,-0.005178928840905428,-0.005115744657814503,-0.0048391614109277725,0.35965466499328613,0.059942442923784256,-0.004648515954613686,-0.0071311043575406075,-1.074112057685852,2.582716464996338,5258075.0
155.60000610351562,59.55965805053711,0.560671865940094,-0.05390447750687599,831.9685668945312,-0.5843601822853088,1067.1925048828125,-1.024076223373413,1001.3645629882812,-0.8962633609771729,1081.8243408203125,-1.0720434188842773,0.46548110246658325,0.24710188806056976,0.09748037159442902,0.07652885466814041,0.06545498222112656,0.06115754321217537,-0.005416036583483219,-0.006142695900052786,-0.00459028035402298,-0.00516198156401515,-0.005074594635516405,-0.004782155156135559,0.35688814520835876,0.059481360018253326,-0.00458568474277854,-0.00717947818338871,-1.081398367881775,2.5822548866271973,5257135.5
155.6999969482422,59.61511993408203,0.5546415448188782,-0.060302916914224625,831.91015625,-0.584616482257843,1067.090087890625,-1.0244991779327393,1001.2749633789062,-0.8966550827026367,1081.7171630859375,-1.0724127292633057,0.46493956446647644,0.24648787081241608,0.09702136367559433,0.07601356506347656,0.06494966894388199,0.0606822744011879,-0.005414877086877823,-0.006137477699667215,-0.004589750897139311,-0.005143613088876009,-0.005031534470617771,-0.004723255522549152,0.3541603982448578,0.05902673304080963,-0.0045207045041024685,-0.00722728343680501,-1.0885989665985107,2.5817930698394775,5256195.0
155.8000030517578,59.66991424560547,0.5479460954666138,-0.06695444136857986,831.8516845703125,-0.5848727822303772,1066.9876708984375,-1.024917483329773,1001.1852416992188,-0.897044837474823,1081.60986328125,-1.072771430015564,0.4643981456756592,0.24587440490722656,0.0965624526143074,0.07550019025802612,0.0644487589597702,0.06021299585700035,-0.005413630045950413,-0.006132058333605528,-0.004588426556438208,-0.005123801529407501,-0.004986544139683247,-0.0046623991802334785,0.3514727056026459,0.05857878550887108,-0.004453589674085379,-0.007274453062564135,-1.0957038402557373,2.5813310146331787,5255254.5
155.89999389648438,59.72401809692383,0.5410053133964539,-0.06940789520740509,831.7931518554688,-0.5851290225982666,1066.8851318359375,-1.0253311395645142,1001.0955200195312,-0.8974324464797974,1081.5025634765625,-1.0731195211410522,0.46385684609413147,0.24526147544384003,0.0961037129163742,0.07498886436223984,0.06395243853330612,0.05974988266825676,-0.0054122949950397015,-0.0061264364048838615,-0.004586309660226107,-0.005102572496980429,-0.004939733073115349,-0.004599929321557283,0.3488254249095917,0.058137569576501846,-0.004386353772133589,-0.007320961449295282,-1.1027090549468994,2.58086895942688,5254313.5
156.0,59.77742385864258,0.5340867638587952,-0.06918521225452423,831.734619140625,-0.5853851437568665,1066.7825927734375,-1.0257400274276733,1001.0057983398438,-0.8978177905082703,1081.395263671875,-1.07345712184906,0.4633156955242157,0.24464911222457886,0.09564521908760071,0.07447972893714905,0.06346088647842407,0.059293072670698166,-0.005410872865468264,-0.0061206151731312275,-0.004583417903631926,-0.005079988390207291,-0.004891306161880493,-0.004536421503871679,0.3462181091308594,0.05770302191376686,-0.004320056177675724,-0.007366809528321028,-1.1096148490905762,2.580406427383423,5253372.0
156.10000610351562,59.83015060424805,0.527238667011261,-0.0684814602136612,831.6760864257812,-0.5856410264968872,1066.6800537109375,-1.026144027709961,1000.9159545898438,-0.8982008099555969,1081.287841796875,-1.0737844705581665,0.4627746641635895,0.24403735995292664,0.09518706053495407,0.0739729180932045,0.0629742443561554,0.05884264409542084,-0.005409365054219961,-0.006114598363637924,-0.004579772707074881,-0.005056120455265045,-0.0048414780758321285,-0.004472390748560429,0.3436501920223236,0.05727503448724747,-0.00425482215359807,-0.007412003353238106,-1.1164220571517944,2.579943895339966,5252430.5
156.1999969482422,59.88219451904297,0.5204695463180542,-0.06769081205129623,831.6174926757812,-0.5858966112136841,1066.577392578125,-1.026543140411377,1000.8261108398438,-0.8985812664031982,1081.1805419921875,-1.0741016864776611,0.4622338116168976,0.24342620372772217,0.09472929686307907,0.07346855849027634,0.06249264255166054,0.05839862301945686,-0.005407773423939943,-0.006108390633016825,-0.004575395956635475,-0.00503103993833065,-0.004790452308952808,-0.004408236593008041,0.34112098813056946,0.05685349926352501,-0.004190683364868164,-0.007456549443304539,-1.1231317520141602,2.5794811248779297,5251488.0
156.3000030517578,59.93357849121094,0.513835072517395,-0.06634512543678284,831.5588989257812,-0.5861517786979675,1066.4747314453125,-1.0269373655319214,1000.7362670898438,-0.8989590406417847,1081.0731201171875,-1.0744091272354126,0.46169313788414,0.24281568825244904,0.09427201002836227,0.07296676188707352,0.06201619654893875,0.057961009442806244,-0.005406099371612072,-0.0061019957065582275,-0.004570312798023224,-0.0050048199482262135,-0.004738430492579937,-0.004344308748841286,0.33862975239753723,0.05643829330801964,-0.004127879627048969,-0.007500460837036371,-1.1297458410263062,2.5790181159973145,5250545.5
156.39999389648438,59.984310150146484,0.507296621799469,-0.0653844103217125,831.5003051757812,-0.5864064693450928,1066.3719482421875,-1.0273267030715942,1000.6463623046875,-0.8993341326713562,1080.965576171875,-1.07470703125,0.4611526131629944,0.24220581352710724,0.09381525963544846,0.07246764004230499,0.0615449957549572,0.057529766112565994,-0.005404344759881496,-0.00609541917219758,-0.004564544651657343,-0.004977530799806118,-0.004685589112341404,-0.004280843771994114,0.3361757695674896,0.056029293686151505,-0.004066210240125656,-0.0075437454506754875,-1.136265516281128,2.57855486869812,5249602.5
156.5,60.03438949584961,0.50081866979599,-0.06477939337491989,831.441650390625,-0.5866606831550598,1066.269287109375,-1.0277109146118164,1000.556396484375,-0.8997063040733337,1080.858154296875,-1.0749956369400024,0.4606122672557831,0.24159660935401917,0.09335912764072418,0.07197129726409912,0.06107911467552185,0.05710483714938164,-0.005402511451393366,-0.006088664755225182,-0.004558112937957048,-0.004949234426021576,-0.004632079042494297,-0.004217980895191431,0.3337584137916565,0.05562639981508255,-0.00400553410872817,-0.007586408406496048,-1.1426916122436523,2.5780913829803467,5248659.0
156.60000610351562,60.08385467529297,0.4946230351924896,-0.06195628643035889,831.3829345703125,-0.5869141817092896,1066.1663818359375,-1.028090238571167,1000.4663696289062,-0.9000755548477173,1080.7506103515625,-1.0752750635147095,0.4600721001625061,0.240988090634346,0.09290366619825363,0.07147783041000366,0.060618605464696884,0.0566861554980278,-0.0054006013087928295,-0.006081738043576479,-0.004551046062260866,-0.004920012783259153,-0.004578095860779285,-0.0041560037061572075,0.3313766419887543,0.055229440331459045,-0.003946803975850344,-0.007628477178514004,-1.1490281820297241,2.577627658843994,5247715.0
156.6999969482422,60.13273620605469,0.48881927132606506,-0.058037757873535156,831.32421875,-0.587166965007782,1066.0635986328125,-1.028464674949646,1000.3763427734375,-0.9004417061805725,1080.64306640625,-1.0755459070205688,0.45953214168548584,0.24038027226924896,0.09244894236326218,0.07098732888698578,0.06016350910067558,0.056273605674505234,-0.005398617126047611,-0.006074647419154644,-0.004543378483504057,-0.004889959003776312,-0.0045238579623401165,-0.0040952423587441444,0.3290291428565979,0.05483819171786308,-0.0038903611712157726,-0.007669989485293627,-1.1552809476852417,2.5771639347076416,5246770.5
156.8000030517578,60.18109130859375,0.4835696518421173,-0.052496038377285004,831.2655029296875,-0.5874190330505371,1065.960693359375,-1.0288341045379639,1000.2863159179688,-0.9008048176765442,1080.5355224609375,-1.0758086442947388,0.4589923918247223,0.23977316915988922,0.091995008289814,0.07049986720085144,0.05971384048461914,0.05586705729365349,-0.005396563559770584,-0.00606740266084671,-0.004535150248557329,-0.0048591806553304195,-0.004469611681997776,-0.004036083351820707,0.32671427726745605,0.054452378302812576,-0.0038368140812963247,-0.007711000274866819,-1.1614580154418945,2.576699733734131,5245826.0
156.89999389648438,60.22897720336914,0.47886040806770325,-0.04709244892001152,831.206787109375,-0.5876701474189758,1065.8577880859375,-1.0291988849639893,1000.1962280273438,-0.9011646509170532,1080.427978515625,-1.076063632965088,0.45845282077789307,0.23916679620742798,0.09154193103313446,0.07001551985740662,0.059269584715366364,0.05546633154153824,-0.005394443869590759,-0.006060012616217136,-0.004526401404291391,-0.004827781580388546,-0.004415582865476608,-0.003978815861046314,0.32443034648895264,0.05407172068953514,-0.0037859913427382708,-0.007751562166959047,-1.1675676107406616,2.57623553276062,5244881.0
157.0,60.27640914916992,0.47431516647338867,-0.04545239731669426,831.14794921875,-0.5879203677177429,1065.7548828125,-1.0295588970184326,1000.1060791015625,-0.9015213251113892,1080.3203125,-1.0763112306594849,0.45791348814964294,0.23856116831302643,0.09108974784612656,0.06953433901071548,0.05883071571588516,0.05507123842835426,-0.005392260383814573,-0.0060524833388626575,-0.0045171561650931835,-0.004795825574547052,-0.004361875355243683,-0.003923338372260332,0.322176456451416,0.053696077316999435,-0.003736308077350259,-0.007791691459715366,-1.1736119985580444,2.5757710933685303,5243935.5
157.10000610351562,60.323387145996094,0.46977898478507996,-0.045361895114183426,831.0891723632812,-0.5881695747375488,1065.6519775390625,-1.0299140214920044,1000.0159301757812,-0.9018746614456177,1080.212646484375,-1.0765515565872192,0.4573743939399719,0.23795630037784576,0.09063851833343506,0.06905637681484222,0.05839719995856285,0.05468161776661873,-0.005390014033764601,-0.00604481715708971,-0.0045074294321238995,-0.004763350822031498,-0.004308524541556835,-0.003869391977787018,0.31995218992233276,0.053325362503528595,-0.0036872609052807093,-0.007831388153135777,-1.1795912981033325,2.5753066539764404,5242989.5
157.1999969482422,60.36988067626953,0.4649350941181183,-0.048438847064971924,831.0303344726562,-0.5884177088737488,1065.5489501953125,-1.0302644968032837,999.9257202148438,-0.9022246599197388,1080.10498046875,-1.076784610748291,0.4568355083465576,0.23735220730304718,0.09018828719854355,0.06858168542385101,0.05796900391578674,0.05429733544588089,-0.005387704353779554,-0.006037013605237007,-0.004497223533689976,-0.004730363842099905,-0.004255474079400301,-0.0038165110163390636,0.3177576959133148,0.052959613502025604,-0.0036376062780618668,-0.007870620116591454,-1.1855006217956543,2.5748417377471924,5242043.0
157.3000030517578,60.41585159301758,0.4597175419330597,-0.05217555910348892,830.9714965820312,-0.588664710521698,1065.4459228515625,-1.0306099653244019,999.83544921875,-0.9025712609291077,1079.997314453125,-1.0770102739334106,0.4562968313694,0.23674890398979187,0.08973909169435501,0.06811032444238663,0.05754610151052475,0.05391830578446388,-0.0053853304125368595,-0.006029071286320686,-0.004486535210162401,-0.0046968585811555386,-0.004202642478048801,-0.003764254041016102,0.315593421459198,0.05259890481829643,-0.0035872117150574923,-0.007909351028501987,-1.1913343667984009,2.5743768215179443,5241096.5
157.39999389648438,60.461280822753906,0.4542737305164337,-0.05443815141916275,830.91259765625,-0.5889104604721069,1065.3427734375,-1.0309504270553589,999.7451782226562,-0.9029144644737244,1079.8896484375,-1.0772285461425781,0.4557584226131439,0.23614640533924103,0.08929099887609482,0.06764233857393265,0.05712847039103508,0.053544484078884125,-0.0053828926756978035,-0.006020988803356886,-0.0044753672555089,-0.004662842024117708,-0.004149990156292915,-0.003712401958182454,0.3134595453739166,0.05224325507879257,-0.0035366914235055447,-0.007947555743157864,-1.1970889568328857,2.573911428451538,5240149.0
157.5,60.50615310668945,0.44872748851776123,-0.05546252802014351,830.8536987304688,-0.5891549587249756,1065.23974609375,-1.0312860012054443,999.6549072265625,-0.9032541513442993,1079.7818603515625,-1.077439308166504,0.4552202820777893,0.23554471135139465,0.08884403854608536,0.06717777997255325,0.05671609938144684,0.053175829350948334,-0.005380390211939812,-0.006012768484652042,-0.004463728051632643,-0.004628336522728205,-0.004097519908100367,-0.0036609084345400333,0.31135591864585876,0.05189264938235283,-0.003486481262370944,-0.007985224947333336,-1.2027627229690552,2.573446035385132,5239201.5
157.60000610351562,60.550445556640625,0.44293493032455444,-0.057925380766391754,830.7947998046875,-0.5893980860710144,1065.1365966796875,-1.031616449356079,999.5645141601562,-0.9035902619361877,1079.674072265625,-1.0776429176330566,0.4546823501586914,0.23494385182857513,0.0883982703089714,0.06671669334173203,0.056308966130018234,0.05281231179833412,-0.005377824418246746,-0.0060044098645448685,-0.004451621323823929,-0.004593351855874062,-0.004045204259455204,-0.0036096435505896807,0.3092826008796692,0.0515471026301384,-0.0034359795972704887,-0.008022332563996315,-1.208351969718933,2.5729804039001465,5238254.0
157.6999969482422,60.594139099121094,0.4369281232357025,-0.06006835401058197,830.73583984375,-0.5896398425102234,1065.0333251953125,-1.0319418907165527,999.4741821289062,-0.9039227962493896,1079.5662841796875,-1.0778390169143677,0.4541447162628174,0.23434384167194366,0.08795373886823654,0.06625913083553314,0.05590705946087837,0.052453912794589996,-0.005375193897634745,-0.005995912477374077,-0.004439050797373056,-0.0045578982681035995,-0.003993018995970488,-0.0035585155710577965,0.30723974108695984,0.05120662599802017,-0.003385379211977124,-0.008058855310082436,-1.2138532400131226,2.572514772415161,5237305.5
157.8000030517578,60.6372184753418,0.4307769238948822,-0.06151175871491432,830.6768798828125,-0.5898801684379578,1064.93017578125,-1.0322622060775757,999.3837280273438,-0.9042516350746155,1079.45849609375,-1.0780278444290161,0.45360732078552246,0.23374468088150024,0.08751048147678375,0.06580512970685959,0.05551036447286606,0.05210062116384506,-0.005372499581426382,-0.005987277254462242,-0.004426023922860622,-0.004521992057561874,-0.003940961789339781,-0.0035075165797024965,0.30522724986076355,0.05087120831012726,-0.003334937384352088,-0.008094779215753078,-1.219264268875122,2.5720486640930176,5236357.0
157.89999389648438,60.67966842651367,0.42451444268226624,-0.06262502074241638,830.6178588867188,-0.590118944644928,1064.826904296875,-1.032577395439148,999.2933349609375,-0.90457683801651,1079.3507080078125,-1.0782092809677124,0.4530702233314514,0.23314638435840607,0.08706855028867722,0.06535474956035614,0.0551188662648201,0.051752425730228424,-0.005369741935282946,-0.0059785060584545135,-0.004412548616528511,-0.004485654644668102,-0.0038890421856194735,-0.0034566745162010193,0.3032449781894684,0.05054083094000816,-0.0032847586553543806,-0.008130093105137348,-1.2245832681655884,2.571582555770874,5235408.0
158.0,60.72144317626953,0.4177492558956146,-0.06765162944793701,830.558837890625,-0.590356171131134,1064.7236328125,-1.03288733959198,999.2028198242188,-0.9048982262611389,1079.242919921875,-1.078383445739746,0.4525333642959595,0.23254898190498352,0.08662799000740051,0.06490802019834518,0.054732561111450195,0.051409315317869186,-0.005366919562220573,-0.00596959562972188,-0.004398619290441275,-0.004448872059583664,-0.003837175667285919,-0.0034057253506034613,0.3012934625148773,0.05021557956933975,-0.003233362687751651,-0.008164743892848492,-1.2298024892807007,2.5711162090301514,5234458.5
158.10000610351562,60.76248550415039,0.4104103147983551,-0.07338953018188477,830.499755859375,-0.5905917882919312,1064.620361328125,-1.0331919193267822,999.1123046875,-0.905215859413147,1079.135009765625,-1.0785499811172485,0.4519968330860138,0.2319524735212326,0.08618884533643723,0.0644649937748909,0.05435144156217575,0.05107131600379944,-0.005364030599594116,-0.00596054270863533,-0.00438422616571188,-0.0044116186909377575,-0.003785252571105957,-0.0033543731551617384,0.2993735074996948,0.04989558085799217,-0.0031806512270122766,-0.008198673836886883,-1.2349132299423218,2.5706496238708496,5233508.5
158.1999969482422,60.80274963378906,0.40267035365104675,-0.07739969342947006,830.4407348632812,-0.5908257365226746,1064.5169677734375,-1.0334911346435547,999.0217895507812,-0.9055296182632446,1079.0272216796875,-1.0787086486816406,0.4514605700969696,0.23135687410831451,0.08575116097927094,0.06402572244405746,0.05397552251815796,0.05073848366737366,-0.005361074581742287,-0.005951344966888428,-0.004369365517050028,-0.004373885225504637,-0.0037332132924348116,-0.0033025238662958145,0.2974855303764343,0.04958092048764229,-0.0031273006461560726,-0.008231842890381813,-1.2399091720581055,2.570183038711548,5232558.5
158.3000030517578,60.84220886230469,0.3945917785167694,-0.08078555017709732,830.381591796875,-0.5910579562187195,1064.4136962890625,-1.0337848663330078,998.9312133789062,-0.9058395028114319,1078.9193115234375,-1.0788596868515015,0.4509246051311493,0.23076221346855164,0.08531498908996582,0.06359024345874786,0.05360481142997742,0.05041085556149483,-0.00535805057734251,-0.005942001007497311,-0.004354036413133144,-0.004335671663284302,-0.003681027330458164,-0.003250177949666977,0.2956298589706421,0.04927164316177368,-0.0030734934844076633,-0.008264214731752872,-1.244785189628601,2.569715976715088,5231608.0
158.39999389648438,60.88082504272461,0.386130690574646,-0.08461113274097443,830.322509765625,-0.5912883877754211,1064.310302734375,-1.0340731143951416,998.8406372070312,-0.9061453342437744,1078.8114013671875,-1.079002857208252,0.45038896799087524,0.23016849160194397,0.08488037437200546,0.06315860897302628,0.053239330649375916,0.050088491290807724,-0.0053549581207334995,-0.005932510364800692,-0.004338238388299942,-0.004296974278986454,-0.003628658363595605,-0.0031973132863640785,0.29380685091018677,0.04896780848503113,-0.0030190669931471348,-0.008295751176774502,-1.249535322189331,2.569248914718628,5230657.0
158.5,60.918521881103516,0.37699994444847107,-0.09130727499723434,830.2633666992188,-0.5915170311927795,1064.206787109375,-1.0343557596206665,998.75,-0.906447172164917,1078.7034912109375,-1.079137921333313,0.4498536288738251,0.2295757234096527,0.08444736152887344,0.06273087114095688,0.05287909880280495,0.04977145045995712,-0.005351795349270105,-0.005922867450863123,-0.004321959335356951,-0.004257765598595142,-0.003576007205992937,-0.0031437070574611425,0.2920173406600952,0.04866955801844597,-0.002963015576824546,-0.00832638330757618,-1.2541491985321045,2.568781614303589,5229705.5
158.60000610351562,60.955257415771484,0.36733177304267883,-0.09668180346488953,830.2042236328125,-0.5917437672615051,1064.1033935546875,-1.034632682800293,998.6593627929688,-0.9067448973655701,1078.5955810546875,-1.0792646408081055,0.44931861758232117,0.22898392379283905,0.08401600271463394,0.06230707839131355,0.052524153143167496,0.04945981502532959,-0.005348560865968466,-0.005913070403039455,-0.004305191338062286,-0.004218026529997587,-0.003523002378642559,-0.0030892568174749613,0.29026201367378235,0.04837700352072716,-0.002905936911702156,-0.008356056176126003,-1.258618712425232,2.5683140754699707,5228754.0
158.6999969482422,60.9909782409668,0.3572341501712799,-0.10097619891166687,830.14501953125,-0.5919685363769531,1063.9998779296875,-1.034903645515442,998.5686645507812,-0.9070385098457336,1078.4876708984375,-1.079383134841919,0.44878390431404114,0.22839310765266418,0.08358635008335114,0.061887290328741074,0.05217452347278595,0.04915366321802139,-0.005345253739506006,-0.005903116427361965,-0.004287931602448225,-0.004177750553935766,-0.0034696112852543592,-0.0030339856166392565,0.28854134678840637,0.04809022694826126,-0.0028481788467615843,-0.008384726010262966,-1.2629369497299194,2.5678465366363525,5227802.0
158.8000030517578,61.02561950683594,0.3463861346244812,-0.10848020017147064,830.0858154296875,-0.5921913981437683,1063.8963623046875,-1.0351688861846924,998.4779052734375,-0.9073278903961182,1078.3797607421875,-1.0794930458068848,0.44824954867362976,0.2278033047914505,0.08315844088792801,0.06147155538201332,0.05183025822043419,0.04885308817028999,-0.0053418721072375774,-0.005893000867217779,-0.004270166624337435,-0.00413690647110343,-0.003415736136958003,-0.002977701835334301,0.2868562936782837,0.047809381037950516,-0.002788589568808675,-0.00841231644153595,-1.2670927047729492,2.5673787593841553,5226849.5
158.89999389648438,61.05908203125,0.33464929461479187,-0.11736837774515152,830.0265502929688,-0.5924121737480164,1063.7928466796875,-1.0354279279708862,998.38720703125,-0.9076129198074341,1078.271728515625,-1.0795940160751343,0.44771555066108704,0.227214515209198,0.08273233473300934,0.06105993688106537,0.05149140954017639,0.04855820909142494,-0.005338412709534168,-0.005882717669010162,-0.004251877311617136,-0.0040954481810331345,-0.003361245384439826,-0.002920132828876376,0.2852080762386322,0.047534678131341934,-0.0027268189005553722,-0.008438736200332642,-1.2710721492767334,2.566910743713379,5225896.5
159.0,61.09129333496094,0.3221067190170288,-0.12542584538459778,829.9673461914062,-0.592630922794342,1063.6893310546875,-1.0356807708740234,998.29638671875,-0.9078935980796814,1078.163818359375,-1.0796856880187988,0.4471818804740906,0.22662676870822906,0.0823080837726593,0.06065249443054199,0.05115804821252823,0.048269156366586685,-0.005334873683750629,-0.005872261244803667,-0.004233046900480986,-0.004053337033838034,-0.003306033555418253,-0.002861125161871314,0.283597856760025,0.04726630821824074,-0.002663217717781663,-0.008463903330266476,-1.2748630046844482,2.5664424896240234,5224943.5
159.10000610351562,61.12222671508789,0.3093380331993103,-0.12768688797950745,829.9080200195312,-0.5928475260734558,1063.585693359375,-1.0359272956848145,998.2056274414062,-0.9081698060035706,1078.0557861328125,-1.079768180847168,0.44664856791496277,0.2260400652885437,0.08188574761152267,0.06024929881095886,0.05083024129271507,0.04798606410622597,-0.005331254564225674,-0.005861631128937006,-0.004213679116219282,-0.0040105851367115974,-0.003250138135626912,-0.002800974529236555,0.2820258140563965,0.047004301100969315,-0.0025997785851359367,-0.008487794548273087,-1.2784615755081177,2.565974235534668,5223990.0
159.1999969482422,61.15188980102539,0.29662105441093445,-0.12716972827911377,829.8487548828125,-0.5930619835853577,1063.482177734375,-1.0361675024032593,998.11474609375,-0.9084415435791016,1077.9478759765625,-1.0798416137695312,0.446115642786026,0.2254544496536255,0.08146537095308304,0.059850405901670456,0.050508055835962296,0.04770902171730995,-0.005327556747943163,-0.005850830115377903,-0.004193789325654507,-0.003967233933508396,-0.0031936769373714924,-0.002740156603977084,0.280491441488266,0.0467485748231411,-0.0025372663512825966,-0.008510413579642773,-1.2818684577941895,2.5655057430267334,5223036.0
159.3000030517578,61.18029022216797,0.2840084135532379,-0.12612637877464294,829.7894287109375,-0.5932742357254028,1063.3785400390625,-1.0364015102386475,998.02392578125,-0.9087086319923401,1077.83984375,-1.0799061059951782,0.4455830752849579,0.22486990690231323,0.08104701340198517,0.05945587530732155,0.05019153654575348,0.04743807762861252,-0.005323781166225672,-0.005839862395077944,-0.004173395689576864,-0.003923330921679735,-0.003136777551844716,-0.0026790869887918234,0.27899423241615295,0.04649903625249863,-0.0024757771752774715,-0.00853176973760128,-1.2850852012634277,2.5650370121002197,5222082.0
159.39999389648438,61.207435607910156,0.2714354395866394,-0.1257297843694687,829.7301025390625,-0.5934841632843018,1063.27490234375,-1.0366291999816895,997.9330444335938,-0.9089710712432861,1077.7318115234375,-1.079961895942688,0.4450508952140808,0.22428648173809052,0.08063071221113205,0.05906576290726662,0.049880724400281906,0.047173239290714264,-0.005319929216057062,-0.00582873122766614,-0.004152514040470123,-0.0038789180107414722,-0.003079543821513653,-0.0026180350687354803,0.2775335907936096,0.04625559598207474,-0.002415067283436656,-0.008551865816116333,-1.2881121635437012,2.564568281173706,5221127.5
159.5,61.233341217041016,0.2590687572956085,-0.12366681545972824,829.6707153320312,-0.5936918258666992,1063.171142578125,-1.0368505716323853,997.8421020507812,-0.9092288017272949,1077.6239013671875,-1.0800092220306396,0.4445190727710724,0.22370417416095734,0.08021652698516846,0.05868011340498924,0.049575645476579666,0.046914491802453995,-0.005316002760082483,-0.005817440804094076,-0.0041311657987535,-0.003834046656265855,-0.0030221028719097376,-0.0025573030579835176,0.27610883116722107,0.04601813852787018,-0.002355705015361309,-0.008570722304284573,-1.290952444076538,2.5640993118286133,5220172.5
159.60000610351562,61.25800704956055,0.24663783609867096,-0.12430909276008606,829.611328125,-0.5938971042633057,1063.0675048828125,-1.0370657444000244,997.7511596679688,-0.9094817638397217,1077.515869140625,-1.0800480842590332,0.4439876973628998,0.2231229990720749,0.07980450242757797,0.058298975229263306,0.04927631840109825,0.046661797910928726,-0.00531200272962451,-0.005805993918329477,-0.004109363071620464,-0.0037887480575591326,-0.0029645184986293316,-0.0024969533551484346,0.27471956610679626,0.045786596834659576,-0.0022967082913964987,-0.008588331751525402,-1.293604850769043,2.5636301040649414,5219217.5
159.6999969482422,61.281410217285156,0.2340608537197113,-0.12576988339424133,829.5519409179688,-0.5940999984741211,1062.9637451171875,-1.0372744798660278,997.6602172851562,-0.9097299575805664,1077.4078369140625,-1.0800786018371582,0.4434566795825958,0.22254298627376556,0.07939467579126358,0.05792238563299179,0.04898275434970856,0.04641512408852577,-0.005307929124683142,-0.005794391501694918,-0.0040871137753129005,-0.0037430410739034414,-0.002906820271164179,-0.0024369435850530863,0.27336573600769043,0.04556095600128174,-0.0022378803696483374,-0.008604678325355053,-1.2960669994354248,2.5631606578826904,5218262.0
159.8000030517578,61.30353927612305,0.22126683592796326,-0.12794019281864166,829.4925537109375,-0.5943004488945007,1062.8599853515625,-1.0374770164489746,997.5692138671875,-0.9099732637405396,1077.2998046875,-1.0801007747650146,0.4429261088371277,0.22196412086486816,0.07898709923028946,0.05755038559436798,0.04869496822357178,0.046174436807632446,-0.005303782410919666,-0.005782634485512972,-0.004064423032104969,-0.0036969378124922514,-0.0028490163385868073,-0.0023771864362061024,0.2720472812652588,0.045341212302446365,-0.0021789874881505966,-0.00861973874270916,-1.2983354330062866,2.5626912117004395,5217306.0
159.89999389648438,61.32439041137695,0.20850622653961182,-0.12760603427886963,829.43310546875,-0.594498336315155,1062.7562255859375,-1.0376731157302856,997.4782104492188,-0.9102116823196411,1077.1917724609375,-1.080114722251892,0.4423959255218506,0.22138646245002747,0.0785818099975586,0.05718301609158516,0.04841296374797821,0.04593970626592636,-0.005299563519656658,-0.005770724732428789,-0.004041303414851427,-0.003650467377156019,-0.0027911635115742683,-0.002317767823114991,0.2707638740539551,0.04512730985879898,-0.0021208596881479025,-0.008633516728878021,-1.3004107475280762,2.5622215270996094,5216350.0
160.0,61.34400177001953,0.19612878561019897,-0.12377440929412842,829.3736572265625,-0.5946937203407288,1062.6524658203125,-1.0378628969192505,997.38720703125,-0.9104451537132263,1077.0838623046875,-1.0801206827163696,0.4418661892414093,0.22080999612808228,0.07817885279655457,0.056820306926965714,0.048136740922927856,0.045710887759923935,-0.005295274313539267,-0.005758667830377817,-0.004017779603600502,-0.0036036886740475893,-0.0027333954349160194,-0.0022590013686567545,0.2695145308971405,0.04491908848285675,-0.0020645433105528355,-0.008646049536764622,-1.3022985458374023,2.5617518424987793,5215393.5
160.10000610351562,61.36240005493164,0.18397653102874756,-0.12152257561683655,829.3141479492188,-0.5948865413665771,1062.5487060546875,-1.0380464792251587,997.296142578125,-0.9106736779212952,1076.975830078125,-1.080119013786316,0.44133687019348145,0.2202347368001938,0.07777827233076096,0.05646229162812233,0.04786628857254982,0.0454879067838192,-0.005290917120873928,-0.005746469367295504,-0.003993871621787548,-0.0035566494334489107,-0.0026758122257888317,-0.002201049355790019,0.26829853653907776,0.04471642151474953,-0.0020093999337404966,-0.008657360449433327,-1.3040021657943726,2.56128191947937,5214437.0
160.1999969482422,61.37958526611328,0.1718442589044571,-0.12132266163825989,829.254638671875,-0.5950767397880554,1062.44482421875,-1.0382238626480103,997.205078125,-0.9108971953392029,1076.8677978515625,-1.080109715461731,0.4408079981803894,0.2196606993675232,0.07738009840250015,0.0561089888215065,0.04760158061981201,0.045270681381225586,-0.00528649240732193,-0.005734131671488285,-0.0039695920422673225,-0.003509378293529153,-0.0026184539310634136,-0.002143878024071455,0.26711541414260864,0.04451923444867134,-0.0019547995179891586,-0.008667448535561562,-1.3055217266082764,2.560811758041382,5213480.0
160.3000030517578,61.39555358886719,0.15968552231788635,-0.12158741801977158,829.1951293945312,-0.5952642560005188,1062.341064453125,-1.0383949279785156,997.1139526367188,-0.9111156463623047,1076.759765625,-1.0800929069519043,0.4402795732021332,0.21908791363239288,0.07698436826467514,0.05576042830944061,0.04734259843826294,0.04505913704633713,-0.005282001104205847,-0.005721656605601311,-0.0039449515752494335,-0.0034618955105543137,-0.002561339642852545,-0.002087406348437071,0.26596489548683167,0.04432748258113861,-0.0019006283255293965,-0.008676312863826752,-1.3068568706512451,2.5603415966033936,5212522.5
160.39999389648438,61.41031265258789,0.14761047065258026,-0.12075050920248032,829.1356201171875,-0.5954490303993225,1062.2371826171875,-1.0385597944259644,997.0228271484375,-0.9113290905952454,1076.6517333984375,-1.080068826675415,0.43975162506103516,0.21851637959480286,0.0765911191701889,0.05541662126779556,0.047089312225580215,0.04485320299863815,-0.005277444142848253,-0.005709046497941017,-0.003919962793588638,-0.0034142285585403442,-0.002504507079720497,-0.002031635958701372,0.2648465931415558,0.044141098856925964,-0.0018472280353307724,-0.00868395995348692,-1.3080086708068848,2.559871196746826,5211564.5
160.5,61.42387008666992,0.13556598126888275,-0.12044484168291092,829.0760498046875,-0.5956311225891113,1062.13330078125,-1.0387184619903564,996.9317016601562,-0.9115374684333801,1076.5438232421875,-1.0800373554229736,0.43922409415245056,0.2179461121559143,0.07620038837194443,0.05507759004831314,0.04684169217944145,0.04465281218290329,-0.005272822920233011,-0.0056963046081364155,-0.0038946366403251886,-0.00336640072055161,-0.0024479813873767853,-0.0019765407778322697,0.26376011967658997,0.04396001994609833,-0.0017943733837455511,-0.008690392598509789,-1.308977723121643,2.5594005584716797,5210607.0
160.60000610351562,61.436214447021484,0.12344913929700851,-0.12116848677396774,829.0164794921875,-0.5958104133605957,1062.0294189453125,-1.0388708114624023,996.8405151367188,-0.911740779876709,1076.435791015625,-1.0799986124038696,0.43869704008102417,0.21737712621688843,0.0758122056722641,0.05474334955215454,0.04659971222281456,0.04445790499448776,-0.0052681369706988335,-0.005683431401848793,-0.0038689810317009687,-0.003318425267934799,-0.0023917616344988346,-0.001922024181112647,0.26270532608032227,0.04378421977162361,-0.001741734566166997,-0.008695604279637337,-1.3097625970840454,2.558929920196533,5209648.5
160.6999969482422,61.44730758666992,0.1109192743897438,-0.1252986341714859,828.9569091796875,-0.5959869027137756,1061.925537109375,-1.0390170812606812,996.7493286132812,-0.9119389653205872,1076.3277587890625,-1.0799527168273926,0.438170462846756,0.21680942177772522,0.0754266083240509,0.05441391468048096,0.04636334255337715,0.04426843300461769,-0.005263386759907007,-0.0056704264134168625,-0.003842992475256324,-0.0032702882308512926,-0.0023357721511274576,-0.0018677853513509035,0.26168254017829895,0.04361375793814659,-0.0016882383497431874,-0.008699551224708557,-1.3103570938110352,2.5584590435028076,5208690.0
160.8000030517578,61.45709991455078,0.09793605655431747,-0.1298322081565857,828.8972778320312,-0.5961605906486511,1061.8216552734375,-1.0391569137573242,996.6581420898438,-0.9121320247650146,1076.2197265625,-1.0798993110656738,0.4376443922519684,0.21624304354190826,0.07504362612962723,0.05408930405974388,0.046132564544677734,0.04408438131213188,-0.005258569959551096,-0.005657285917550325,-0.0038166639860719442,-0.0032219677232205868,-0.0022799212019890547,-0.001813533715903759,0.2606923580169678,0.04344872385263443,-0.0016338333953171968,-0.008702188730239868,-1.3107542991638184,2.557987928390503,5207731.0
160.89999389648438,61.46554183959961,0.08440152555704117,-0.13534530997276306,828.837646484375,-0.5963313579559326,1061.7177734375,-1.039290428161621,996.56689453125,-0.9123199582099915,1076.11181640625,-1.0798382759094238,0.4371187686920166,0.21567797660827637,0.07466328889131546,0.053769536316394806,0.04590736702084541,0.043905772268772125,-0.005253686103969812,-0.005644007585942745,-0.00378998601809144,-0.0031734351068735123,-0.0022241035476326942,-0.0017589832423254848,0.2597354054450989,0.04328923299908638,-0.0015781905967742205,-0.008703459054231644,-1.310945749282837,2.5575170516967773,5206772.0
161.0,61.47255325317383,0.0701255351305008,-0.14275990426540375,828.7780151367188,-0.5964992642402649,1061.61376953125,-1.0394173860549927,996.4757080078125,-0.912502646446228,1076.0037841796875,-1.079769253730774,0.4365936517715454,0.21511425077915192,0.07428564131259918,0.05345463007688522,0.045687757432460785,0.043732650578022,-0.005248732399195433,-0.005630585364997387,-0.003762942273169756,-0.0031246456783264875,-0.0021681783255189657,-0.0017037856159731746,0.2588127553462982,0.04313545674085617,-0.0015207172837108374,-0.008703288622200489,-1.3109201192855835,2.5570456981658936,5205812.5
161.10000610351562,61.47805404663086,0.05500924214720726,-0.15116289258003235,828.7183837890625,-0.5966641902923584,1061.5098876953125,-1.039537787437439,996.3843994140625,-0.9126802086830139,1075.8958740234375,-1.0796921253204346,0.4360690116882324,0.2145518660545349,0.07391072064638138,0.05314462259411812,0.04547375440597534,0.04356509447097778,-0.005243706051260233,-0.00561701413244009,-0.003735512727871537,-0.0030755463521927595,-0.002111987443640828,-0.001647592755034566,0.2579255998134613,0.04298759996891022,-0.001461129286326468,-0.00870159175246954,-1.3106645345687866,2.5565743446350098,5204853.0
161.1999969482422,61.48199462890625,0.03940245509147644,-0.15606789290905,828.65869140625,-0.5968261957168579,1061.4058837890625,-1.0396513938903809,996.2931518554688,-0.91285240650177,1075.787841796875,-1.079606533050537,0.4355449080467224,0.21399085223674774,0.07353855669498444,0.05283953994512558,0.04526538774371147,0.04340321198105812,-0.0052386061288416386,-0.005603289231657982,-0.0037076871376484632,-0.003026108955964446,-0.002055451041087508,-0.0015903430758044124,0.2570747137069702,0.04284578561782837,-0.001400511129759252,-0.00869831908494234,-1.3101716041564941,2.556102752685547,5203893.0
161.3000030517578,61.484352111816406,0.023569153621792793,-0.15833300352096558,828.5989990234375,-0.5969852209091187,1061.3018798828125,-1.039758324623108,996.2018432617188,-0.9130193591117859,1075.679931640625,-1.0795124769210815,0.435021311044693,0.2134312093257904,0.07316920161247253,0.05253941938281059,0.04506269097328186,0.043247103691101074,-0.005233432166278362,-0.005589410662651062,-0.0036794638726860285,-0.0029763292986899614,-0.001998558174818754,-0.0015321812825277448,0.25626036524772644,0.042710062116384506,-0.0013395517598837614,-0.008693447336554527,-1.3094377517700195,2.555631160736084,5202933.0
161.39999389648438,61.485111236572266,0.00760666886344552,-0.159624844789505,828.539306640625,-0.5971411466598511,1061.1978759765625,-1.0398584604263306,996.1105346679688,-0.913180947303772,1075.572021484375,-1.0794098377227783,0.43449822068214417,0.2128729671239853,0.07280268520116806,0.052244290709495544,0.04486570134758949,0.04309684783220291,-0.0052281832322478294,-0.005575377494096756,-0.003650846192613244,-0.002926212502643466,-0.0019413235131651163,-0.0014732921263203025,0.25548267364501953,0.04258044436573982,-0.001278460375033319,-0.00868696253746748,-1.30846107006073,2.555159330368042,5201972.5
161.5,61.48427200317383,-0.008399377577006817,-0.16006046533584595,828.4795532226562,-0.5972940921783447,1061.093994140625,-1.0399518013000488,996.0192260742188,-0.9133371114730835,1075.4639892578125,-1.0792988538742065,0.4339756667613983,0.2123161405324936,0.072439044713974,0.05195419490337372,0.04467444866895676,0.042952507734298706,-0.005222859792411327,-0.005561190657317638,-0.0036218392197042704,-0.002875769976526499,-0.001883779070340097,-0.0014138680417090654,0.2547416090965271,0.042456936091184616,-0.001217454206198454,-0.008678861893713474,-1.3072408437728882,2.5546875,5201012.0
161.60000610351562,61.4818115234375,-0.024620268493890762,-0.1622089147567749,828.4197998046875,-0.5974439382553101,1060.989990234375,-1.0400382280349731,995.9278564453125,-0.9134879112243652,1075.3560791015625,-1.0791791677474976,0.43345364928245544,0.2117607444524765,0.07207833230495453,0.051669154316186905,0.044488970190286636,0.04281413555145264,-0.005217461846768856,-0.005546849220991135,-0.003592443186789751,-0.002825000323355198,-0.0018259200733155012,-0.001353950472548604,0.25403738021850586,0.04233956336975098,-0.0011559543199837208,-0.00866912305355072,-1.3057738542556763,2.554215669631958,5200051.0
161.6999969482422,61.477657318115234,-0.04153819754719734,-0.1691792756319046,828.360107421875,-0.5975906848907471,1060.885986328125,-1.040117859840393,995.8364868164062,-0.9136331677436829,1075.2481689453125,-1.079050898551941,0.43293216824531555,0.21120677888393402,0.07172057777643204,0.051389213651418686,0.04430929571390152,0.04268179088830948,-0.005211987067013979,-0.005532348994165659,-0.0035626431927084923,-0.002773864893242717,-0.0017676387215033174,-0.0012932515237480402,0.2533709704875946,0.04222849756479263,-0.0010924910893663764,-0.008657675236463547,-1.3040496110916138,2.553743362426758,5199089.5
161.8000030517578,61.471763610839844,-0.05891650542616844,-0.1737831085920334,828.30029296875,-0.597734272480011,1060.7818603515625,-1.04019033908844,995.7451171875,-0.9137729406356812,1075.1402587890625,-1.0789134502410889,0.432411253452301,0.21065427362918854,0.0713658258318901,0.05111440271139145,0.04413547366857529,0.042555563151836395,-0.005206434056162834,-0.0055176857858896255,-0.003532428527250886,-0.002722335048019886,-0.0017088627209886909,-0.001231641392223537,0.2527431845664978,0.04212386533617973,-0.0010278780246153474,-0.008644472807645798,-1.3020609617233276,2.5532712936401367,5198128.5
161.89999389648438,61.464115142822266,-0.07650584727525711,-0.17589344084262848,828.2405395507812,-0.5978747010231018,1060.6778564453125,-1.0402556657791138,995.6537475585938,-0.9139071106910706,1075.032470703125,-1.0787670612335205,0.43189090490341187,0.21010325849056244,0.07101410627365112,0.050844766199588776,0.043967556208372116,0.04243554174900055,-0.00520080141723156,-0.0055028581991791725,-0.0035017961636185646,-0.002670403802767396,-0.0016495806630700827,-0.0011691898107528687,0.2521543800830841,0.04202573001384735,-0.0009627565159462392,-0.008629495278000832,-1.299804925918579,2.5527989864349365,5197166.5
162.0,61.4547004699707,-0.09414369612932205,-0.17637848854064941,828.1807250976562,-0.5980119109153748,1060.5738525390625,-1.0403138399124146,995.5623779296875,-0.9140356183052063,1074.924560546875,-1.0786114931106567,0.4313710927963257,0.20955371856689453,0.07066547870635986,0.05058034136891365,0.04380559176206589,0.04232179746031761,-0.005195089615881443,-0.0054878657683730125,-0.003470748895779252,-0.002618077676743269,-0.0015898183919489384,-0.0011060598772019148,0.25160470604896545,0.04193411394953728,-0.0008975227829068899,-0.0086127370595932,-1.2972807884216309,2.5523264408111572,5196205.0
162.10000610351562,61.44356155395508,-0.11135976016521454,-0.17216062545776367,828.1209106445312,-0.5981459021568298,1060.4698486328125,-1.0403648614883423,995.470947265625,-0.9141585230827332,1074.816650390625,-1.0784471035003662,0.43085187673568726,0.2090056836605072,0.07031998038291931,0.05032116919755936,0.043649621307849884,0.04221438243985176,-0.005189299583435059,-0.005472712684422731,-0.003439303720369935,-0.002565396949648857,-0.0015296939527615905,-0.0010426637018099427,0.2510935366153717,0.04184892028570175,-0.0008335451711900532,-0.008594241924583912,-1.2944949865341187,2.551853895187378,5195243.0
162.1999969482422,61.430763244628906,-0.1279941350221634,-0.1663437783718109,828.0610961914062,-0.5982766151428223,1060.3658447265625,-1.0404088497161865,995.3795166015625,-0.9142757058143616,1074.7088623046875,-1.0782740116119385,0.4303332567214966,0.20845918357372284,0.06997763365507126,0.05006727948784828,0.043499670922756195,0.042113300412893295,-0.005183433648198843,-0.0054574040696024895,-0.003407483221963048,-0.002512417733669281,-0.0014693608973175287,-0.0009794473880901933,0.2506199777126312,0.04176999628543854,-0.0007711650687269866,-0.008574068546295166,-1.2914564609527588,2.5513813495635986,5194280.5
162.3000030517578,61.41637420654297,-0.14387844502925873,-0.15884310007095337,828.0012817382812,-0.598404049873352,1060.26171875,-1.0404458045959473,995.2880859375,-0.9143871068954468,1074.60107421875,-1.0780925750732422,0.4298152029514313,0.20791421830654144,0.06963849812746048,0.049818698316812515,0.04335575923323631,0.04201850667595863,-0.005177495069801807,-0.005441946908831596,-0.003375315573066473,-0.0024592075496912003,-0.0014089966425672174,-0.0009168563410639763,0.2501828372478485,0.04169714078307152,-0.000710853433702141,-0.008552294224500656,-1.2881767749786377,2.5509085655212402,5193318.0
162.39999389648438,61.400489807128906,-0.1588616520166397,-0.14983199536800385,827.94140625,-0.5985281467437744,1060.15771484375,-1.040475845336914,995.1966552734375,-0.9144927859306335,1074.4932861328125,-1.0779032707214355,0.4292977452278137,0.2073708027601242,0.06930258870124817,0.04957544803619385,0.04321787878870964,0.04192992299795151,-0.005171486176550388,-0.005426349584013224,-0.003342833835631609,-0.0024058446288108826,-0.0013487982796505094,-0.0008553302031941712,0.24978072941303253,0.04163012281060219,-0.0006530241807922721,-0.00852901116013527,-1.2846696376800537,2.5504355430603027,5192355.5
162.5,61.383216857910156,-0.1727403849363327,-0.1387874186038971,827.881591796875,-0.5986489057540894,1060.0537109375,-1.040499210357666,995.105224609375,-0.9145926833152771,1074.385498046875,-1.0777065753936768,0.4287809133529663,0.20682895183563232,0.06896994262933731,0.049337536096572876,0.04308599606156349,0.04184741526842117,-0.005165411625057459,-0.005410622339695692,-0.0033100771252065897,-0.002352421171963215,-0.001288991654291749,-0.0007953362073749304,0.24941185116767883,0.04156864061951637,-0.0005982661386951804,-0.00850432924926281,-1.2809520959854126,2.5499627590179443,5191392.5
162.60000610351562,61.36467742919922,-0.18538157641887665,-0.12641189992427826,827.8217163085938,-0.5987663269042969,1059.9495849609375,-1.0405157804489136,995.0137329101562,-0.9146867990493774,1074.2777099609375,-1.077502965927124,0.42826467752456665,0.206288680434227,0.0686405822634697,0.0491049662232399,0.04296006262302399,0.041770804673433304,-0.005159275606274605,-0.005394776351749897,-0.003277088515460491,-0.002299038926139474,-0.0012298179790377617,-0.0007373279659077525,0.24907420575618744,0.04151236638426781,-0.000546949275303632,-0.008478377014398575,-1.2770429849624634,2.549489736557007,5190429.5
162.6999969482422,61.34501266479492,-0.19665847718715668,-0.11276895552873611,827.7618408203125,-0.5988802909851074,1059.8455810546875,-1.0405259132385254,994.9222412109375,-0.9147751927375793,1074.169921875,-1.0772931575775146,0.42774903774261475,0.2057499885559082,0.06831452995538712,0.04887772724032402,0.042840003967285156,0.04169987887144089,-0.005153083708137274,-0.005378824193030596,-0.003243915969505906,-0.0022458075545728207,-0.0011715295258909464,-0.0006817398243583739,0.24876554310321808,0.041460923850536346,-0.0004994550254195929,-0.008451290428638458,-1.2729631662368774,2.5490164756774902,5189466.0
162.8000030517578,61.324363708496094,-0.20647995173931122,-0.09821473807096481,827.701904296875,-0.5989909172058105,1059.741455078125,-1.0405299663543701,994.830810546875,-0.914857804775238,1074.062255859375,-1.0770777463912964,0.42723405361175537,0.20521292090415955,0.06799180805683136,0.04865579679608345,0.04272571951150894,0.041634369641542435,-0.005146840587258339,-0.00536277936771512,-0.0032106100115925074,-0.0021928432397544384,-0.0011143824085593224,-0.0006289728917181492,0.24848344922065735,0.04141391068696976,-0.0004560652014333755,-0.008423217572271824,-1.2687348127365112,2.5485432147979736,5188503.0
162.89999389648438,61.30290985107422,-0.21452531218528748,-0.08045355975627899,827.6420288085938,-0.5990980267524719,1059.637451171875,-1.0405278205871582,994.7393188476562,-0.9149347543716431,1073.95458984375,-1.076857566833496,0.42671969532966614,0.20467744767665863,0.06767241656780243,0.0484391413629055,0.0426170751452446,0.04157397150993347,-0.005140553694218397,-0.005346658173948526,-0.0031772307120263577,-0.0021402831189334393,-0.001058681053109467,-0.0005795403849333525,0.24822501838207245,0.04137083515524864,-0.0004177867667749524,-0.008394339121878147,-1.2643849849700928,2.548069953918457,5187539.0
163.0,61.28084945678711,-0.22062140703201294,-0.0609610490500927,827.5820922851562,-0.5992017388343811,1059.533447265625,-1.040520191192627,994.6478271484375,-0.9150061011314392,1073.846923828125,-1.0766335725784302,0.42620593309402466,0.20414358377456665,0.06735636293888092,0.04822771996259689,0.04251391440629959,0.04151831939816475,-0.005134229548275471,-0.005330478772521019,-0.003143844660371542,-0.0020882789976894855,-0.0010047545656561852,-0.000533978920429945,0.24798694252967834,0.041331157088279724,-0.00038512793253175914,-0.008364851586520672,-1.2599434852600098,2.5475964546203613,5186575.5
163.10000610351562,61.258358001708984,-0.22492681443691254,-0.043054066598415375,827.5221557617188,-0.5993019342422485,1059.4293212890625,-1.0405070781707764,994.5562744140625,-0.9150718450546265,1073.7392578125,-1.076406478881836,0.4256928265094757,0.2036113440990448,0.06704364717006683,0.04802146181464195,0.0424160473048687,0.04146701470017433,-0.005127876065671444,-0.005314258858561516,-0.003110515186563134,-0.0020369705744087696,-0.0009528854279778898,-0.0004926290130242705,0.24776607751846313,0.041294343769550323,-0.00035763593041338027,-0.008334935642778873,-1.2554373741149902,2.5471229553222656,5185611.5
163.1999969482422,61.2355842590332,-0.22772449254989624,-0.027976760640740395,827.4622192382812,-0.599398672580719,1059.3253173828125,-1.040488839149475,994.4647827148438,-0.9151321649551392,1073.631591796875,-1.0761770009994507,0.4251803755760193,0.20308072865009308,0.06673425436019897,0.04782029241323471,0.04232325032353401,0.041419629007577896,-0.005121498368680477,-0.005298012401908636,-0.003077296307310462,-0.0019864728674292564,-0.0009032774833030999,-0.00045557558769360185,0.24755968153476715,0.041259948164224625,-0.00033455644734203815,-0.008304743096232414,-1.250889778137207,2.54664945602417,5184647.5
163.3000030517578,61.21267318725586,-0.22912143170833588,-0.013969428837299347,827.4022827148438,-0.5994918942451477,1059.22119140625,-1.0404657125473022,994.373291015625,-0.9151871204376221,1073.52392578125,-1.0759460926055908,0.424668550491333,0.20255175232887268,0.06642817705869675,0.0476241298019886,0.042235296219587326,0.04137573391199112,-0.005115102976560593,-0.005281754769384861,-0.0030442376155406237,-0.0019368886714801192,-0.0008560919668525457,-0.00042280470370315015,0.24736522138118744,0.04122753441333771,-0.0003156900347676128,-0.00827441643923521,-1.2463217973709106,2.546175956726074,5183683.0
163.39999389648438,61.18976974487305,-0.22900331020355225,0.0011813275050371885,827.3423461914062,-0.5995817184448242,1059.1171875,-1.0404380559921265,994.28173828125,-0.9152368307113647,1073.4163818359375,-1.075714111328125,0.42415735125541687,0.20202438533306122,0.06612540036439896,0.04743287339806557,0.04215192794799805,0.04133489355444908,-0.005108695477247238,-0.005265499465167522,-0.0030113914981484413,-0.001888325554318726,-0.0008115007076412439,-0.0003943791671190411,0.24717997014522552,0.041196659207344055,-0.00030146411154419184,-0.008244108408689499,-1.2417566776275635,2.5457022190093994,5182718.5
163.5,61.16703796386719,-0.22732211649417877,0.016811806708574295,827.2824096679688,-0.5996679663658142,1059.01318359375,-1.0404062271118164,994.1902465820312,-0.915281355381012,1073.308837890625,-1.0754821300506592,0.42364680767059326,0.20149864256381989,0.06582588702440262,0.04724641889333725,0.04207288473844528,0.04129667580127716,-0.005102282855659723,-0.0052492632530629635,-0.00297881243750453,-0.0018408950418233871,-0.0007696800166741014,-0.000370401976397261,0.2470010668039322,0.041166845709085464,-0.00029205079772509634,-0.008213975466787815,-1.237217903137207,2.5452284812927246,5181754.0
163.60000610351562,61.144630432128906,-0.2240944504737854,0.03227672353386879,827.222412109375,-0.599750816822052,1058.9091796875,-1.0403703451156616,994.0986938476562,-0.9153209328651428,1073.2012939453125,-1.0752507448196411,0.4231368899345398,0.20097452402114868,0.06552962213754654,0.0470646470785141,0.04199787601828575,0.041260622441768646,-0.005095870234072208,-0.005233060568571091,-0.0029465551488101482,-0.0017947063315659761,-0.0007307947962544858,-0.00035095945349894464,0.2468256652355194,0.041137609630823135,-0.00028745050076395273,-0.00818417314440012,-1.2327290773391724,2.5447545051574707,5180789.5
163.6999969482422,61.122676849365234,-0.21954700350761414,0.04547445476055145,827.1624145507812,-0.5998302102088928,1058.8050537109375,-1.0403308868408203,994.0071411132812,-0.9153556823730469,1073.09375,-1.0750205516815186,0.42262762784957886,0.2004520297050476,0.06523656100034714,0.04688742384314537,0.04192660003900528,0.04122629389166832,-0.0050894650630652905,-0.005216906312853098,-0.0029146671295166016,-0.0017498508095741272,-0.0006949561648070812,-0.0003359920810908079,0.24665114283561707,0.04110852628946304,-0.00028702549752779305,-0.008154835551977158,-1.2283101081848145,2.544280529022217,5179824.5
163.8000030517578,61.101280212402344,-0.21393437683582306,0.05612634867429733,827.1024169921875,-0.5999061465263367,1058.7010498046875,-1.040287971496582,993.9155883789062,-0.9153856635093689,1072.986328125,-1.0747923851013184,0.42211899161338806,0.19993114471435547,0.06494667381048203,0.04671461880207062,0.04185875505208969,0.041193243116140366,-0.005083070602267981,-0.005200812127441168,-0.0028831874951720238,-0.0017063970444723964,-0.0006622119108214974,-0.0003252892638556659,0.24647535383701324,0.04107922688126564,-0.00029009528225287795,-0.00812606792896986,-1.223976969718933,2.543806791305542,5178859.5
163.89999389648438,61.08051300048828,-0.20769642293453217,0.06237947195768356,827.0424194335938,-0.5999786853790283,1058.5970458984375,-1.0402419567108154,993.8240966796875,-0.9154111742973328,1072.8787841796875,-1.07456636428833,0.4216110110282898,0.19941186904907227,0.06465990841388702,0.0465460866689682,0.041794031858444214,0.04116106778383255,-0.0050766910426318645,-0.00518478499725461,-0.002852141857147217,-0.0016643778653815389,-0.0006325134891085327,-0.00031840920564718544,0.24629677832126617,0.04104946181178093,-0.000295387813821435,-0.008097933605313301,-1.219739317893982,2.543332576751709,5177894.5
164.0,61.060428619384766,-0.20081743597984314,0.06878982484340668,826.982421875,-0.6000478267669678,1058.4930419921875,-1.0401930809020996,993.7325439453125,-0.9154322147369385,1072.7713623046875,-1.0743428468704224,0.42110365629196167,0.1988941878080368,0.06437622755765915,0.04638168215751648,0.04173212870955467,0.04112940654158592,-0.005070329178124666,-0.0051688337698578835,-0.002821552800014615,-0.001623820629902184,-0.0006058047292754054,-0.0003149877302348614,0.24611400067806244,0.041019000113010406,-0.00030307701672427356,-0.008070496842265129,-1.215606689453125,2.542858600616455,5176929.5
164.10000610351562,61.04104995727539,-0.19379928708076477,0.07018152624368668,826.9224243164062,-0.600113570690155,1058.3890380859375,-1.0401413440704346,993.6409912109375,-0.9154490828514099,1072.6639404296875,-1.0741221904754639,0.4205969572067261,0.19837810099124908,0.06409557908773422,0.04622126370668411,0.041672755032777786,0.041097939014434814,-0.005063986871391535,-0.0051529607735574245,-0.0027914291713386774,-0.0015847169561311603,-0.0005819374928250909,-0.0003144525398965925,0.24592632055282593,0.04098771885037422,-0.0003115864237770438,-0.008043771609663963,-1.2115812301635742,2.542384386062622,5175964.0
164.1999969482422,61.022361755371094,-0.18686959147453308,0.06929700821638107,826.8624267578125,-0.6001760959625244,1058.2850341796875,-1.0400869846343994,993.5494384765625,-0.9154618382453918,1072.5565185546875,-1.0739041566848755,0.42009085416793823,0.1978635936975479,0.06381791830062866,0.04606468230485916,0.04161563515663147,0.04106640815734863,-0.005057664588093758,-0.005137167870998383,-0.0027617700397968292,-0.001547034364193678,-0.0005607106722891331,-0.00031617734930478036,0.24573351442813873,0.04095558449625969,-0.00032033133902586997,-0.008017747662961483,-1.2076613903045654,2.541910171508789,5174999.0
164.3000030517578,61.00434494018555,-0.18016763031482697,0.06701955199241638,826.8024291992188,-0.6002352833747864,1058.1810302734375,-1.0400300025939941,993.4578857421875,-0.9154707193374634,1072.44921875,-1.0736888647079468,0.4195854067802429,0.1973506659269333,0.06354320794343948,0.04591180011630058,0.04156051203608513,0.04103462025523186,-0.005051361862570047,-0.00512145459651947,-0.0027325686533004045,-0.001510728383436799,-0.0005419027293100953,-0.00031957970350049436,0.24553562700748444,0.040922604501247406,-0.00032889595604501665,-0.007992401719093323,-1.2038437128067017,2.541435956954956,5174033.5
164.39999389648438,60.986976623535156,-0.17368288338184357,0.0648474469780922,826.7423706054688,-0.6002912521362305,1058.0770263671875,-1.0399706363677979,993.3663330078125,-0.9154757261276245,1072.341796875,-1.0734761953353882,0.41908058524131775,0.19683930277824402,0.06327138841152191,0.04576248303055763,0.041507162153720856,0.04100243002176285,-0.005045078694820404,-0.0051058195531368256,-0.0027038175612688065,-0.0014757534954696894,-0.0005253048148006201,-0.00032420604838989675,0.2453327476978302,0.04088879004120827,-0.00033731196890585124,-0.007967712357640266,-1.200124979019165,2.540961742401123,5173068.0
164.5,60.97021484375,-0.1676522046327591,0.060306843370199203,826.682373046875,-0.6003440618515015,1057.9730224609375,-1.0399088859558105,993.2747802734375,-0.9154770970344543,1072.2344970703125,-1.0732660293579102,0.4185763895511627,0.1963294893503189,0.06300242245197296,0.045616596937179565,0.04145536944270134,0.040969736874103546,-0.005038813687860966,-0.005090260412544012,-0.0026755030266940594,-0.0014420478837564588,-0.0005106761818751693,-0.0003295650240033865,0.24512532353401184,0.04085421934723854,-0.00034479901660233736,-0.007943633012473583,-1.196498155593872,2.540487289428711,5172102.0
164.60000610351562,60.95400619506836,-0.16207647323608398,0.055757295340299606,826.622314453125,-0.6003937125205994,1057.8690185546875,-1.0398448705673218,993.1832275390625,-0.9154748916625977,1072.127197265625,-1.0730581283569336,0.41807281970977783,0.19582124054431915,0.06273627281188965,0.04547402262687683,0.041404955089092255,0.040936488658189774,-0.005032566376030445,-0.005074773915112019,-0.002647608518600464,-0.0014095468213781714,-0.0004977832431904972,-0.00033525112667120993,0.24491389095783234,0.04081898182630539,-0.00035138221574015915,-0.007920118980109692,-1.1929562091827393,2.540013074874878,5171136.5
164.6999969482422,60.938323974609375,-0.1568138599395752,0.05262613296508789,826.562255859375,-0.600440263748169,1057.7650146484375,-1.039778470993042,993.0917358398438,-0.915469229221344,1072.0198974609375,-1.072852373123169,0.4175698757171631,0.19531454145908356,0.062472887337207794,0.04533464089035988,0.04135574772953987,0.040902670472860336,-0.00502633536234498,-0.005059358198195696,-0.0026201221626251936,-0.0013781971065327525,-0.0004864371148869395,-0.0003410383651498705,0.24469879269599915,0.04078313335776329,-0.0003574604634195566,-0.007897136732935905,-1.1894944906234741,2.539538621902466,5170170.5
164.8000030517578,60.92313003540039,-0.15192565321922302,0.04888203367590904,826.502197265625,-0.600483775138855,1057.6610107421875,-1.0397098064422607,993.0001831054688,-0.9154602885246277,1071.91259765625,-1.072648525238037,0.4170675575733185,0.19480936229228973,0.062212228775024414,0.045198339968919754,0.041307609528303146,0.04086827486753464,-0.0050201197154819965,-0.00504401046782732,-0.0025930306874215603,-0.0013479433255270123,-0.00047645470476709306,-0.0003467269125394523,0.2444804608821869,0.040746744722127914,-0.0003627724072430283,-0.00787464901804924,-1.1861073970794678,2.5390641689300537,5169204.5
164.89999389648438,60.908416748046875,-0.14716756343841553,0.04758097603917122,826.4421997070312,-0.6005243062973022,1057.55712890625,-1.0396391153335571,992.9086303710938,-0.9154480695724487,1071.8052978515625,-1.0724467039108276,0.416565865278244,0.19430573284626007,0.06195426359772682,0.0450650118291378,0.041260406374931335,0.04083331674337387,-0.005013919435441494,-0.005028729792684317,-0.002566327340900898,-0.001318747759796679,-0.00046771109919063747,-0.00035230047069489956,0.24425899982452393,0.040709830820560455,-0.00036807762808166444,-0.007852641865611076,-1.1827926635742188,2.5385897159576416,5168238.5
165.0,60.89419937133789,-0.14215950667858124,0.050080545246601105,826.3821411132812,-0.6005619168281555,1057.453125,-1.0395662784576416,992.8170776367188,-0.9154326915740967,1071.6981201171875,-1.072246789932251,0.4160647690296173,0.19380362331867218,0.061698947101831436,0.04493454843759537,0.04121401533484459,0.040797796100378036,-0.005007735453546047,-0.005013518966734409,-0.0025400174781680107,-0.0012906042393296957,-0.0004601747787091881,-0.0003580015036277473,0.24403388798236847,0.040672313421964645,-0.0003744803834706545,-0.007831142283976078,-1.1795542240142822,2.5381152629852295,5167272.5
165.10000610351562,60.88051223754883,-0.13687293231487274,0.052865710109472275,826.3220825195312,-0.6005966663360596,1057.34912109375,-1.0394915342330933,992.7255249023438,-0.9154143333435059,1071.5909423828125,-1.0720492601394653,0.41556429862976074,0.19330301880836487,0.06144624203443527,0.04480684548616409,0.04116831719875336,0.040761690586805344,-0.005001569166779518,-0.004998381249606609,-0.00251410948112607,-0.0012635138118639588,-0.0004538360226433724,-0.00036406898288987577,0.24380448460578918,0.04063408076763153,-0.0003819721459876746,-0.007810175884515047,-1.1763962507247925,2.5376408100128174,5166306.5
165.1999969482422,60.867374420166016,-0.1313582956790924,0.05514635890722275,826.2620239257812,-0.6006286144256592,1057.2452392578125,-1.0394150018692017,992.6339721679688,-0.9153929948806763,1071.483642578125,-1.0718538761138916,0.4150644540786743,0.19280393421649933,0.061196111142635345,0.04468180239200592,0.041123196482658386,0.040724948048591614,-0.004995421972125769,-0.0049833194352686405,-0.0024886103346943855,-0.0012374739162623882,-0.00044867643737234175,-0.00037065314245410264,0.24357019364833832,0.04059503227472305,-0.00039040419505909085,-0.007789766415953636,-1.173322081565857,2.537166118621826,5165340.5
165.3000030517578,60.854827880859375,-0.1254749447107315,0.05883354693651199,826.201904296875,-0.6006577014923096,1057.1412353515625,-1.0393368005752563,992.54248046875,-0.9153688549995422,1071.3765869140625,-1.071661114692688,0.41456523537635803,0.19230635464191437,0.060948505997657776,0.044559307396411896,0.04107853025197983,0.04068751633167267,-0.004989295732229948,-0.004968338180333376,-0.002463530283421278,-0.0012124921195209026,-0.0004447054525371641,-0.0003779485123232007,0.2433302402496338,0.040555041283369064,-0.0004002368077635765,-0.007769950665533543,-1.1703373193740845,2.536691665649414,5164374.5
165.39999389648438,60.842899322509766,-0.11928706616163254,0.06187873333692551,826.141845703125,-0.6006841659545898,1057.037353515625,-1.0392570495605469,992.450927734375,-0.9153419733047485,1071.2694091796875,-1.071470856666565,0.4140666127204895,0.1918102651834488,0.06070338562130928,0.04443925991654396,0.04103420302271843,0.04064930975437164,-0.004983191844075918,-0.004953440278768539,-0.002438879571855068,-0.0011885728454217315,-0.00044192522182129323,-0.00038608003524132073,0.2430839240550995,0.040513984858989716,-0.00041123435948975384,-0.007750758435577154,-1.1674466133117676,2.536216974258423,5163408.0
165.5,60.831626892089844,-0.11274067312479019,0.06546397507190704,826.081787109375,-0.6007079482078552,1056.9334716796875,-1.039176106452942,992.359375,-0.9153124690055847,1071.1622314453125,-1.0712835788726807,0.4135685861110687,0.1913156658411026,0.060460709035396576,0.04432154819369316,0.04099009558558464,0.04061024636030197,-0.004977112170308828,-0.004938630387187004,-0.0024146682117134333,-0.0011657237773761153,-0.0004403460188768804,-0.00039516750257462263,0.24283041059970856,0.04047173634171486,-0.00042359455255791545,-0.007732226047664881,-1.164655089378357,2.5357422828674316,5162442.0
165.60000610351562,60.82106399536133,-0.1056080088019371,0.0713265985250473,826.021728515625,-0.6007291078567505,1056.8294677734375,-1.0390938520431519,992.2678833007812,-0.9152804017066956,1071.0550537109375,-1.0710994005203247,0.4130711853504181,0.1908225417137146,0.06022043526172638,0.04420606791973114,0.04094608128070831,0.0405702106654644,-0.004971058573573828,-0.004923914093524218,-0.0023909141309559345,-0.0011439695954322815,-0.00044002506183460355,-0.0004054481105413288,0.24256859719753265,0.040428098291158676,-0.00043802056461572647,-0.007714411709457636,-1.161971926689148,2.5352678298950195,5161475.5
165.6999969482422,60.811256408691406,-0.09806548804044724,0.07542526721954346,825.961669921875,-0.6007477045059204,1056.7255859375,-1.0390105247497559,992.1763305664062,-0.9152459502220154,1070.947998046875,-1.0709185600280762,0.4125743806362152,0.1903308779001236,0.059982508420944214,0.04409271106123924,0.0409020334482193,0.04052908718585968,-0.00496503384783864,-0.004909296054393053,-0.002367630833759904,-0.0011233254335820675,-0.0004409896209836006,-0.00041702011367306113,0.24229750037193298,0.04038291797041893,-0.00045390703598968685,-0.007697356399148703,-1.1594029664993286,2.5347931385040283,5160509.0
165.8000030517578,60.80224609375,-0.09011883288621902,0.07946649938821793,825.9015502929688,-0.6007638573646545,1056.6217041015625,-1.038926362991333,992.0847778320312,-0.9152092337608337,1070.8409423828125,-1.0707412958145142,0.4120781719684601,0.1898406744003296,0.059746887534856796,0.04398135840892792,0.04085782542824745,0.04048673436045647,-0.004959039855748415,-0.004894781857728958,-0.0023448304273188114,-0.0011038025841116905,-0.0004432566638570279,-0.00042993397801183164,0.2420162409543991,0.040336038917303085,-0.0004712993395514786,-0.007681100629270077,-1.1569545269012451,2.534318447113037,5159543.0
165.89999389648438,60.794063568115234,-0.08181080222129822,0.08308035135269165,825.8414916992188,-0.6007776260375977,1056.517822265625,-1.0388414859771729,991.9932861328125,-0.9151703119277954,1070.73388671875,-1.0705678462982178,0.4115825593471527,0.1893519163131714,0.05951352044939995,0.04387190192937851,0.040813323110342026,0.04044302552938461,-0.004953078459948301,-0.004880374763160944,-0.002322524320334196,-0.0010854094289243221,-0.0004468340484891087,-0.00044420370250009,0.24172396957874298,0.0402873270213604,-0.0004900607746094465,-0.007665680255740881,-1.1546318531036377,2.533843755722046,5158576.5
166.0,60.786739349365234,-0.07326418161392212,0.0854661837220192,825.7814331054688,-0.600788950920105,1056.4139404296875,-1.038756012916565,991.9017944335938,-0.9151293039321899,1070.6268310546875,-1.070398211479187,0.4110875427722931,0.1888645887374878,0.05928236246109009,0.043764229863882065,0.040768399834632874,0.040397822856903076,-0.004947150591760874,-0.004866078030318022,-0.002300719264894724,-0.0010681443382054567,-0.0004517030029091984,-0.0004597598745021969,0.24142003059387207,0.04023667424917221,-0.0005098168621771038,-0.007651119492948055,-1.1524386405944824,2.5333690643310547,5157610.0
166.10000610351562,60.780311584472656,-0.06426770240068436,0.08996476233005524,825.7213134765625,-0.6007980108261108,1056.31005859375,-1.0386700630187988,991.8102416992188,-0.9150863885879517,1070.519775390625,-1.0702327489852905,0.4105931222438812,0.1883786916732788,0.05905335769057274,0.04365822672843933,0.04072292521595955,0.04035099595785141,-0.004941259045153856,-0.004851896781474352,-0.002279427833855152,-0.0010520193027332425,-0.0004578828811645508,-0.0004766641650348902,0.24110352993011475,0.04018392041325569,-0.0005312574794515967,-0.007637462578713894,-1.1503815650939941,2.5328943729400635,5156643.5
166.1999969482422,60.77486801147461,-0.054437294602394104,0.09830411523580551,825.6612548828125,-0.60080486536026,1056.2061767578125,-1.0385839939117432,991.71875,-0.9150415658950806,1070.4127197265625,-1.070071816444397,0.4100992977619171,0.18789421021938324,0.05882645398378372,0.043553777039051056,0.04067676141858101,0.040302399545907974,-0.004935406148433685,-0.0048378389328718185,-0.002258674241602421,-0.0010370768141001463,-0.0004654756048694253,-0.0004952207091264427,0.24077291786670685,0.04012881964445114,-0.0005555202951654792,-0.007624793332070112,-1.1484732627868652,2.5324196815490723,5155677.0
166.3000030517578,60.7704963684082,-0.043702028691768646,0.10735266655683517,825.6011962890625,-0.6008095145225525,1056.102294921875,-1.0384979248046875,991.6272583007812,-0.9149951338768005,1070.3057861328125,-1.069915771484375,0.40960603952407837,0.1874111294746399,0.05860159918665886,0.04345075786113739,0.040629759430885315,0.040251847356557846,-0.004929596558213234,-0.004823913332074881,-0.0022384871263056993,-0.0010233683278784156,-0.00047460346831940114,-0.0005157436244189739,0.2404264509677887,0.04007107391953468,-0.0005827323184348643,-0.007613202091306448,-1.146727442741394,2.531944990158081,5154710.5
166.39999389648438,60.76728439331055,-0.03212044760584831,0.11581579595804214,825.5410766601562,-0.6008120179176331,1055.99853515625,-1.0384119749069214,991.5357666015625,-0.9149470329284668,1070.19873046875,-1.0697652101516724,0.4091133773326874,0.18692941963672638,0.058378733694553375,0.04334904998540878,0.04058176651597023,0.04019913449883461,-0.004923833534121513,-0.00481012836098671,-0.0022188937291502953,-0.0010109407594427466,-0.00048536970280110836,-0.0005384406540542841,0.24006244540214539,0.04001040756702423,-0.0006127104279585183,-0.0076027740724384785,-1.1451566219329834,2.53147029876709,5153744.0
166.5,60.765323638916016,-0.019609034061431885,0.12511414289474487,825.4810180664062,-0.6008124947547913,1055.8946533203125,-1.038326621055603,991.4442749023438,-0.9148975610733032,1070.091796875,-1.0696203708648682,0.40862128138542175,0.1864490956068039,0.058157794177532196,0.04324851557612419,0.04053260758519173,0.04014403373003006,-0.004918121267110109,-0.004796494264155626,-0.0021999222226440907,-0.0009998447494581342,-0.0004978837678208947,-0.0005635131965391338,0.23967911303043365,0.03994651883840561,-0.0006457369890995324,-0.007593602407723665,-1.143775224685669,2.5309953689575195,5152778.0
166.60000610351562,60.76472473144531,-0.0060230763629078865,0.13585957884788513,825.4209594726562,-0.6008110642433167,1055.7908935546875,-1.038241982460022,991.352783203125,-0.9148467779159546,1069.98486328125,-1.0694819688796997,0.4081297516822815,0.18597011268138885,0.057938721030950546,0.04314902052283287,0.04048210382461548,0.0400862954556942,-0.004912463948130608,-0.004783020820468664,-0.0021816056687384844,-0.0009901411831378937,-0.0005122780567035079,-0.0005912103224545717,0.23927442729473114,0.03987906873226166,-0.0006822365103289485,-0.007585794199258089,-1.142599105834961,2.5305206775665283,5151811.5
166.6999969482422,60.765594482421875,0.008708572015166283,0.14731648564338684,825.36083984375,-0.6008076667785645,1055.68701171875,-1.0381582975387573,991.2612915039062,-0.9147948622703552,1069.8779296875,-1.0693504810333252,0.4076387882232666,0.18549248576164246,0.057721443474292755,0.04305042698979378,0.040430061519145966,0.04002564027905464,-0.004906866699457169,-0.004769719671458006,-0.002163979923352599,-0.0009818961843848228,-0.0005286933737806976,-0.0006217769696377218,0.23884622752666473,0.03980770334601402,-0.0007223874563351274,-0.007579464931041002,-1.1416457891464233,2.530045986175537,5150845.0
166.8000030517578,60.768035888671875,0.02443993091583252,0.15731358528137207,825.30078125,-0.6008024215698242,1055.583251953125,-1.0380760431289673,991.1697998046875,-0.9147419929504395,1069.77099609375,-1.0692262649536133,0.4071483612060547,0.18501617014408112,0.05750589445233345,0.04295257851481438,0.040376272052526474,0.03996178135275841,-0.004901333246380091,-0.004756600596010685,-0.0021470754873007536,-0.0009751639445312321,-0.0005472320481203496,-0.0006553139537572861,0.23839253187179565,0.03973209112882614,-0.0007657083333469927,-0.007574714254587889,-1.14093017578125,2.529571294784546,5149878.5
166.89999389648438,60.77216720581055,0.04127684608101845,0.1683691442012787,825.24072265625,-0.6007954478263855,1055.4793701171875,-1.0379953384399414,991.078369140625,-0.9146882891654968,1069.6640625,-1.0691100358963013,0.40665850043296814,0.18454115092754364,0.057291995733976364,0.04285532608628273,0.040320515632629395,0.03989441320300102,-0.004895868245512247,-0.004743674769997597,-0.0021309256553649902,-0.0009700021473690867,-0.0005680017056874931,-0.0006919397274032235,0.23791131377220154,0.039651885628700256,-0.0008125508902594447,-0.007571653928607702,-1.1404691934585571,2.5290966033935547,5148912.0
167.0,60.77809524536133,0.0592799112200737,0.18003064393997192,825.1806030273438,-0.6007868051528931,1055.3756103515625,-1.0379164218902588,990.9868774414062,-0.9146339297294617,1069.55712890625,-1.0690022706985474,0.40616920590400696,0.18406742811203003,0.057079676538705826,0.042758509516716,0.04026256501674652,0.039823222905397415,-0.004890476819127798,-0.004730952903628349,-0.0021155644208192825,-0.0009664719109423459,-0.0005911154439672828,-0.0007317865965887904,0.2374003529548645,0.03956672549247742,-0.0008630382362753153,-0.007570400834083557,-1.1402804851531982,2.5286219120025635,5147945.5
167.10000610351562,60.785888671875,0.07796899974346161,0.18689091503620148,825.1205444335938,-0.6007764935493469,1055.2718505859375,-1.037839651107788,990.8954467773438,-0.9145791530609131,1069.4503173828125,-1.0689033269882202,0.40568041801452637,0.1835949569940567,0.05686885118484497,0.042661961168050766,0.04020218551158905,0.03974789381027222,-0.004885162226855755,-0.00471844244748354,-0.0021010120399296284,-0.0009645980317145586,-0.0006165827508084476,-0.0007746624760329723,0.23685820400714874,0.03947636857628822,-0.0009156313608400524,-0.007571023888885975,-1.1403743028640747,2.5281472206115723,5146979.0
167.1999969482422,60.795616149902344,0.0972464457154274,0.1927744597196579,825.0604858398438,-0.6007646918296814,1055.1680908203125,-1.0377652645111084,990.803955078125,-0.9145240783691406,1069.3433837890625,-1.068813443183899,0.40519216656684875,0.18312372267246246,0.05665943771600723,0.042565517127513885,0.04013914242386818,0.03966813534498215,-0.004879925865679979,-0.004706149455159903,-0.0020872822497040033,-0.0009643893572501838,-0.0006443709135055542,-0.0008202990866266191,0.23628367483615875,0.03938061371445656,-0.0009701161179691553,-0.007573582697659731,-1.1407597064971924,2.527672529220581,5146013.0
167.3000030517578,60.80730438232422,0.11689881980419159,0.19652369618415833,825.0003662109375,-0.6007514595985413,1055.064208984375,-1.0376932621002197,990.7125244140625,-0.9144688844680786,1069.2364501953125,-1.068732738494873,0.40470442175865173,0.18265371024608612,0.056451357901096344,0.04246901348233223,0.0400732085108757,0.03958369046449661,-0.004874770995229483,-0.004694077186286449,-0.002074381336569786,-0.0009658366907387972,-0.0006744015263393521,-0.0008683460764586926,0.23567596077919006,0.03927932679653168,-0.0010257851099595428,-0.007578114978969097,-1.1414424180984497,2.52719783782959,5145046.5
167.39999389648438,60.82097625732422,0.13670358061790466,0.19804756343364716,824.9403076171875,-0.6007368564605713,1054.96044921875,-1.0376241207122803,990.62109375,-0.9144137501716614,1069.129638671875,-1.0686614513397217,0.4042172133922577,0.18218490481376648,0.05624452978372574,0.04237228259444237,0.04000416398048401,0.039494339376688004,-0.0048696971498429775,-0.004682227969169617,-0.002062307670712471,-0.0009689105791039765,-0.0007065460667945445,-0.0009183677611872554,0.23503467440605164,0.039172444492578506,-0.001081945258192718,-0.007584637496620417,-1.1424248218536377,2.5267231464385986,5144080.0
167.5,60.83662796020508,0.15652945637702942,0.19825881719589233,824.8802490234375,-0.600721001625061,1054.856689453125,-1.037557601928711,990.5296020507812,-0.914358913898468,1069.0228271484375,-1.0685994625091553,0.40373048186302185,0.18171726167201996,0.05603886395692825,0.042275164276361465,0.03993180766701698,0.03939991071820259,-0.004864704795181751,-0.0046706004068255424,-0.002051053335890174,-0.0009735680650919676,-0.0007406473741866648,-0.0009699183865450323,0.23435966670513153,0.039059944450855255,-0.0011381792137399316,-0.007593152113258839,-1.1437073945999146,2.5262486934661865,5143113.5
167.60000610351562,60.85426712036133,0.17639626562595367,0.19866813719272614,824.8201904296875,-0.6007039546966553,1054.7529296875,-1.03749418258667,990.4381713867188,-0.9143044352531433,1068.9158935546875,-1.0685467720031738,0.4032442569732666,0.18125076591968536,0.05583428218960762,0.04217750206589699,0.0398559495806694,0.03930026292800903,-0.004859794396907091,-0.004659194964915514,-0.0020406097173690796,-0.000979765085503459,-0.0007765546906739473,-0.001022643642500043,0.23365090787410736,0.038941819220781326,-0.0011945044388994575,-0.007603664882481098,-1.1452908515930176,2.5257740020751953,5142147.5
167.6999969482422,60.87389373779297,0.1962718963623047,0.19875626266002655,824.7600708007812,-0.6006858348846436,1054.6492919921875,-1.0374337434768677,990.3468017578125,-0.9142505526542664,1068.80908203125,-1.0685031414031982,0.40275850892066956,0.1807854175567627,0.05563070997595787,0.042079146951436996,0.03977641835808754,0.03919529914855957,-0.00485496548935771,-0.004648010712116957,-0.0020309670362621546,-0.0009874546667560935,-0.0008141183061525226,-0.0010762432357296348,0.23290841281414032,0.03881806880235672,-0.0012507407227531075,-0.00761617673560977,-1.1471754312515259,2.525299310684204,5141181.0
167.8000030517578,60.89550018310547,0.21605534851551056,0.19783459603786469,824.7000122070312,-0.6006666421890259,1054.5455322265625,-1.0373764038085938,990.25537109375,-0.9141973257064819,1068.7022705078125,-1.068468689918518,0.4022732675075531,0.18032115697860718,0.05542805790901184,0.04197994992136955,0.03969305381178856,0.03908494487404823,-0.00485021760687232,-0.004637045785784721,-0.0020221108570694923,-0.0009965818608179688,-0.0008531742496415973,-0.001130410353653133,0.23213237524032593,0.03868872672319412,-0.0013065212406218052,-0.007630679756402969,-1.149359941482544,2.524824857711792,5140215.0
167.89999389648438,60.91901779174805,0.23517708480358124,0.191217303276062,824.6399536132812,-0.6006466150283813,1054.4417724609375,-1.0373222827911377,990.1639404296875,-0.9141449928283691,1068.5953369140625,-1.068442940711975,0.40178847312927246,0.17985799908638,0.05522625520825386,0.04187977313995361,0.039605721831321716,0.03896917402744293,-0.004845547955483198,-0.004626293200999498,-0.002014010678976774,-0.0010070500429719687,-0.0008934546494856477,-0.001184553257189691,0.23132388293743134,0.038553979247808456,-0.0013600914971902966,-0.007647109217941761,-1.151834487915039,2.524350166320801,5139248.5
168.0,60.94436264038086,0.2534433603286743,0.18266285955905914,824.5798950195312,-0.6006256937980652,1054.3380126953125,-1.03727126121521,990.072509765625,-0.9140936732292175,1068.488525390625,-1.0684255361557007,0.40130415558815,0.1793958842754364,0.05502522364258766,0.04177848622202873,0.039514314383268356,0.038848020136356354,-0.00484095374122262,-0.004615744575858116,-0.0020066266879439354,-0.0010187431471422315,-0.0009346508304588497,-0.0012380394618958235,0.2304844707250595,0.03841407969594002,-0.0014109715120866895,-0.00766537943854928,-1.1545865535736084,2.5238754749298096,5138282.5
168.10000610351562,60.97144317626953,0.2707988917827606,0.1735551953315735,824.5198364257812,-0.6006040573120117,1054.234375,-1.0372233390808105,989.9811401367188,-0.9140434265136719,1068.3817138671875,-1.068415880203247,0.4008202850818634,0.17893484234809875,0.05482489988207817,0.041675977408885956,0.03941875696182251,0.03872157633304596,-0.004836429841816425,-0.004605389665812254,-0.0019999160431325436,-0.0010315404506400228,-0.0009764592978172004,-0.0012903325259685516,0.22961582243442535,0.03826930373907089,-0.0014589837519451976,-0.007685401011258364,-1.1576021909713745,2.5234010219573975,5137316.5
168.1999969482422,61.00018310546875,0.2874089479446411,0.16610048711299896,824.4597778320312,-0.6005817651748657,1054.130615234375,-1.03717839717865,989.8897094726562,-0.9139943718910217,1068.27490234375,-1.0684136152267456,0.4003368616104126,0.1784747987985611,0.054625216871500015,0.04157213494181633,0.03931899741292,0.038589976727962494,-0.004831974394619465,-0.004595219157636166,-0.0019938412588089705,-0.00104533473495394,-0.0010186267318204045,-0.001341109280474484,0.22871944308280945,0.038119908422231674,-0.001504588988609612,-0.00770709989592433,-1.1608705520629883,2.5229265689849854,5136350.5
168.3000030517578,61.03052520751953,0.30342116951942444,0.16012243926525116,824.3997192382812,-0.6005589365959167,1054.02685546875,-1.0371365547180176,989.79833984375,-0.9139465689659119,1068.16796875,-1.068418264389038,0.3998538851737976,0.1780157834291458,0.05442610755562782,0.04146686941385269,0.03921501338481903,0.03845338523387909,-0.004827583208680153,-0.004585226532071829,-0.00198836880736053,-0.0010600328678265214,-0.0010609511518850923,-0.0013902195496484637,0.22779659926891327,0.03796610236167908,-0.001548140891827643,-0.0077304174192249775,-1.1643826961517334,2.522451877593994,5135384.5
168.39999389648438,61.062381744384766,0.31855547428131104,0.15134304761886597,824.3396606445312,-0.6005356311798096,1053.9232177734375,-1.037097692489624,989.7069091796875,-0.9139001965522766,1068.0611572265625,-1.0684293508529663,0.39937135577201843,0.17755775153636932,0.054227519780397415,0.041360095143318176,0.03910680115222931,0.038311976939439774,-0.004823253024369478,-0.00457540201023221,-0.001983458874747157,-0.0010755264665931463,-0.0011031972244381905,-0.0014373969752341509,0.22684894502162933,0.03780815750360489,-0.0015887547051534057,-0.00775526650249958,-1.1681256294250488,2.521977424621582,5134418.0
168.5,61.09566879272461,0.33286717534065247,0.1431169956922531,824.2796020507812,-0.600511908531189,1053.8194580078125,-1.0370616912841797,989.6155395507812,-0.9138551950454712,1067.954345703125,-1.068446397781372,0.3988892436027527,0.17710070312023163,0.05402939394116402,0.041251733899116516,0.03899437561631203,0.03816595673561096,-0.004818980116397142,-0.004565735347568989,-0.0019790714140981436,-0.0010917099425569177,-0.0011451472528278828,-0.0014824382960796356,0.22587810456752777,0.037646349519491196,-0.0016266601160168648,-0.007781566120684147,-1.1720869541168213,2.52150297164917,5133452.5
168.60000610351562,61.13031005859375,0.34642428159713745,0.13557079434394836,824.2195434570312,-0.6004878878593445,1053.7156982421875,-1.0370285511016846,989.524169921875,-0.9138117432594299,1067.847412109375,-1.0684690475463867,0.39840754866600037,0.17664459347724915,0.05383168160915375,0.041141726076602936,0.038877781480550766,0.03801554813981056,-0.004814760759472847,-0.004556218162178993,-0.001975169638171792,-0.0011084856232628226,-0.001186615671031177,-0.0015252347802743316,0.22488564252853394,0.03748093917965889,-0.0016620215028524399,-0.0078092413023114204,-1.176255464553833,2.521028518676758,5132486.5
168.6999969482422,61.1662483215332,0.3593696653842926,0.12945407629013062,824.1595458984375,-0.6004635691642761,1053.612060546875,-1.0369980335235596,989.4328002929688,-0.9137698411941528,1067.7406005859375,-1.068496823310852,0.3979262709617615,0.17618945240974426,0.053634341806173325,0.04103001207113266,0.038757070899009705,0.037860970944166183,-0.004810592625290155,-0.004546842537820339,-0.0019717207178473473,-0.0011257693404331803,-0.0012274595210328698,-0.001565789571031928,0.22387290000915527,0.03731215000152588,-0.0016952308360487223,-0.007838231511414051,-1.1806221008300781,2.5205540657043457,5131520.5
168.8000030517578,61.20342254638672,0.37175020575523376,0.12380534410476685,824.0994873046875,-0.600439190864563,1053.50830078125,-1.0369702577590942,989.3413696289062,-0.9137294292449951,1067.6337890625,-1.0685293674468994,0.397445410490036,0.1757352203130722,0.05343732237815857,0.040916550904512405,0.038632310926914215,0.037702448666095734,-0.004806471988558769,-0.004537601489573717,-0.0019686941523104906,-0.0011434840271249413,-0.0012675608741119504,-0.0016041443450376391,0.22284109890460968,0.03714018315076828,-0.0017263838090002537,-0.007868481799960136,-1.185178518295288,2.5200796127319336,5130554.5
168.89999389648438,61.24177932739258,0.38358426094055176,0.11834058910608292,824.0394287109375,-0.6004146337509155,1053.4046630859375,-1.0369452238082886,989.25,-0.9136906862258911,1067.5269775390625,-1.0685663223266602,0.396964967250824,0.17528192698955536,0.0532405860722065,0.04080130159854889,0.038503583520650864,0.03754020109772682,-0.004802396520972252,-0.004528488032519817,-0.0019660608377307653,-0.0011615565745159984,-0.0013068155385553837,-0.0016403443878516555,0.22179149091243744,0.03696524724364281,-0.0017555267550051212,-0.007899938151240349,-1.1899164915084839,2.5196051597595215,5129588.5
169.0,61.28127670288086,0.39496421813964844,0.11379942297935486,823.9793701171875,-0.6003900766372681,1053.301025390625,-1.036922574043274,989.1586303710938,-0.9136536121368408,1067.4200439453125,-1.0686074495315552,0.39648494124412537,0.17482952773571014,0.053044091910123825,0.04068422690033913,0.038370974361896515,0.03737443685531616,-0.0047983634285628796,-0.00451949518173933,-0.0019637939985841513,-0.0011799224885180593,-0.0013451457489281893,-0.0016744774766266346,0.22072511911392212,0.036787521094083786,-0.0017829227726906538,-0.007932554930448532,-1.1948294639587402,2.5191309452056885,5128623.0
169.10000610351562,61.321876525878906,0.405997633934021,0.1103341355919838,823.9193725585938,-0.6003655791282654,1053.197265625,-1.0369025468826294,989.0673217773438,-0.9136181473731995,1067.313232421875,-1.0686523914337158,0.3960053026676178,0.17437802255153656,0.052847810089588165,0.04056530445814133,0.03823458403348923,0.03720536082983017,-0.00479437131434679,-0.004510618280619383,-0.0019618715159595013,-0.0011985276360064745,-0.001382502494379878,-0.0017066787695512176,0.21964292228221893,0.036607153713703156,-0.0018088553333655,-0.00796630047261715,-1.1999123096466064,2.5186564922332764,5127657.0
169.1999969482422,61.3635139465332,0.41636189818382263,0.10364286601543427,823.8593139648438,-0.6003412008285522,1053.0936279296875,-1.0368850231170654,988.9759521484375,-0.9135843515396118,1067.206298828125,-1.0687007904052734,0.39552608132362366,0.1739273965358734,0.05265170708298683,0.0404445119202137,0.03809451311826706,0.03703315928578377,-0.004790416453033686,-0.0045018489472568035,-0.001960262656211853,-0.0012172997230663896,-0.0014187876367941499,-0.001736885285936296,0.21854619681835175,0.03642436861991882,-0.0018324077827855945,-0.008001106791198254,-1.2051550149917603,2.5181820392608643,5126691.5
169.3000030517578,61.4061164855957,0.42601677775382996,0.09654882550239563,823.7992553710938,-0.6003170013427734,1052.9898681640625,-1.036869764328003,988.8845825195312,-0.9135522842407227,1067.0994873046875,-1.0687522888183594,0.39504721760749817,0.1734776496887207,0.05245574563741684,0.04032183811068535,0.037950869649648666,0.03685804456472397,-0.004786496516317129,-0.004493180196732283,-0.0019589350558817387,-0.0012361629633232951,-0.0014538943069055676,-0.0017650005174800754,0.21743638813495636,0.036239396780729294,-0.0018535770941525698,-0.008036904968321323,-1.2105469703674316,2.5177078247070312,5125725.5
169.39999389648438,61.4495964050293,0.43480202555656433,0.0878523513674736,823.7392578125,-0.600292980670929,1052.88623046875,-1.036856770515442,988.793212890625,-0.9135218262672424,1066.9925537109375,-1.068806529045105,0.3945687711238861,0.17302875220775604,0.0522599071264267,0.04019727557897568,0.037803780287504196,0.036680229008197784,-0.004782606847584248,-0.004484602250158787,-0.001957853091880679,-0.0012550336541607976,-0.0014876980567350984,-0.0017908703302964568,0.21631509065628052,0.03605251386761665,-0.0018719489453360438,-0.008073607459664345,-1.2160751819610596,2.517233371734619,5124760.0
169.5,61.493831634521484,0.4423685669898987,0.07566536962985992,823.67919921875,-0.6002691984176636,1052.782470703125,-1.0368456840515137,988.7018432617188,-0.9134930968284607,1066.8857421875,-1.0688626766204834,0.3940907120704651,0.17258071899414062,0.05206416919827461,0.04007083177566528,0.03765338286757469,0.036499958485364914,-0.004778743255883455,-0.004476103000342846,-0.0019569718278944492,-0.0012738079531118274,-0.0015200211200863123,-0.0018141854088753462,0.21518442034721375,0.03586407005786896,-0.0018866495229303837,-0.008111091330647469,-1.2217211723327637,2.516759157180786,5123794.5
169.60000610351562,61.53868865966797,0.4485771954059601,0.06208639591932297,823.6192016601562,-0.6002457737922668,1052.6788330078125,-1.0368366241455078,988.6105346679688,-0.9134660363197327,1066.77880859375,-1.0689202547073364,0.3936130106449127,0.17213353514671326,0.0518685057759285,0.03994252160191536,0.03749983757734299,0.03631749376654625,-0.004774900618940592,-0.00446767034009099,-0.0019562426023185253,-0.0012923734029754996,-0.0015506695490330458,-0.001834619790315628,0.2140466719865799,0.03567444533109665,-0.0018974391277879477,-0.008149221539497375,-1.2274645566940308,2.516284942626953,5122829.0
169.6999969482422,61.58406448364258,0.45375433564186096,0.05177143216133118,823.5592041015625,-0.6002227663993835,1052.5751953125,-1.0368291139602661,988.5191650390625,-0.9134405255317688,1066.671875,-1.0689787864685059,0.3931357264518738,0.17168718576431274,0.05167291313409805,0.0398123674094677,0.03734331578016281,0.036133140325546265,-0.004771074280142784,-0.004459293559193611,-0.0019556256011128426,-0.0013106417609378695,-0.0015795219223946333,-0.001852104440331459,0.21290376782417297,0.035483960062265396,-0.0019052776042371988,-0.008187894709408283,-1.2332895994186401,2.51581072807312,5121863.5
169.8000030517578,61.62990188598633,0.458388090133667,0.046337563544511795,823.4991455078125,-0.6002000570297241,1052.471435546875,-1.0368232727050781,988.4278564453125,-0.9134166240692139,1066.5650634765625,-1.069037914276123,0.3926587998867035,0.1712416708469391,0.051477380096912384,0.03968040645122528,0.03718400001525879,0.035947173833847046,-0.004767262376844883,-0.0044509656727313995,-0.0019550954457372427,-0.0013285630848258734,-0.0016065639210864902,-0.0018668852280825377,0.2117568850517273,0.035292815417051315,-0.0019114271271973848,-0.00822705589234829,-1.2391881942749023,2.515336513519287,5120898.0
169.89999389648438,61.67616653442383,0.4626164436340332,0.04228353500366211,823.4391479492188,-0.6001778841018677,1052.3677978515625,-1.0368188619613647,988.3364868164062,-0.9133943319320679,1066.4581298828125,-1.0690972805023193,0.39218226075172424,0.17079699039459229,0.0512818917632103,0.039546672254800797,0.037022072821855545,0.03575984761118889,-0.0047634621150791645,-0.004442681558430195,-0.001954633742570877,-0.0013461037306115031,-0.0016318232519552112,-0.0018792691407725215,0.2106069028377533,0.03510114923119545,-0.001916173961944878,-0.008266665041446686,-1.2451542615890503,2.514862298965454,5119932.5
170.0,61.722782135009766,0.46614983677864075,0.03533385694026947,823.3790893554688,-0.6001561284065247,1052.26416015625,-1.036815881729126,988.2451782226562,-0.9133734703063965,1066.3511962890625,-1.0691567659378052,0.39170610904693604,0.17035312950611115,0.05108644813299179,0.03941120207309723,0.03685770556330681,0.03557140380144119,-0.004759671166539192,-0.004434435628354549,-0.0019542155787348747,-0.001363215735182166,-0.001655282685533166,-0.0018893552478402853,0.20945501327514648,0.034909170120954514,-0.0019187727011740208,-0.008306651376187801,-1.251177191734314,2.514388084411621,5118967.0
170.10000610351562,61.76968002319336,0.46898865699768066,0.028388120234012604,823.319091796875,-0.6001349091529846,1052.160400390625,-1.0368140935897827,988.15380859375,-0.9133540391921997,1066.2442626953125,-1.0692158937454224,0.39123034477233887,0.16991010308265686,0.050891049206256866,0.03927404433488846,0.0366910845041275,0.03538206219673157,-0.004755886737257242,-0.004426219500601292,-0.001953815808519721,-0.0013798504369333386,-0.001676921034231782,-0.0018972029210999608,0.20830245316028595,0.034717075526714325,-0.0019193441839888692,-0.008346945978701115,-1.257246494293213,2.513913869857788,5118001.5
170.1999969482422,61.8167724609375,0.4709385335445404,0.019498735666275024,823.2590942382812,-0.6001142263412476,1052.0567626953125,-1.0368133783340454,988.0625,-0.9133360385894775,1066.1373291015625,-1.0692743062973022,0.39075493812561035,0.16946788132190704,0.05069568753242493,0.03913525119423866,0.03652239590883255,0.03519205003976822,-0.004752105567604303,-0.004418026655912399,-0.0019534053280949593,-0.00139595044311136,-0.001696691382676363,-0.001902771764434874,0.2071506679058075,0.03452511131763458,-0.001917425892315805,-0.008387458510696888,-1.2633485794067383,2.513439655303955,5117036.5
170.3000030517578,61.86394500732422,0.47173044085502625,0.00791898649185896,823.1990966796875,-0.6000940799713135,1051.953125,-1.0368136167526245,987.9711303710938,-0.9133194088935852,1066.0303955078125,-1.0693316459655762,0.3902799189090729,0.16902649402618408,0.05050037056207657,0.03899487853050232,0.036351826041936874,0.03500160202383995,-0.004748323932290077,-0.004409846384078264,-0.0019529489800333977,-0.0014114436926320195,-0.001714505022391677,-0.001905892277136445,0.2060014307498932,0.034333571791648865,-0.0019124321406707168,-0.008428072556853294,-1.2694660425186157,2.512965440750122,5116071.0
170.39999389648438,61.911094665527344,0.4715029299259186,-0.002274847822263837,823.1390991210938,-0.6000744700431824,1051.849365234375,-1.036814570426941,987.8798217773438,-0.9133040308952332,1065.9234619140625,-1.0693873167037964,0.38980525732040405,0.16858592629432678,0.05030510202050209,0.0388529896736145,0.036179572343826294,0.03481097146868706,-0.004744538106024265,-0.004401669837534428,-0.0019524145172908902,-0.0014262674376368523,-0.0017303003696724772,-0.001906499732285738,0.20485636591911316,0.03414272889494896,-0.0019048374379053712,-0.008468683809041977,-1.275583028793335,2.512491226196289,5115105.5
170.5,61.95814514160156,0.47050726413726807,-0.009956729598343372,823.0790405273438,-0.600055456161499,1051.7457275390625,-1.0368160009384155,987.7885131835938,-0.9132898449897766,1065.8165283203125,-1.0694410800933838,0.38933101296424866,0.16814616322517395,0.05010988935828209,0.03870965540409088,0.03600584715604782,0.03462040051817894,-0.004740745294839144,-0.0043934909626841545,-0.0019517778418958187,-0.001440378837287426,-0.0017440711380913854,-0.0019046986708417535,0.20371674001216888,0.03395278751850128,-0.0018952921964228153,-0.008509214967489243,-1.2816879749298096,2.512017250061035,5114140.5
170.60000610351562,62.00503921508789,0.46891671419143677,-0.015905434265732765,823.01904296875,-0.6000370979309082,1051.6419677734375,-1.036818027496338,987.6971435546875,-0.9132767915725708,1065.7095947265625,-1.0694925785064697,0.3888571262359619,0.16770721971988678,0.04991475120186806,0.03856494277715683,0.03583084046840668,0.0344301238656044,-0.004736943170428276,-0.00438530370593071,-0.0019510204438120127,-0.001453750766813755,-0.001755849807523191,-0.001900685136206448,0.20258350670337677,0.03376391902565956,-0.0018842227291315794,-0.008549605496227741,-1.2877718210220337,2.511543035507202,5113175.5
170.6999969482422,62.051719665527344,0.46681922674179077,-0.02097485400736332,822.9590454101562,-0.6000192761421204,1051.538330078125,-1.0368202924728394,987.6058349609375,-0.9132647514343262,1065.6026611328125,-1.0695418119430542,0.3883836269378662,0.16726909577846527,0.04971969127655029,0.038418933749198914,0.03565475344657898,0.034240350127220154,-0.0047331303358078,-0.004377103876322508,-0.0019501277711242437,-0.0014663648325949907,-0.0017656885320320725,-0.001894672866910696,0.20145750045776367,0.033576250076293945,-0.0018718551145866513,-0.008589803241193295,-1.2938265800476074,2.5110690593719482,5112210.0
170.8000030517578,62.09812927246094,0.46409207582473755,-0.027271762490272522,822.8990478515625,-0.6000020503997803,1051.4346923828125,-1.03682279586792,987.5145263671875,-0.9132537245750427,1065.4957275390625,-1.0695884227752686,0.38791048526763916,0.16683180630207062,0.04952473193407059,0.0382717028260231,0.03547777980566025,0.03405126929283142,-0.004729303997009993,-0.0043688868172466755,-0.001949082943610847,-0.0014781983336433768,-0.0017736208392307162,-0.0018867795588448644,0.20033963024616241,0.03338993713259697,-0.001857911585830152,-0.008629744872450829,-1.2998425960540771,2.5105948448181152,5111245.0
170.89999389648438,62.14414978027344,0.4601954221725464,-0.03896648809313774,822.8390502929688,-0.5999854803085327,1051.3309326171875,-1.03682541847229,987.4232177734375,-0.9132435917854309,1065.388671875,-1.0696319341659546,0.38743776082992554,0.16639532148838043,0.049329884350299835,0.03812332823872566,0.035300109535455704,0.03386308252811432,-0.0047254618257284164,-0.004360643681138754,-0.0019478570902720094,-0.0014891980681568384,-0.0017795937601476908,-0.0018768339650705457,0.19923143088817596,0.03320523723959923,-0.0018411516211926937,-0.008669309318065643,-1.3058019876480103,2.5101208686828613,5110280.0
171.0,62.18966293334961,0.4551226496696472,-0.050727587193250656,822.779052734375,-0.5999695062637329,1051.227294921875,-1.036827802658081,987.3318481445312,-0.913234293460846,1065.28173828125,-1.0696721076965332,0.38696539402008057,0.1659596711397171,0.04913516715168953,0.03797389939427376,0.035121943801641464,0.03367600217461586,-0.004721599165350199,-0.004352365620434284,-0.0019464201759546995,-0.0014993087388575077,-0.0017835473408922553,-0.0018646767130121589,0.19813451170921326,0.03302241861820221,-0.001821740297600627,-0.008708378300070763,-1.311686635017395,2.5096468925476074,5109314.5
171.10000610351562,62.234535217285156,0.44874390959739685,-0.06378734856843948,822.7190551757812,-0.5999541282653809,1051.1236572265625,-1.0368298292160034,987.2405395507812,-0.9132256507873535,1065.1748046875,-1.0697083473205566,0.386493444442749,0.16552485525608063,0.04894061014056206,0.03782350569963455,0.034943487495183945,0.03349025547504425,-0.004717713221907616,-0.004344044253230095,-0.0019447403028607368,-0.0015084712067618966,-0.0017854125471785665,-0.001850144355557859,0.19705058634281158,0.0328417643904686,-0.0017994142835959792,-0.008746817708015442,-1.317476511001587,2.5091726779937744,5108349.5
171.1999969482422,62.27861785888672,0.4408203065395355,-0.07923612743616104,822.6590576171875,-0.5999392867088318,1051.0198974609375,-1.036831259727478,987.1492309570312,-0.9132177233695984,1065.06787109375,-1.0697401762008667,0.38602185249328613,0.165090873837471,0.04874623194336891,0.0376722477376461,0.03476495295763016,0.03330609202384949,-0.004713798873126507,-0.004335668403655291,-0.001942780683748424,-0.0015166153898462653,-0.0017850907752290368,-0.0018330065067857504,0.19598166644573212,0.03266360983252525,-0.0017736972076818347,-0.008784469217061996,-1.3231477737426758,2.5086987018585205,5107384.5
171.3000030517578,62.3217658996582,0.4314606189727783,-0.0935969203710556,822.5990600585938,-0.5999251008033752,1050.916259765625,-1.0368319749832153,987.0579223632812,-0.9132102131843567,1064.9608154296875,-1.0697672367095947,0.38555067777633667,0.16465772688388824,0.04855206608772278,0.03752022981643677,0.03458656370639801,0.03312378376722336,-0.004709852393716574,-0.004327228292822838,-0.0019405074417591095,-0.00152367923874408,-0.0017825072864070535,-0.0018131397664546967,0.1949295699596405,0.03248826414346695,-0.001744963345117867,-0.008821185678243637,-1.3286781311035156,2.5082247257232666,5106419.5
171.39999389648438,62.36384963989258,0.42085525393486023,-0.10605362802743912,822.5390625,-0.5999113917350769,1050.8126220703125,-1.0368314981460571,986.966552734375,-0.9132031798362732,1064.8538818359375,-1.069788932800293,0.38507989048957825,0.16422542929649353,0.04835814610123634,0.0373675599694252,0.03440854698419571,0.032943595200777054,-0.004705870524048805,-0.004318715073168278,-0.0019378926372155547,-0.0015296158380806446,-0.0017776309978216887,-0.0017905656713992357,0.19389592111110687,0.03231598809361458,-0.0017136913957074285,-0.008856839500367641,-1.3340483903884888,2.5077507495880127,5105454.5
171.5,62.404754638671875,0.4090327322483063,-0.11822526901960373,822.4790649414062,-0.5998982787132263,1050.7088623046875,-1.036829948425293,986.875244140625,-0.9131963849067688,1064.746826171875,-1.0698050260543823,0.38460949063301086,0.16379398107528687,0.048164501786231995,0.03721435368061066,0.03423113748431206,0.03276579827070236,-0.004701849538832903,-0.004310121294111013,-0.0019349104259163141,-0.001534384791739285,-0.0017704463098198175,-0.00176534045021981,0.19288219511508942,0.03214703127741814,-0.0016799620352685452,-0.008891304954886436,-1.3392397165298462,2.507276773452759,5104489.5
171.60000610351562,62.4443359375,0.39583587646484375,-0.13196854293346405,822.4191284179688,-0.5998856425285339,1050.605224609375,-1.0368269681930542,986.783935546875,-0.9131897687911987,1064.639892578125,-1.0698150396347046,0.3841395080089569,0.16336341202259064,0.047971177846193314,0.03706073388457298,0.03405455872416496,0.03259066119790077,-0.004697785712778568,-0.004301438108086586,-0.0019315327517688274,-0.0015379401156678796,-0.0017609201604500413,-0.0017374480376020074,0.19189001619815826,0.03198166936635971,-0.0016434590797871351,-0.00892444048076868,-1.3442306518554688,2.506802797317505,5103524.5
171.6999969482422,62.48249053955078,0.38154494762420654,-0.14290927350521088,822.359130859375,-0.5998735427856445,1050.50146484375,-1.0368221998214722,986.692626953125,-0.9131832122802734,1064.532958984375,-1.0698186159133911,0.3836699426174164,0.16293369233608246,0.04777821525931358,0.03690681606531143,0.033879052847623825,0.03241843730211258,-0.004693676717579365,-0.004292658530175686,-0.001927737845107913,-0.0015402521239593625,-0.001749063958413899,-0.001707004732452333,0.19092071056365967,0.03182011842727661,-0.0016049089608713984,-0.008956133387982845,-1.3490045070648193,2.506328821182251,5102559.5
171.8000030517578,62.51911926269531,0.3662954270839691,-0.1524951010942459,822.2991333007812,-0.5998618602752686,1050.3978271484375,-1.0368157625198364,986.601318359375,-0.9131765365600586,1064.4259033203125,-1.0698155164718628,0.3832007944583893,0.1625048816204071,0.04758565127849579,0.03675273433327675,0.03370484709739685,0.03224938362836838,-0.004689519759267569,-0.004283777438104153,-0.0019235087092965841,-0.0015413034707307816,-0.001734918332658708,-0.0016741908621042967,0.18997539579868317,0.03166256472468376,-0.0015645950334146619,-0.008986284956336021,-1.3535460233688354,2.505854845046997,5101594.5
171.89999389648438,62.554134368896484,0.35013654828071594,-0.1615888923406601,822.2391357421875,-0.5998506546020508,1050.294189453125,-1.0368072986602783,986.510009765625,-0.9131696820259094,1064.3189697265625,-1.0698055028915405,0.3827320337295532,0.1620769500732422,0.04739353060722351,0.03659861162304878,0.033532168716192245,0.032083719968795776,-0.0046853129751980305,-0.004274788778275251,-0.001918830443173647,-0.0015410816995427012,-0.001718533574603498,-0.0016391802346333861,0.18905504047870636,0.031509172171354294,-0.0015226368559524417,-0.009014800190925598,-1.3578410148620605,2.505380868911743,5100629.5
172.0,62.587467193603516,0.33332863450050354,-0.16807921230793,822.1791381835938,-0.5998398065567017,1050.1904296875,-1.0367968082427979,986.4186401367188,-0.9131624102592468,1064.2120361328125,-1.0697884559631348,0.382263720035553,0.1616499274969101,0.04720190167427063,0.03644457086920738,0.03336123377084732,0.03192165493965149,-0.0046810549683868885,-0.0042656902223825455,-0.001913694548420608,-0.001539589837193489,-0.0016999967629089952,-0.001602229312993586,0.18816037476062775,0.03136005997657776,-0.001479637110605836,-0.009041612036526203,-1.3618794679641724,2.5049068927764893,5099665.0
172.10000610351562,62.61908721923828,0.31620505452156067,-0.17123571038246155,822.1192016601562,-0.5998293161392212,1050.0867919921875,-1.0367839336395264,986.3273315429688,-0.9131547212600708,1064.10498046875,-1.0697643756866455,0.38179582357406616,0.16122381389141083,0.047010812908411026,0.03629074618220329,0.03319225832819939,0.03176336735486984,-0.004676744807511568,-0.004256479442119598,-0.0019081004429608583,-0.001536851515993476,-0.0016794438706710935,-0.0015637017786502838,0.18729166686534882,0.031215278431773186,-0.001436304533854127,-0.009066685102880001,-1.3656561374664307,2.5044329166412354,5098700.0
172.1999969482422,62.64896011352539,0.2987380921840668,-0.17466950416564941,822.0592041015625,-0.5998191237449646,1049.983154296875,-1.0367687940597534,986.2360229492188,-0.9131464958190918,1063.998046875,-1.0697331428527832,0.38132837414741516,0.16079863905906677,0.046820301562547684,0.03613725304603577,0.03302542865276337,0.03160899877548218,-0.004672382026910782,-0.004247155971825123,-0.001902048708871007,-0.00153289083391428,-0.0016570041188970208,-0.0015238829655572772,0.18644919991493225,0.03107486665248871,-0.0013925201492384076,-0.009089984931051731,-1.3691655397415161,2.5039589405059814,5097735.0
172.3000030517578,62.67705154418945,0.2809126079082489,-0.1782550811767578,821.9992065429688,-0.5998092293739319,1049.87939453125,-1.0367511510849,986.1447143554688,-0.9131374955177307,1063.89111328125,-1.0696946382522583,0.3808613717556,0.16037438809871674,0.04663042351603508,0.03598421812057495,0.03286093845963478,0.031458668410778046,-0.004667966160923243,-0.004237718880176544,-0.0018955391133204103,-0.0015277306083589792,-0.001632793340831995,-0.0014829779975116253,0.18563324213027954,0.030938873067498207,-0.0013482662616297603,-0.00911147240549326,-1.3724020719528198,2.5034852027893066,5096770.0
172.39999389648438,62.703365325927734,0.2631371021270752,-0.1777549535036087,821.939208984375,-0.5997995138168335,1049.7757568359375,-1.0367310047149658,986.0534057617188,-0.9131277203559875,1063.7840576171875,-1.06964910030365,0.3803947865962982,0.1599510908126831,0.0464412160217762,0.0358317568898201,0.032698944211006165,0.03131246566772461,-0.0046634976752102375,-0.00422816863283515,-0.0018885801546275616,-0.001521413796581328,-0.001606975682079792,-0.0014413197059184313,0.18484362959861755,0.03080727346241474,-0.0013044447405263782,-0.00913115032017231,-1.3753660917282104,2.5030112266540527,5095805.5
172.5,62.727935791015625,0.2456960678100586,-0.1744103729724884,821.8792724609375,-0.5997899770736694,1049.672119140625,-1.0367082357406616,985.9620971679688,-0.913116991519928,1063.6771240234375,-1.069596767425537,0.37992867827415466,0.15952876210212708,0.04625272378325462,0.035679981112480164,0.03253960609436035,0.031170450150966644,-0.004658977501094341,-0.004218508955091238,-0.001881187316030264,-0.001514000236056745,-0.0015797516098245978,-0.0013993089087307453,0.18407988548278809,0.030679982155561447,-0.0012615890009328723,-0.009149054065346718,-1.3780627250671387,2.502537250518799,5094840.5
172.60000610351562,62.75082778930664,0.22892318665981293,-0.16772879660129547,821.8192749023438,-0.5997806191444397,1049.5684814453125,-1.0366828441619873,985.8707885742188,-0.9131052494049072,1063.5701904296875,-1.06953763961792,0.37946298718452454,0.15910740196704865,0.04606499522924423,0.0355289988219738,0.03238305076956749,0.031032631173729897,-0.00465440796688199,-0.004208744969218969,-0.0018733838805928826,-0.0015055672265589237,-0.001551357563585043,-0.0013574061449617147,0.1833411008119583,0.030556850135326385,-0.001220366801135242,-0.009165247902274132,-1.3805019855499268,2.502063274383545,5093875.5
172.6999969482422,62.772132873535156,0.21304528415203094,-0.15877893567085266,821.75927734375,-0.59977126121521,1049.4647216796875,-1.0366549491882324,985.7794799804688,-0.9130923748016357,1063.4632568359375,-1.069472312927246,0.3789977729320526,0.15868701040744781,0.04587806388735771,0.03537890687584877,0.03222937881946564,0.03089897520840168,-0.004649791866540909,-0.004198883194476366,-0.0018651982536539435,-0.0014962038258090615,-0.0015220484929159284,-0.0013160736998543143,0.18262608349323273,0.030437679961323738,-0.0011811950244009495,-0.009179824963212013,-1.382697582244873,2.50158953666687,5092911.0
172.8000030517578,62.79195022583008,0.19817295670509338,-0.14872337877750397,821.6993408203125,-0.5997620224952698,1049.361083984375,-1.036624550819397,985.6881713867188,-0.9130783677101135,1063.3563232421875,-1.0694010257720947,0.3785330355167389,0.15826761722564697,0.045691970735788345,0.035229794681072235,0.03207867592573166,0.030769404023885727,-0.00464513199403882,-0.004188931547105312,-0.0018566615181043744,-0.0014860030496492982,-0.0014920779503881931,-0.0012757160002365708,0.18193353712558746,0.030322255566716194,-0.0011442583054304123,-0.00919288583099842,-1.3846648931503296,2.501115560531616,5091946.0
172.89999389648438,62.81041717529297,0.18466974794864655,-0.13503199815750122,821.6393432617188,-0.5997527241706848,1049.2574462890625,-1.036591649055481,985.5968627929688,-0.9130630493164062,1063.2493896484375,-1.0693244934082031,0.3780687749385834,0.1578492373228073,0.04550674557685852,0.03508174046874046,0.031930986791849136,0.030643798410892487,-0.004640432074666023,-0.004178898874670267,-0.001847811508923769,-0.001475074328482151,-0.001461729989387095,-0.0012367952149361372,0.18126174807548523,0.03021029196679592,-0.0011103058932349086,-0.009204569272696972,-1.3864246606826782,2.5006415843963623,5090981.5
173.0,62.82766342163086,0.17247672379016876,-0.12193022668361664,821.579345703125,-0.5997433066368103,1049.15380859375,-1.0365564823150635,985.5055541992188,-0.9130464792251587,1063.1424560546875,-1.0692429542541504,0.37760496139526367,0.15743184089660645,0.045322418212890625,0.03493480756878853,0.03178634122014046,0.030521996319293976,-0.004635695833712816,-0.004168795421719551,-0.0018386861775070429,-0.001463523251004517,-0.0014312646817415953,-0.0011996534885838628,0.18060904741287231,0.030101507902145386,-0.0010791262611746788,-0.009215009398758411,-1.3879972696304321,2.5001678466796875,5090016.5
173.10000610351562,62.843814849853516,0.16148380935192108,-0.10992924124002457,821.5194091796875,-0.599733829498291,1049.0501708984375,-1.036518931388855,985.4142456054688,-0.9130284786224365,1063.0355224609375,-1.0691568851470947,0.3771416246891022,0.15701547265052795,0.045139018446207047,0.034789055585861206,0.03164473548531532,0.030403807759284973,-0.004630927462130785,-0.0041586291044950485,-0.0018293195171281695,-0.001451445510610938,-0.0014009022852405906,-0.001164491637609899,0.17997387051582336,0.029995644465088844,-0.0010504882084205747,-0.009224328212440014,-1.389400839805603,2.4996938705444336,5089052.0
173.1999969482422,62.859012603759766,0.151978999376297,-0.09504809975624084,821.4594116210938,-0.5997241735458374,1048.9464111328125,-1.0364792346954346,985.3229370117188,-0.9130091667175293,1062.9285888671875,-1.0690670013427734,0.3766787648200989,0.15660011768341064,0.04495656490325928,0.034644536674022675,0.03150615096092224,0.030289024114608765,-0.004626130219548941,-0.004148411098867655,-0.0018197511089965701,-0.0014389471616595984,-0.0013708813348785043,-0.0011315718293190002,0.17935439944267273,0.02989239990711212,-0.0010250099003314972,-0.009232677519321442,-1.3906584978103638,2.499220132827759,5088087.0
173.3000030517578,62.87340545654297,0.1439591646194458,-0.0801982656121254,821.3994750976562,-0.5997143387794495,1048.8427734375,-1.0364375114440918,985.2316284179688,-0.9129884243011475,1062.8216552734375,-1.0689736604690552,0.37621641159057617,0.1561857908964157,0.04477507621049881,0.03450128063559532,0.03137053921818733,0.030177410691976547,-0.004621308762580156,-0.004138150252401829,-0.0018100203014910221,-0.0014261332107707858,-0.001341426046565175,-0.0011011062888428569,0.17874877154827118,0.029791463166475296,-0.0010026139207184315,-0.009240209124982357,-1.391792893409729,2.498746156692505,5087122.5
173.39999389648438,62.88713455200195,0.1372699737548828,-0.06689195334911346,821.3394775390625,-0.5997042059898376,1048.7391357421875,-1.0363938808441162,985.140380859375,-0.912966251373291,1062.71484375,-1.0688773393630981,0.3757545053958893,0.15577249228954315,0.04459456354379654,0.034359320998191833,0.03123783878982067,0.030068714171648026,-0.004616466350853443,-0.0041278572753071785,-0.00180016306694597,-0.0014130969066172838,-0.0013127197744324803,-0.0010731846559792757,0.178155317902565,0.029692552983760834,-0.000982968369498849,-0.00924705807119608,-1.3928245306015015,2.49827241897583,5086158.0
173.5,62.90030288696289,0.13170313835144043,-0.05566834658384323,821.279541015625,-0.599693775177002,1048.635498046875,-1.0363483428955078,985.049072265625,-0.9129427075386047,1062.60791015625,-1.0687785148620605,0.375293105840683,0.15536022186279297,0.04441504552960396,0.034218668937683105,0.031107963994145393,0.029962683096528053,-0.004611607175320387,-0.004117539618164301,-0.0017902097897604108,-0.0013999170623719692,-0.0012848983751609921,-0.0010477741016075015,0.1775725781917572,0.029595429077744484,-0.0009656521724537015,-0.00925333984196186,-1.3937708139419556,2.4977986812591553,5085193.0
173.60000610351562,62.91303253173828,0.12729406356811523,-0.04409071430563927,821.2195434570312,-0.5996830463409424,1048.5318603515625,-1.0363011360168457,984.957763671875,-0.9129177331924438,1062.5009765625,-1.0686776638031006,0.3748321831226349,0.15494899451732635,0.044236525893211365,0.03407933935523033,0.030980821698904037,0.029859067872166634,-0.004606733564287424,-0.004107204731553793,-0.0017801906215026975,-0.0013866698136553168,-0.0012580858310684562,-0.0010248490143567324,0.17699909210205078,0.029499849304556847,-0.000950764340814203,-0.009259172715246677,-1.3946492671966553,2.4973247051239014,5084228.5
173.6999969482422,62.92543411254883,0.12399507313966751,-0.03298991918563843,821.1595458984375,-0.5996719598770142,1048.4283447265625,-1.0362523794174194,984.866455078125,-0.9128913879394531,1062.3941650390625,-1.0685749053955078,0.3743717670440674,0.15453878045082092,0.04405900835990906,0.03394133597612381,0.030856303870677948,0.02975762076675892,-0.004601848777383566,-0.004096860997378826,-0.0017701343167573214,-0.0013734266394749284,-0.0012323897099122405,-0.001004370511509478,0.1764334887266159,0.029405580833554268,-0.0009381829295307398,-0.009264670312404633,-1.395477294921875,2.4968509674072266,5083264.0
173.8000030517578,62.93761444091797,0.12181637436151505,-0.02178698591887951,821.099609375,-0.5996605157852173,1048.32470703125,-1.0362019538879395,984.7752075195312,-0.9128636121749878,1062.287353515625,-1.06847083568573,0.3739118278026581,0.15412960946559906,0.043882500380277634,0.033804651349782944,0.030734296888113022,0.02965809963643551,-0.004596956539899111,-0.004086515866219997,-0.0017600691644474864,-0.0013602565741166472,-0.0012079081498086452,-0.0009863077430054545,0.17587435245513916,0.029312390834093094,-0.0009279276127927005,-0.00926994625478983,-1.3962719440460205,2.4963772296905518,5082299.5
173.89999389648438,62.949703216552734,0.12087935954332352,-0.009370174258947372,821.0396118164062,-0.5996485948562622,1048.2210693359375,-1.036150336265564,984.6838989257812,-0.9128345251083374,1062.180419921875,-1.0683659315109253,0.373452365398407,0.15372148156166077,0.043706994503736496,0.033669278025627136,0.030614670366048813,0.029560262337327003,-0.004592059645801783,-0.004076177719980478,-0.0017500254325568676,-0.001347232493571937,-0.0011847472051158547,-0.000970685388892889,0.17532017827033997,0.029220029711723328,-0.000920236052479595,-0.00927512813359499,-1.397052526473999,2.495903253555298,5081334.5
174.0,62.961795806884766,0.12093280255794525,0.0005344697274267673,820.9796752929688,-0.5996362566947937,1048.117431640625,-1.0360972881317139,984.5925903320312,-0.912804126739502,1062.0736083984375,-1.0682603120803833,0.3729934096336365,0.15331438183784485,0.04353249445557594,0.033535197377204895,0.030497292056679726,0.029463868588209152,-0.004587160889059305,-0.004065852612257004,-0.0017400284996256232,-0.0013344134204089642,-0.0011629721848294139,-0.000957423762883991,0.17476969957351685,0.029128283262252808,-0.0009145553922280669,-0.009280317462980747,-1.3978341817855835,2.495429515838623,5080370.0
174.10000610351562,62.973995208740234,0.1219787746667862,0.010459682904183865,820.9197387695312,-0.5996233820915222,1048.0137939453125,-1.0360431671142578,984.5013427734375,-0.9127724170684814,1061.966796875,-1.0681544542312622,0.37253493070602417,0.1529083102941513,0.04335898533463478,0.03340238705277443,0.03038201853632927,0.0293686855584383,-0.004582263063639402,-0.004055548459291458,-0.0017301022307947278,-0.001321854186244309,-0.001142636639997363,-0.0009464442264288664,0.1742216944694519,0.029036948457360268,-0.0009109268430620432,-0.009285615757107735,-1.398632287979126,2.4949557781219482,5079405.5
174.1999969482422,62.98640441894531,0.1241031289100647,0.021243590861558914,820.8597412109375,-0.5996100306510925,1047.9102783203125,-1.0359880924224854,984.4100341796875,-0.9127395153045654,1061.8599853515625,-1.0680487155914307,0.37207695841789246,0.15250326693058014,0.04318646714091301,0.03327081352472305,0.030268702656030655,0.029274486005306244,-0.004577369429171085,-0.004045271314680576,-0.0017202718881890178,-0.0013096120674163103,-0.0011238007573410869,-0.0009377211099490523,0.1736748367547989,0.028945807367563248,-0.0009095091372728348,-0.009291133843362331,-1.399463415145874,2.4944820404052734,5078441.0
174.3000030517578,62.99913024902344,0.12726618349552155,0.03163046017289162,820.7998046875,-0.5995962023735046,1047.806640625,-1.035931944847107,984.3187866210938,-0.9127053618431091,1061.753173828125,-1.0679433345794678,0.37161946296691895,0.15209925174713135,0.043014928698539734,0.03314044699072838,0.030157195404171944,0.029181046411395073,-0.004572482779622078,-0.004035028629004955,-0.0017105620354413986,-0.0012977408478036523,-0.0011065155267715454,-0.0009312212932854891,0.17312787473201752,0.028854645788669586,-0.0009101925534196198,-0.009296977892518044,-1.400343656539917,2.4940083026885986,5077476.5
174.39999389648438,63.012264251708984,0.13133196532726288,0.0406578928232193,820.7398071289062,-0.5995818376541138,1047.7030029296875,-1.0358752012252808,984.2275390625,-0.9126700758934021,1061.6463623046875,-1.0678387880325317,0.37116244435310364,0.15169626474380493,0.04284435138106346,0.03301124647259712,0.030047336593270302,0.029088148847222328,-0.004567604977637529,-0.004024825990200043,-0.0017009936273097992,-0.00128628546372056,-0.0010908074909821153,-0.0009268583380617201,0.17257966101169586,0.02876327745616436,-0.0009126949007622898,-0.009303240105509758,-1.4012869596481323,2.493534564971924,5076512.0
174.5,63.02589416503906,0.13630764186382294,0.04975679889321327,820.6798706054688,-0.5995669364929199,1047.5994873046875,-1.0358177423477173,984.13623046875,-0.9126336574554443,1061.5396728515625,-1.067735195159912,0.3707059323787689,0.1512942910194397,0.042674720287323,0.032883170992136,0.029938967898488045,0.028995582833886147,-0.004562739282846451,-0.004014669451862574,-0.0016915869200602174,-0.0012752885231748223,-0.0010766979539766908,-0.0009245582041330636,0.17202910780906677,0.028671517968177795,-0.0009170398698188365,-0.009310015477240086,-1.402307391166687,2.493060827255249,5075547.5
174.60000610351562,63.040103912353516,0.14209716022014618,0.05789509043097496,820.6199340820312,-0.5995514392852783,1047.495849609375,-1.035759687423706,984.0449829101562,-0.9125962853431702,1061.432861328125,-1.0676329135894775,0.3702498972415924,0.15089333057403564,0.04250602424144745,0.03275616839528084,0.02983192913234234,0.02890314906835556,-0.004557887092232704,-0.004004564601927996,-0.0016823604237288237,-0.0012647862313315272,-0.0010641930857673287,-0.0009242237429134548,0.17147520184516907,0.02857920154929161,-0.0009230130235664546,-0.009317385032773018,-1.4034174680709839,2.492587089538574,5074583.0
174.6999969482422,63.05495834350586,0.14853601157665253,0.06438849121332169,820.5599365234375,-0.5995354056358337,1047.392333984375,-1.0357011556625366,983.9537353515625,-0.9125578999519348,1061.326171875,-1.0675321817398071,0.3697943687438965,0.15049336850643158,0.04233824089169502,0.03263019397854805,0.0297260619699955,0.0288106556981802,-0.004553051199764013,-0.003994515165686607,-0.0016733281081542373,-0.0012548045488074422,-0.001053273561410606,-0.0009257055935449898,0.17091712355613708,0.028486188501119614,-0.0009302832768298686,-0.009325417689979076,-1.4046273231506348,2.4921133518218994,5073619.0
174.8000030517578,63.07052230834961,0.1556253433227539,0.07089333236217499,820.5,-0.5995188355445862,1047.2886962890625,-1.035642385482788,983.8624877929688,-0.9125185608863831,1061.2193603515625,-1.0674329996109009,0.3693392872810364,0.1500944197177887,0.04217135161161423,0.032505184412002563,0.02962120994925499,0.028717927634716034,-0.004548232536762953,-0.003984525799751282,-0.0016645034775137901,-0.001245367107912898,-0.0010439170291647315,-0.000928877794649452,0.17035409808158875,0.028392348438501358,-0.0009388627950102091,-0.009334179572761059,-1.4059470891952515,2.4916396141052246,5072654.5
174.89999389648438,63.08683776855469,0.16317564249038696,0.07550308853387833,820.4400634765625,-0.5995016694068909,1047.1851806640625,-1.035583257675171,983.771240234375,-0.9124783873558044,1061.1126708984375,-1.067335844039917,0.36888471245765686,0.1496964693069458,0.042005330324172974,0.0323810949921608,0.029517214745283127,0.02862480655312538,-0.004543432500213385,-0.003974599298089743,-0.0016558959614485502,-0.0012364874128252268,-0.0010360770393162966,-0.0009335663635283709,0.1697854995727539,0.028297584503889084,-0.0009483504691161215,-0.00934371817857027,-1.4073837995529175,2.49116587638855,5071690.0
175.0,63.10390853881836,0.1706966906785965,0.07521041482686996,820.380126953125,-0.5994839668273926,1047.0816650390625,-1.0355240106582642,983.6799926757812,-0.9124374389648438,1061.005859375,-1.0672404766082764,0.36843061447143555,0.1492995023727417,0.04184016212821007,0.032257866114377975,0.02941393479704857,0.028531154617667198,-0.004538651090115309,-0.0039647361263632774,-0.0016475048614665866,-0.0012281531235203147,-0.0010296421824023128,-0.000939429213758558,0.1692112684249878,0.0282018780708313,-0.0009577841265127063,-0.009354030713438988,-1.4089370965957642,2.490692377090454,5070725.5
175.10000610351562,63.12172317504883,0.17816239595413208,0.07465703040361404,820.3201904296875,-0.5994657278060913,1046.97802734375,-1.0354645252227783,983.5887451171875,-0.912395715713501,1060.899169921875,-1.067146897315979,0.36797699332237244,0.1489035189151764,0.04167582094669342,0.03213544189929962,0.029311232268810272,0.028436873108148575,-0.0045338892377913,-0.003954935818910599,-0.001639326917938888,-0.0012203470105305314,-0.0010244948789477348,-0.0009461652371101081,0.1686314046382904,0.02810523472726345,-0.0009671789593994617,-0.009365111589431763,-1.4106061458587646,2.4902186393737793,5069761.5
175.1999969482422,63.14028549194336,0.18562379479408264,0.07461410015821457,820.2601928710938,-0.5994468927383423,1046.87451171875,-1.035404920578003,983.4974975585938,-0.9123532772064209,1060.79248046875,-1.067055106163025,0.36752381920814514,0.14850850403308868,0.04151228815317154,0.032013773918151855,0.029208984225988388,0.028341883793473244,-0.004529146011918783,-0.003945197910070419,-0.0016313601518049836,-0.001213054172694683,-0.0010205329162999988,-0.0009535647695884109,0.16804590821266174,0.02800765074789524,-0.0009766154689714313,-0.00937696173787117,-1.4123910665512085,2.4897449016571045,5068797.0
175.3000030517578,63.159603118896484,0.193179652094841,0.07555848360061646,820.2002563476562,-0.5994275212287903,1046.77099609375,-1.0353453159332275,983.40625,-0.9123102426528931,1060.685791015625,-1.0669652223587036,0.36707115173339844,0.14811447262763977,0.041349541395902634,0.0318928100168705,0.029107078909873962,0.02824612520635128,-0.004524421878159046,-0.003935523796826601,-0.001623604097403586,-0.0012062647147104144,-0.0010176744544878602,-0.000961508194450289,0.16745465993881226,0.027909109368920326,-0.0009862640872597694,-0.009389590471982956,-1.4142932891845703,2.489271402359009,5067833.0
175.39999389648438,63.17967224121094,0.20068135857582092,0.07501700520515442,820.1403198242188,-0.5994076132774353,1046.66748046875,-1.0352855920791626,983.3150634765625,-0.9122666120529175,1060.5791015625,-1.0668771266937256,0.36661896109580994,0.14772139489650726,0.04118755832314491,0.03177250176668167,0.02900540642440319,0.028149554505944252,-0.0045197163708508015,-0.003925912082195282,-0.0016160558443516493,-0.0011999624548479915,-0.001015826128423214,-0.0009698494104668498,0.16685767471790314,0.027809612452983856,-0.0009958025766536593,-0.009402993135154247,-1.4163119792938232,2.488797664642334,5066868.5
175.5,63.20047378540039,0.20799611508846283,0.07314767688512802,820.0803833007812,-0.5993871688842773,1046.56396484375,-1.0352258682250977,983.2238159179688,-0.9122224450111389,1060.472412109375,-1.0667908191680908,0.36616721749305725,0.14732928574085236,0.041026320308446884,0.031652797013521194,0.02890387363731861,0.028052134439349174,-0.004515029955655336,-0.0039163618348538876,-0.001608709106221795,-0.0011941237607970834,-0.0010148813016712666,-0.0009784144349396229,0.1662551611661911,0.027709193527698517,-0.0010049871634691954,-0.009417150169610977,-1.4184443950653076,2.4883241653442383,5065904.5
175.60000610351562,63.221981048583984,0.21509671211242676,0.07100586593151093,820.0204467773438,-0.5993662476539612,1046.46044921875,-1.0351660251617432,983.1326293945312,-0.9121777415275574,1060.36572265625,-1.0667061805725098,0.36571595072746277,0.14693813025951385,0.040865808725357056,0.031533658504486084,0.02880239486694336,0.0279538556933403,-0.004510361235588789,-0.003906872123479843,-0.0016015570145100355,-0.0011887236032634974,-0.0010147352004423738,-0.0009870519861578941,0.16564731299877167,0.027607886120676994,-0.0010137748904526234,-0.009432041086256504,-1.420687198638916,2.4878506660461426,5064940.5
175.6999969482422,63.244178771972656,0.22195373475551605,0.06857030838727951,819.9605102539062,-0.599344789981842,1046.35693359375,-1.0351063013076782,983.0413818359375,-0.9121326208114624,1060.259033203125,-1.0666230916976929,0.3652651309967041,0.14654791355133057,0.040706001222133636,0.03141503781080246,0.028700895607471466,0.027854716405272484,-0.004505710210651159,-0.003897440619766712,-0.00159459188580513,-0.0011837355559691787,-0.0010152864269912243,-0.000995633308775723,0.1650344282388687,0.02750573866069317,-0.0010221026604995131,-0.009447639808058739,-1.423036813735962,2.4873769283294678,5063976.0
175.8000030517578,63.267059326171875,0.22881008684635162,0.06856344640254974,819.9005737304688,-0.5993228554725647,1046.25341796875,-1.0350465774536133,982.9501953125,-0.9120870232582092,1060.15234375,-1.0665415525436401,0.36481478810310364,0.1461586356163025,0.04054688289761543,0.03129689395427704,0.02859930880367756,0.02775472030043602,-0.00450107641518116,-0.0038880675565451384,-0.0015878103440627456,-0.0011791446013376117,-0.0010164710693061352,-0.0010041517671197653,0.16441653668880463,0.027402756735682487,-0.0010304353199899197,-0.009463947266340256,-1.4254932403564453,2.486903429031372,5063012.0
175.89999389648438,63.290626525878906,0.23568224906921387,0.06872168928384781,819.8406372070312,-0.5993004441261292,1046.14990234375,-1.0349868535995483,982.8589477539062,-0.9120410680770874,1060.0457763671875,-1.0664616823196411,0.3643649220466614,0.14577029645442963,0.040388431400060654,0.031179191544651985,0.028497574850916862,0.027653876692056656,-0.004496460314840078,-0.003878752002492547,-0.0015812101773917675,-0.0011749387485906482,-0.001018236973322928,-0.0010126206325367093,0.1637936681509018,0.02729894407093525,-0.0010387537768110633,-0.009480966255068779,-1.4280565977096558,2.4864299297332764,5062048.0
176.0,63.314876556396484,0.2424994707107544,0.06817219406366348,819.7807006835938,-0.5992775559425354,1046.04638671875,-1.0349271297454834,982.7677612304688,-0.9119947552680969,1059.9390869140625,-1.0663832426071167,0.36391550302505493,0.14538288116455078,0.040230631828308105,0.031061889603734016,0.0283956378698349,0.02755218744277954,-0.0044918605126440525,-0.0038694937247782946,-0.0015747876605018973,-0.0011711028637364507,-0.00102052662987262,-0.0010210212785750628,0.1631658673286438,0.02719431184232235,-0.0010469171684235334,-0.00949869118630886,-1.430726408958435,2.4859564304351807,5061084.0
176.10000610351562,63.33980178833008,0.2492625117301941,0.06763041019439697,819.7208251953125,-0.5992541909217834,1045.94287109375,-1.0348676443099976,982.6765747070312,-0.9119480848312378,1059.83251953125,-1.066306233406067,0.3634665608406067,0.14499638974666595,0.040073469281196594,0.030944954603910446,0.028293447569012642,0.02744966372847557,-0.004487278405576944,-0.0038602922577410936,-0.001568538835272193,-0.0011676213471218944,-0.001023285323753953,-0.0010293336817994714,0.162533238530159,0.027088874951004982,-0.001054932363331318,-0.009517116472125053,-1.4335017204284668,2.485482931137085,5060120.0
176.1999969482422,63.36543273925781,0.2563132047653198,0.07050702720880508,819.660888671875,-0.5992304086685181,1045.8394775390625,-1.0348082780838013,982.5853881835938,-0.9119011759757996,1059.725830078125,-1.0662307739257812,0.3630180358886719,0.14461082220077515,0.03991691768169403,0.03082835115492344,0.028190959244966507,0.027346309274435043,-0.004482713062316179,-0.0038511480670422316,-0.001562466030009091,-0.0011644945479929447,-0.0010265043238177896,-0.0010376712307333946,0.16189557313919067,0.026982596144080162,-0.00106343743391335,-0.00953627284616232,-1.436387062072754,2.4850094318389893,5059156.0
176.3000030517578,63.391761779785156,0.2632869780063629,0.06973753124475479,819.6009521484375,-0.5992062091827393,1045.7359619140625,-1.034748911857605,982.4942016601562,-0.9118539690971375,1059.6192626953125,-1.0661568641662598,0.36257001757621765,0.14422616362571716,0.03976096585392952,0.03071204200387001,0.028088128194212914,0.02724211849272251,-0.004478164948523045,-0.0038420611526817083,-0.0015565658686682582,-0.0011617084965109825,-0.0010301372967660427,-0.0010459991171956062,0.1612529307603836,0.026875488460063934,-0.001071680337190628,-0.009556151926517487,-1.4393812417984009,2.4845359325408936,5058192.5
176.39999389648438,63.41876220703125,0.26998379826545715,0.06696833670139313,819.541015625,-0.599181592464447,1045.6324462890625,-1.0346899032592773,982.4030151367188,-0.9118065237998962,1059.5125732421875,-1.0660842657089233,0.36212241649627686,0.143842414021492,0.03960559889674187,0.030595995485782623,0.027984915301203728,0.02713710255920887,-0.004473633132874966,-0.0038330291863530874,-0.001550830202177167,-0.001159238163381815,-0.001034109154716134,-0.0010541928932070732,0.16060559451580048,0.02676760032773018,-0.0010793490801006556,-0.009576725773513317,-1.4424803256988525,2.484062671661377,5057228.5
176.5,63.446380615234375,0.27620625495910645,0.062224630266427994,819.4811401367188,-0.5991566181182861,1045.529052734375,-1.0346308946609497,982.3118286132812,-0.9117588400840759,1059.406005859375,-1.066012978553772,0.36167529225349426,0.14345955848693848,0.03945079445838928,0.03048018179833889,0.02788129262626171,0.02703128382563591,-0.004469117149710655,-0.0038240496069192886,-0.0015452466905117035,-0.0011570487404242158,-0.0010383233893662691,-0.0010620749089866877,0.15995410084724426,0.02665901742875576,-0.001086100353859365,-0.00959794782102108,-1.4456766843795776,2.4835891723632812,5056264.5
176.60000610351562,63.47454833984375,0.2816656231880188,0.05459367856383324,819.4212036132812,-0.5991312265396118,1045.425537109375,-1.0345720052719116,982.2206420898438,-0.9117109775543213,1059.2994384765625,-1.0659427642822266,0.3612285852432251,0.14307759702205658,0.03929654136300087,0.03036457486450672,0.02777724340558052,0.026924703270196915,-0.004464614205062389,-0.003815117757767439,-0.0015397979877889156,-0.001155092497356236,-0.0010426528751850128,-0.0010693940566852689,0.15929922461509705,0.026549870148301125,-0.0010914303129538894,-0.009619737975299358,-1.4489588737487793,2.4831156730651855,5055301.0
176.6999969482422,63.503177642822266,0.2862827479839325,0.04617124795913696,819.3612670898438,-0.5991054773330688,1045.3221435546875,-1.034513235092163,982.1295166015625,-0.9116629362106323,1059.19287109375,-1.0658732652664185,0.36078235507011414,0.1426965296268463,0.039142828434705734,0.030249156057834625,0.02767276018857956,0.026817429810762405,-0.004460122901946306,-0.003806228516623378,-0.0015344643034040928,-0.0011533180950209498,-0.0010469664121046662,-0.001075918204151094,0.15864185988903046,0.02644031122326851,-0.0010952433804050088,-0.009642010554671288,-1.4523136615753174,2.482642412185669,5054337.0
176.8000030517578,63.532161712646484,0.28986215591430664,0.035793960094451904,819.3013916015625,-0.599079430103302,1045.2186279296875,-1.034454345703125,982.038330078125,-0.9116147756576538,1059.086181640625,-1.0658042430877686,0.360336571931839,0.14231634140014648,0.03898964449763298,0.03013390675187111,0.027567854151129723,0.026709554716944695,-0.004455640912055969,-0.003797376062721014,-0.0015292229363694787,-0.0011516667436808348,-0.0010511197615414858,-0.0010813998524099588,0.15798309445381165,0.02633051574230194,-0.0010971983429044485,-0.009664659388363361,-1.455725073814392,2.4821689128875732,5053373.5
176.89999389648438,63.561397552490234,0.2923632264137268,0.02501065470278263,819.241455078125,-0.5990529656410217,1045.115234375,-1.0343953371047974,981.9471435546875,-0.911566436290741,1058.9796142578125,-1.0657353401184082,0.35989123582839966,0.1419370472431183,0.03883698210120201,0.030018819496035576,0.0274625476449728,0.026601195335388184,-0.004451164975762367,-0.0037885543424636126,-0.0015240501379594207,-0.0011500786058604717,-0.00105497264303267,-0.0010856302687898278,0.15732404589653015,0.026220673695206642,-0.0010972653981298208,-0.0096875736489892,-1.4591765403747559,2.4816956520080566,5052410.0
177.0,63.59078598022461,0.29386594891548157,0.015027424320578575,819.1815795898438,-0.5990262627601624,1045.01171875,-1.0343360900878906,981.8560180664062,-0.911517858505249,1058.873046875,-1.0656663179397583,0.35944634675979614,0.14155863225460052,0.03868483379483223,0.029903890565037727,0.02735687606036663,0.02649248205125332,-0.004446693696081638,-0.003779756836593151,-0.0015189240220934153,-0.0011484994320198894,-0.0010584064293652773,-0.0010884838411584496,0.15666575729846954,0.02611096017062664,-0.0010956081096082926,-0.009710650891065598,-1.4626524448394775,2.48122239112854,5051446.0
177.10000610351562,63.620243072509766,0.29455867409706116,0.006927124224603176,819.1216430664062,-0.5989992022514343,1044.9083251953125,-1.0342766046524048,981.7648315429688,-0.9114691615104675,1058.7664794921875,-1.0655969381332397,0.35900187492370605,0.1411810964345932,0.03853319585323334,0.029789119958877563,0.02725088596343994,0.026383554562926292,-0.004442224744707346,-0.003770979354158044,-0.0015138265443965793,-0.0011468855664134026,-0.0010613370686769485,-0.001089942641556263,0.15600912272930145,0.026001520454883575,-0.001092568738386035,-0.009733807295560837,-1.4661403894424438,2.4807491302490234,5050482.5
177.1999969482422,63.64969253540039,0.2945278286933899,-0.0003084130585193634,819.061767578125,-0.5989719033241272,1044.804931640625,-1.0342168807983398,981.6737060546875,-0.9114202857017517,1058.659912109375,-1.065527081489563,0.35855787992477417,0.1408044397830963,0.038382068276405334,0.02967451699078083,0.02714463137090206,0.026274548843503,-0.004437756724655628,-0.0037622174713760614,-0.0015087422216311097,-0.001145200221799314,-0.0010637020459398627,-0.0010900379857048392,0.15535488724708557,0.025892481207847595,-0.0010882888454943895,-0.009756969287991524,-1.469629168510437,2.480275869369507,5049519.0
177.3000030517578,63.67904281616211,0.2934796214103699,-0.010482074692845345,819.0018920898438,-0.5989442467689514,1044.7015380859375,-1.0341566801071167,981.5825805664062,-0.9113711714744568,1058.553466796875,-1.0654562711715698,0.3581143319606781,0.14042866230010986,0.03823144733905792,0.029560085386037827,0.027038171887397766,0.02616560459136963,-0.004433286376297474,-0.0037534658331424,-0.0015036507975310087,-0.001143396133556962,-0.0010654125362634659,-0.0010886959498748183,0.1547040492296219,0.02578400820493698,-0.0010822502663359046,-0.009780030697584152,-1.4731028079986572,2.4798026084899902,5048555.5
177.39999389648438,63.70819854736328,0.2915717661380768,-0.019078508019447327,818.9419555664062,-0.5989163517951965,1044.5980224609375,-1.0340958833694458,981.491455078125,-0.9113218188285828,1058.4468994140625,-1.0653842687606812,0.35767123103141785,0.14005374908447266,0.0380813404917717,0.029445843771100044,0.026931578293442726,0.026056870818138123,-0.004428813233971596,-0.003744719084352255,-0.0014985346933826804,-0.001141432672739029,-0.0010664009023457766,-0.001085905940271914,0.15405750274658203,0.025676250457763672,-0.0010747999185696244,-0.009802903980016708,-1.4765480756759644,2.4793293476104736,5047592.0
177.5,63.73711013793945,0.28908854722976685,-0.024832146242260933,818.882080078125,-0.5988881587982178,1044.49462890625,-1.0340346097946167,981.4003295898438,-0.9112722277641296,1058.34033203125,-1.0653111934661865,0.3572285771369934,0.1396797150373459,0.03793174400925636,0.029331807047128677,0.02682492323219776,0.025948481634259224,-0.00442433450371027,-0.003735974431037903,-0.0014933819184079766,-0.0011392838787287474,-0.0010666429297998548,-0.0010817748261615634,0.15341585874557495,0.025569310411810875,-0.0010664270957931876,-0.009825529530644417,-1.4799559116363525,2.478856086730957,5046629.0
177.60000610351562,63.765716552734375,0.28608450293540955,-0.03004041500389576,818.8222045898438,-0.5988597273826599,1044.3912353515625,-1.0339727401733398,981.3092041015625,-0.9112223386764526,1058.2337646484375,-1.0652365684509277,0.3567863702774048,0.13930654525756836,0.037782665342092514,0.029217995703220367,0.02671828120946884,0.02584056928753853,-0.004419850185513496,-0.003727228846400976,-0.0014881823444738984,-0.0011369294952601194,-0.0010661284904927015,-0.0010764198377728462,0.15277965366840363,0.025463273748755455,-0.001057200599461794,-0.00984785333275795,-1.4833183288574219,2.4783830642700195,5045665.5
177.6999969482422,63.7939567565918,0.2824002504348755,-0.03684258460998535,818.7623291015625,-0.598831057548523,1044.287841796875,-1.0339101552963257,981.2180786132812,-0.9111721515655518,1058.1273193359375,-1.0651603937149048,0.356344610452652,0.13893426954746246,0.03763410821557045,0.029104430228471756,0.026611730456352234,0.025733251124620438,-0.004415357951074839,-0.00371847883798182,-0.0014829238643869758,-0.0011343436781316996,-0.0010648320894688368,-0.0010698788100853562,0.152149498462677,0.025358250364661217,-0.001046852907165885,-0.009869804605841637,-1.4866247177124023,2.477909803390503,5044702.0
177.8000030517578,63.821746826171875,0.2779037654399872,-0.044965047389268875,818.7024536132812,-0.5988020896911621,1044.1844482421875,-1.0338467359542847,981.126953125,-0.9111216068267822,1058.020751953125,-1.0650825500488281,0.355903297662735,0.1385628581047058,0.037486083805561066,0.02899113856256008,0.026505349203944206,0.02562664821743965,-0.004410856869071722,-0.003709719981998205,-0.0014775918098166585,-0.0011314954608678818,-0.0010627135634422302,-0.00106212985701859,0.15152618288993835,0.02525436319410801,-0.0010351957753300667,-0.009891298599541187,-1.489862322807312,2.4774367809295654,5043739.0
177.89999389648438,63.849029541015625,0.2728325426578522,-0.0507119819521904,818.642578125,-0.5987728834152222,1044.0810546875,-1.0337826013565063,981.0358276367188,-0.9110706448554993,1057.914306640625,-1.065002679824829,0.3554624319076538,0.1381923258304596,0.03733859583735466,0.028878143057227135,0.026399223133921623,0.02552087791264057,-0.004406345076858997,-0.0037009497173130512,-0.0014721757033839822,-0.001128364005126059,-0.001059762085787952,-0.0010532363085076213,0.15091025829315186,0.025151710957288742,-0.0010226729791611433,-0.009912277571856976,-1.4930223226547241,2.476963520050049,5042776.0
178.0,63.87577819824219,0.26746800541877747,-0.053645581007003784,818.5827026367188,-0.5987433791160583,1043.977783203125,-1.0337175130844116,980.9447631835938,-0.9110193252563477,1057.8077392578125,-1.0649209022521973,0.35502201318740845,0.13782267272472382,0.03719165176153183,0.028765477240085602,0.026293432340025902,0.025416048243641853,-0.004401822108775377,-0.0036921659484505653,-0.0014666703063994646,-0.001124942908063531,-0.0010560046648606658,-0.0010433591669425368,0.15030205249786377,0.025050342082977295,-0.0010097423801198602,-0.009932709857821465,-1.496099829673767,2.4764904975891113,5041812.5
178.10000610351562,63.901973724365234,0.26197442412376404,-0.054935671389102936,818.5228271484375,-0.5987136960029602,1043.8743896484375,-1.03365159034729,980.8536376953125,-0.9109675288200378,1057.7012939453125,-1.0648369789123535,0.3545820713043213,0.13745388388633728,0.03704526647925377,0.028653167188167572,0.02618805505335331,0.02531224675476551,-0.004397287964820862,-0.0036833682097494602,-0.0014610742218792439,-0.001121234497986734,-0.0010514900786802173,-0.0010326916817575693,0.14970166981220245,0.02495027892291546,-0.0009966556681320071,-0.009952581487596035,-1.4990930557250977,2.476017475128174,5040849.5
178.1999969482422,63.92761993408203,0.2564413547515869,-0.055330790579319,818.4629516601562,-0.5986836552619934,1043.77099609375,-1.033584713935852,980.7625732421875,-0.9109152555465698,1057.5948486328125,-1.064751148223877,0.35414257645606995,0.13708598911762238,0.03689943999052048,0.028541242703795433,0.026083163917064667,0.025209542363882065,-0.004392742644995451,-0.003674556501209736,-0.0014553881483152509,-0.0011172459926456213,-0.0010462761856615543,-0.0010214190697297454,0.1491091549396515,0.02485152706503868,-0.0009835518430918455,-0.009971888735890388,-1.5020010471343994,2.4755444526672363,5039886.5
178.3000030517578,63.95271301269531,0.2509492039680481,-0.05492153763771057,818.403076171875,-0.5986534357070923,1043.6676025390625,-1.0335168838500977,980.6714477539062,-0.9108625054359436,1057.48828125,-1.064663290977478,0.3537035286426544,0.1367189735174179,0.03675419092178345,0.028429729864001274,0.025978827849030495,0.025107987225055695,-0.0043881856836378574,-0.003665731055662036,-0.0014496140647679567,-0.0011129883350804448,-0.00104042689781636,-0.001009713509120047,0.1485244482755661,0.024754075333476067,-0.0009705622214823961,-0.009990635327994823,-1.5048247575759888,2.475071430206299,5038923.5
178.39999389648438,63.977264404296875,0.24548989534378052,-0.054593052715063095,818.3432006835938,-0.5986228585243225,1043.5643310546875,-1.0334481000900269,980.5803833007812,-0.9108092188835144,1057.3818359375,-1.0645734071731567,0.3532649278640747,0.13635285198688507,0.03660952299833298,0.028318656608462334,0.02587510459125042,0.025007620453834534,-0.0043836175464093685,-0.003656892105937004,-0.0014437541831284761,-0.0011084722355008125,-0.0010340018197894096,-0.0009977066656574607,0.1479474902153015,0.02465791441500187,-0.0009576671873219311,-0.01000882312655449,-1.5075643062591553,2.4745984077453613,5037960.5
178.5,64.00126647949219,0.24000629782676697,-0.05483589321374893,818.2833251953125,-0.5985921025276184,1043.4609375,-1.0333783626556396,980.4893188476562,-0.9107553362846375,1057.275390625,-1.0644816160202026,0.3528268039226532,0.13598759472370148,0.036465443670749664,0.028208045288920403,0.02577205002307892,0.024908462539315224,-0.0043790386989712715,-0.003648039884865284,-0.0014378097839653492,-0.0011037063086405396,-0.001027049613185227,-0.000985478749498725,0.14737826585769653,0.02456304430961609,-0.0009447775082662702,-0.010026451200246811,-1.5102194547653198,2.474125385284424,5036997.5
178.60000610351562,64.02473449707031,0.2347119152545929,-0.05294385179877281,818.2235107421875,-0.5985609889030457,1043.357666015625,-1.033307671546936,980.398193359375,-0.9107009172439575,1057.1689453125,-1.0643879175186157,0.3523891270160675,0.1356232464313507,0.036321964114904404,0.02809792384505272,0.02566971443593502,0.024810535833239555,-0.004374448675662279,-0.003639175556600094,-0.001431785523891449,-0.00109870673622936,-0.0010196376824751496,-0.0009731598547659814,0.14681661128997803,0.024469435214996338,-0.0009322607656940818,-0.010043536312878132,-1.512792944908142,2.4736523628234863,5036035.0
178.6999969482422,64.04772186279297,0.22985011339187622,-0.04861796647310257,818.1636352539062,-0.5985296368598938,1043.2542724609375,-1.0332359075546265,980.30712890625,-0.9106458425521851,1057.0625,-1.0642924308776855,0.3519518971443176,0.13525976240634918,0.036179088056087494,0.027988312765955925,0.02556813880801201,0.02471383474767208,-0.004369848873466253,-0.0036303012166172266,-0.0014256903668865561,-0.0010935006430372596,-0.0010118581121787429,-0.0009609399712644517,0.14626210927963257,0.024377016350626945,-0.0009204900125041604,-0.010060125961899757,-1.5152915716171265,2.473179578781128,5035072.0
178.8000030517578,64.07025909423828,0.2254178673028946,-0.044322505593299866,818.103759765625,-0.5984979271888733,1043.1510009765625,-1.03316330909729,980.216064453125,-0.9105901718139648,1056.9561767578125,-1.0641952753067017,0.35151514410972595,0.13489718735218048,0.03603682667016983,0.02787923254072666,0.02546735666692257,0.024618342518806458,-0.004365240689367056,-0.0036214191932231188,-0.0014195337425917387,-0.0010881152702495456,-0.001003798795863986,-0.0009489720687270164,0.14571432769298553,0.02428572066128254,-0.0009094273555092514,-0.01007626112550497,-1.5177220106124878,2.4727065563201904,5034109.0
178.89999389648438,64.0923843383789,0.22120708227157593,-0.04210779815912247,818.0439453125,-0.5984659790992737,1043.047607421875,-1.0330897569656372,980.1250610351562,-0.9105338454246521,1056.8497314453125,-1.064096450805664,0.3510788679122925,0.13453547656536102,0.03589518740773201,0.027770698070526123,0.025367390364408493,0.024524034932255745,-0.004360624123364687,-0.0036125308834016323,-0.0014133217046037316,-0.0010825690114870667,-0.0009955181740224361,-0.0009373008506372571,0.14517301321029663,0.024195503443479538,-0.0008987333276309073,-0.010091966949403286,-1.5200875997543335,2.472233772277832,5033146.5
179.0,64.11408233642578,0.217009499669075,-0.041975848376750946,817.9840698242188,-0.5984336733818054,1042.9443359375,-1.033015251159668,980.0339965820312,-0.9104769229888916,1056.7432861328125,-1.0639961957931519,0.3506430387496948,0.1341746747493744,0.035754166543483734,0.027662726119160652,0.02526826225221157,0.024430880323052406,-0.0043559991754591465,-0.003603636985644698,-0.001407056231983006,-0.0010768702486529946,-0.0009870436042547226,-0.0009258814970962703,0.14463810622692108,0.024106349796056747,-0.0008880962268449366,-0.010107242502272129,-1.5223885774612427,2.4717609882354736,5032184.0
179.10000610351562,64.13536071777344,0.21281404793262482,-0.04195452108979225,817.9242553710938,-0.5984011292457581,1042.841064453125,-1.0329397916793823,979.9429321289062,-0.9104192852973938,1056.636962890625,-1.063894271850586,0.350207656621933,0.1338147521018982,0.0356137752532959,0.027555329725146294,0.025169989094138145,0.02433885633945465,-0.004351366776973009,-0.0035947372671216726,-0.0014007387217134237,-0.0010710255010053515,-0.0009783963905647397,-0.0009146672091446817,0.1441095471382141,0.02401825785636902,-0.000877524958923459,-0.010122089646756649,-1.5246249437332153,2.471287965774536,5031221.0
179.1999969482422,64.15621948242188,0.20855234563350677,-0.04261712729930878,817.8644409179688,-0.5983681678771973,1042.73779296875,-1.0328633785247803,979.8519287109375,-0.9103609919548035,1056.530517578125,-1.0637909173965454,0.34977275133132935,0.13345572352409363,0.0354740209877491,0.02744852565228939,0.02507259137928486,0.024247946217656136,-0.0043467259965837,-0.003585832193493843,-0.0013943695230409503,-0.0010650382610037923,-0.0009695884655229747,-0.0009036008268594742,0.1435873657464981,0.02393122762441635,-0.0008669072412885725,-0.010136500000953674,-1.526795506477356,2.4708151817321777,5030258.5
179.3000030517578,64.17664337158203,0.20426587760448456,-0.04286465793848038,817.8045654296875,-0.5983349680900574,1042.634521484375,-1.0327860116958618,979.7608642578125,-0.9103019833564758,1056.4241943359375,-1.0636860132217407,0.3493383228778839,0.1330975890159607,0.03533490374684334,0.027342328801751137,0.024976080283522606,0.024158136919140816,-0.004342077299952507,-0.003576921299099922,-0.0013879495672881603,-0.0010589134180918336,-0.0009606342064216733,-0.0008926494629122317,0.14307153224945068,0.023845257237553596,-0.000856319791637361,-0.010150471702218056,-1.528899908065796,2.4703423976898193,5029296.0
179.39999389648438,64.19664001464844,0.19990482926368713,-0.043610502034425735,817.7447509765625,-0.598301351070404,1042.53125,-1.032707691192627,979.6698608398438,-0.9102422595024109,1056.3177490234375,-1.0635794401168823,0.3489043414592743,0.1327403485774994,0.03519643470644951,0.027236750349402428,0.02488047070801258,0.024069419130682945,-0.00433742068707943,-0.0035680050496011972,-0.0013814788544550538,-0.0010526536498218775,-0.0009515423444099724,-0.0008817744674161077,0.1425621062517166,0.023760350421071053,-0.0008456754731014371,-0.010163996368646622,-1.5309369564056396,2.46986985206604,5028333.5
179.5,64.2161636352539,0.19528637826442719,-0.046184420585632324,817.6849365234375,-0.5982674360275269,1042.427978515625,-1.0326282978057861,979.5787963867188,-0.9101818799972534,1056.21142578125,-1.0634714365005493,0.3484708368778229,0.13238398730754852,0.03505861014127731,0.027131803333759308,0.024785779416561127,0.023981790989637375,-0.004332755692303181,-0.0035590820480138063,-0.001374954590573907,-0.0010462546488270164,-0.0009423007140867412,-0.0008708853274583817,0.14205922186374664,0.023676536977291107,-0.0008346893009729683,-0.010177046991884708,-1.532902717590332,2.4693970680236816,5027371.5
179.60000610351562,64.23519897460938,0.19030973315238953,-0.04976651072502136,817.6251220703125,-0.598233163356781,1042.32470703125,-1.032547950744629,979.48779296875,-0.9101207256317139,1056.1051025390625,-1.063361644744873,0.3480377793312073,0.13202853500843048,0.034921444952487946,0.02702750638127327,0.024692019447684288,0.023895254358649254,-0.004328081849962473,-0.0035501508973538876,-0.0013683720026165247,-0.001039707101881504,-0.0009328849846497178,-0.0008598734857514501,0.14156317710876465,0.023593861609697342,-0.0008232261170633137,-0.010189586319029331,-1.534791350364685,2.4689242839813232,5026409.0
179.6999969482422,64.25370788574219,0.18509173393249512,-0.052179936319589615,817.5652465820312,-0.5981984734535217,1042.221435546875,-1.0324664115905762,979.3967895507812,-0.910058856010437,1055.998779296875,-1.0632503032684326,0.34760522842407227,0.13167396187782288,0.034784939140081406,0.02692386880517006,0.024599211290478706,0.023809829726815224,-0.004323398694396019,-0.00354121089912951,-0.0013617280637845397,-0.0010330061195418239,-0.0009232834563590586,-0.0008486908627673984,0.14107413589954376,0.023512355983257294,-0.0008114842348732054,-0.010201588273048401,-1.5365992784500122,2.468451738357544,5025447.0
179.8000030517578,64.27168273925781,0.17976507544517517,-0.05326666682958603,817.5054321289062,-0.5981634855270386,1042.1181640625,-1.032383918762207,979.3057861328125,-0.9099962711334229,1055.8924560546875,-1.063137173652649,0.34717312455177307,0.1313202828168869,0.03464910387992859,0.026820911094546318,0.024507373571395874,0.02372553013265133,-0.004318706225603819,-0.0035322613548487425,-0.0013550219591706991,-0.0010261524002999067,-0.0009135013096965849,-0.0008373497985303402,0.14059220254421234,0.023432033136487007,-0.0007996573112905025,-0.010213043540716171,-1.5383245944976807,2.4679789543151855,5024484.5
179.89999389648438,64.28910064697266,0.17418740689754486,-0.05577667057514191,817.4456176757812,-0.598128080368042,1042.0150146484375,-1.032300353050232,979.2147827148438,-0.9099328517913818,1055.7861328125,-1.063022255897522,0.3467414677143097,0.13096751272678375,0.034513939172029495,0.02671864628791809,0.024416521191596985,0.02364237606525421,-0.004314003512263298,-0.0035233015660196543,-0.0013482512440532446,-0.0010191422188654542,-0.0009035305702127516,-0.0008258200832642615,0.14011751115322113,0.02335291914641857,-0.0007875051232986152,-0.010223924182355404,-1.5399634838104248,2.4675064086914062,5023522.5
180.0,64.3059310913086,0.16827842593193054,-0.05908976495265961,817.3858032226562,-0.5980923175811768,1041.9117431640625,-1.0322154760360718,979.123779296875,-0.9098687171936035,1055.6798095703125,-1.0629055500030518,0.3463103175163269,0.13061562180519104,0.03437945619225502,0.02661708928644657,0.02432667650282383,0.023560384288430214,-0.004309290554374456,-0.003514330368489027,-0.0013414116110652685,-0.0010119682410731912,-0.0008933533099479973,-0.0008140468271449208,0.13965032994747162,0.02327505499124527,-0.000774923712015152,-0.010234195739030838,-1.5415105819702148,2.467033863067627,5022560.5
180.10000610351562,64.32215118408203,0.16219846904277802,-0.06079959124326706,817.3260498046875,-0.5980561375617981,1041.8084716796875,-1.0321296453475952,979.0328369140625,-0.9098037481307983,1055.5736083984375,-1.0627869367599487,0.34587961435317993,0.13026463985443115,0.03424565866589546,0.0265162605792284,0.0242378618568182,0.023479584604501724,-0.004304566420614719,-0.0035053465981036425,-0.0013345011975616217,-0.0010046287206932902,-0.0008829685393720865,-0.0008020366076380014,0.13919077813625336,0.023198463022708893,-0.0007621738477610052,-0.010243840515613556,-1.5429633855819702,2.4665613174438477,5021598.0
180.1999969482422,64.3377685546875,0.15617874264717102,-0.060197293758392334,817.2662353515625,-0.5980195999145508,1041.705322265625,-1.0320425033569336,978.9418334960938,-0.9097379446029663,1055.46728515625,-1.062666654586792,0.34544938802719116,0.1299145519733429,0.034112557768821716,0.026416171342134476,0.024150094017386436,0.023399991914629936,-0.004299832507967949,-0.003496351186186075,-0.0013275223318487406,-0.0009971315739676356,-0.0008724015206098557,-0.0007898746407590806,0.13873881101608276,0.023123133927583694,-0.0007495939498767257,-0.010252864100039005,-1.5443226099014282,2.4660887718200684,5020636.0
180.3000030517578,64.35279083251953,0.15028081834316254,-0.05897921696305275,817.2064208984375,-0.5979825854301453,1041.60205078125,-1.031954288482666,978.8508911132812,-0.9096713066101074,1055.361083984375,-1.0625444650650024,0.345019668340683,0.12956537306308746,0.03398015722632408,0.026316840201616287,0.024063389748334885,0.023321619257330894,-0.00429508788511157,-0.0034873445983976126,-0.0013204783899709582,-0.0009894882095977664,-0.0008616853738203645,-0.0007776543498039246,0.1382942795753479,0.023049045354127884,-0.0007372510153800249,-0.010261280462145805,-1.5455902814865112,2.465616226196289,5019674.5
180.39999389648438,64.36726379394531,0.14466744661331177,-0.05613372474908829,817.1466064453125,-0.5979452133178711,1041.4989013671875,-1.031864881515503,978.7598876953125,-0.9096038341522217,1055.2547607421875,-1.0624206066131592,0.3445903956890106,0.12921708822250366,0.033848464488983154,0.02621828019618988,0.02397776208817959,0.0232444666326046,-0.004290333949029446,-0.0034783282317221165,-0.0013133753091096878,-0.0009817160898819566,-0.0008508675964549184,-0.0007654987275600433,0.13785691559314728,0.02297615259885788,-0.0007253917865455151,-0.01026911661028862,-1.5467705726623535,2.465143918991089,5018712.5
180.5,64.3812026977539,0.13938254117965698,-0.05284910276532173,817.0868530273438,-0.5979074239730835,1041.395751953125,-1.0317742824554443,978.6689453125,-0.9095355272293091,1055.1485595703125,-1.0622950792312622,0.34416159987449646,0.12886971235275269,0.03371748700737953,0.02612050250172615,0.023893220350146294,0.023168519139289856,-0.004285570699721575,-0.003469303948804736,-0.001306220074184239,-0.0009738343069329858,-0.0008399988291785121,-0.0007535211625508964,0.13742642104625702,0.022904405370354652,-0.000714062771294266,-0.010276407934725285,-1.5478688478469849,2.4646713733673096,5017750.5
180.60000610351562,64.3946533203125,0.13454341888427734,-0.048391107469797134,817.0270385742188,-0.5978691577911377,1041.2926025390625,-1.0316826105117798,978.5780029296875,-0.9094663858413696,1055.0423583984375,-1.0621681213378906,0.3437332808971405,0.12852323055267334,0.033587224781513214,0.026023516431450844,0.023809764534235,0.023093756288290024,-0.004280799999833107,-0.003460274077951908,-0.0012990215327590704,-0.0009658662602305412,-0.0008291379199363291,-0.0007418445311486721,0.13700240850448608,0.02283373475074768,-0.0007034404552541673,-0.010283200070261955,-1.5488919019699097,2.4641990661621094,5016789.0
180.6999969482422,64.40768432617188,0.13027521967887878,-0.042682044208049774,816.96728515625,-0.5978304743766785,1041.189453125,-1.0315898656845093,978.487060546875,-0.9093962907791138,1054.9361572265625,-1.0620397329330444,0.34330543875694275,0.12817765772342682,0.0334576815366745,0.025927331298589706,0.02372739091515541,0.02302013896405697,-0.004276021849364042,-0.0034512411803007126,-0.0012917900457978249,-0.0009578398312442005,-0.000818353146314621,-0.0007306050392799079,0.1365843415260315,0.02276405692100525,-0.0006937006837688386,-0.010289552621543407,-1.5498486757278442,2.463726758956909,5015827.0
180.8000030517578,64.4203109741211,0.12632513046264648,-0.0395008847117424,816.907470703125,-0.597791314125061,1041.086181640625,-1.0314960479736328,978.3961181640625,-0.909325361251831,1054.8299560546875,-1.0619101524353027,0.3428780734539032,0.12783297896385193,0.033328864723443985,0.025831950828433037,0.023646090179681778,0.02294762246310711,-0.004271237645298243,-0.003442207118496299,-0.0012845329474657774,-0.0009497732971794903,-0.0008076837984845042,-0.0007198320236057043,0.13617189228534698,0.02269531600177288,-0.0006844417657703161,-0.010295497253537178,-1.5507440567016602,2.46325421333313,5014865.5
180.89999389648438,64.4325942993164,0.12284251302480698,-0.034826185554265976,816.8477172851562,-0.5977517366409302,1040.983154296875,-1.03140127658844,978.30517578125,-0.9092535972595215,1054.7237548828125,-1.0617793798446655,0.34245118498802185,0.12748920917510986,0.03320077806711197,0.025737378746271133,0.023565849289298058,0.022876156494021416,-0.00426644878461957,-0.0034331742208451033,-0.0012772587360814214,-0.0009416885441169143,-0.0007971767336130142,-0.0007095815963111818,0.13576465845108032,0.022627443075180054,-0.0006759242969565094,-0.010301082395017147,-1.5515854358673096,2.4627819061279297,5013904.0
181.0,64.4446029663086,0.12001751363277435,-0.02825000509619713,816.7879028320312,-0.5977116823196411,1040.8800048828125,-1.0313054323196411,978.2142944335938,-0.9091809391975403,1054.6175537109375,-1.0616475343704224,0.3420247733592987,0.12714634835720062,0.033073414117097855,0.025643613189458847,0.023486647754907608,0.02280568517744541,-0.004261655732989311,-0.003424145746976137,-0.0012699791695922613,-0.0009336144430562854,-0.0007868963293731213,-0.0006999612669460475,0.13536205887794495,0.022560343146324158,-0.0006684124236926436,-0.010306376963853836,-1.5523829460144043,2.4623095989227295,5012942.5
181.10000610351562,64.45638275146484,0.11780887842178345,-0.022086335346102715,816.7281494140625,-0.5976711511611938,1040.77685546875,-1.0312087535858154,978.1233520507812,-0.9091073870658875,1054.5113525390625,-1.061514973640442,0.34159883856773376,0.126804381608963,0.03294678032398224,0.025550654157996178,0.02340845949947834,0.022736139595508575,-0.004256859887391329,-0.0034151244908571243,-0.0012627054238691926,-0.0009255786426365376,-0.0007769001531414688,-0.0006910465890541673,0.1349635273218155,0.022493921220302582,-0.0006618194165639579,-0.010311445221304893,-1.553146243095398,2.4618375301361084,5011981.0
181.1999969482422,64.46797943115234,0.11599566042423248,-0.01813214272260666,816.6683959960938,-0.5976301431655884,1040.6737060546875,-1.0311110019683838,978.032470703125,-0.9090330004692078,1054.4052734375,-1.0613816976547241,0.3411734104156494,0.12646332383155823,0.03282087296247482,0.025458496063947678,0.023331256583333015,0.022667450830340385,-0.004252062179148197,-0.0034061125479638577,-0.0012554452987387776,-0.0009175994200631976,-0.0007672185311093926,-0.0006828243494965136,0.1345686912536621,0.022428113967180252,-0.0006558179738931358,-0.010316327214241028,-1.5538815259933472,2.461365222930908,5011019.5
181.3000030517578,64.47941589355469,0.1143304854631424,-0.016651801764965057,816.608642578125,-0.5975886583328247,1040.570556640625,-1.0310125350952148,977.9415283203125,-0.9089577794075012,1054.299072265625,-1.0612475872039795,0.3407484292984009,0.12612316012382507,0.03269569203257561,0.02536713145673275,0.0232550036162138,0.02259955182671547,-0.004247263073921204,-0.003397111315280199,-0.001248202403075993,-0.0009096845169551671,-0.0007578512886539102,-0.0006751995533704758,0.1341773420572281,0.02236288972198963,-0.0006500617018900812,-0.010321037843823433,-1.5545910596847534,2.460893154144287,5010058.5
181.39999389648438,64.49068450927734,0.1126893013715744,-0.016411785036325455,816.5488891601562,-0.5975466966629028,1040.467529296875,-1.0309131145477295,977.8506469726562,-0.9088817238807678,1054.1929931640625,-1.0611129999160767,0.34032395482063293,0.12578390538692474,0.03257123380899429,0.025276556611061096,0.0231796745210886,0.022532394155859947,-0.0042424630373716354,-0.003388120559975505,-0.001240978017449379,-0.0009018355631269515,-0.0007487823604606092,-0.0006680525839328766,0.13378942012786865,0.022298235446214676,-0.0006443907623179257,-0.010325579904019833,-1.555275321006775,2.460420846939087,5009097.0
181.5,64.50180053710938,0.11119335144758224,-0.014959503896534443,816.4891357421875,-0.597504198551178,1040.3643798828125,-1.0308128595352173,977.759765625,-0.9088048338890076,1054.0869140625,-1.0609776973724365,0.3398999571800232,0.12544552981853485,0.03244749456644058,0.02518676221370697,0.023105237632989883,0.02246592752635479,-0.004237662069499493,-0.0033791414462029934,-0.0012337747029960155,-0.0008940576808527112,-0.0007400069735012949,-0.0006613245350308716,0.13340476155281067,0.022234128788113594,-0.0006389959016814828,-0.010329969227313995,-1.5559364557266235,2.459948778152466,5008136.0
181.60000610351562,64.5127944946289,0.109901562333107,-0.01291788462549448,816.4293823242188,-0.5974612832069397,1040.2613525390625,-1.0307118892669678,977.6688842773438,-0.9087271094322205,1053.9808349609375,-1.0608417987823486,0.33947640657424927,0.12510806322097778,0.03232447803020477,0.025097742676734924,0.02303166128695011,0.022400114685297012,-0.0042328606359660625,-0.0033701749052852392,-0.001226596301421523,-0.0008863586117513478,-0.0007315282709896564,-0.0006549936369992793,0.133023202419281,0.02217053435742855,-0.0006339449319057167,-0.010334226302802563,-1.5565776824951172,2.4594767093658447,5007175.0
181.6999969482422,64.52367401123047,0.10886004567146301,-0.010415223427116871,816.36962890625,-0.5974178314208984,1040.1583251953125,-1.0306099653244019,977.5780029296875,-0.9086486101150513,1053.874755859375,-1.0607054233551025,0.33905336260795593,0.12477149814367294,0.03220217302441597,0.025009486824274063,0.022958919405937195,0.022334914654493332,-0.0042280592024326324,-0.0033612221013754606,-0.0012194471200928092,-0.0008787477854639292,-0.0007233539363369346,-0.000649058842100203,0.13264448940753937,0.022107413038611412,-0.0006292978068813682,-0.010338377207517624,-1.557202935218811,2.4590046405792236,5006214.0
181.8000030517578,64.53450012207031,0.10819368809461594,-0.006663529668003321,816.3098754882812,-0.597373902797699,1040.05517578125,-1.0305073261260986,977.4871826171875,-0.9085692763328552,1053.7686767578125,-1.0605686902999878,0.3386307954788208,0.12443582713603973,0.03208058699965477,0.02492198906838894,0.022886978462338448,0.022270286455750465,-0.004223258700221777,-0.003352284897118807,-0.0012123333290219307,-0.0008712387643754482,-0.0007155037601478398,-0.000643557810690254,0.1322682797908783,0.02204471454024315,-0.0006252320599742234,-0.010342461057007313,-1.557818055152893,2.4585325717926025,5005253.0
181.89999389648438,64.54529571533203,0.10799409449100494,-0.001995934871956706,816.2501220703125,-0.5973294377326965,1039.9521484375,-1.030403971672058,977.3963012695312,-0.9084891676902771,1053.66259765625,-1.0604314804077148,0.33820873498916626,0.12410104274749756,0.03195970505475998,0.024835234507918358,0.022815804928541183,0.022206183522939682,-0.004218459594994783,-0.0033433653879910707,-0.00120526272803545,-0.0008638487197458744,-0.0007080063805915415,-0.0006385510205291212,0.13189420104026794,0.02198236621916294,-0.000621865619905293,-0.01034652628004551,-1.5584301948547363,2.4580607414245605,5004292.0
182.0,64.55614471435547,0.10848735272884369,0.004932578187435865,816.1904296875,-0.5972844958305359,1039.84912109375,-1.0302999019622803,977.3054809570312,-0.9084083437919617,1053.5565185546875,-1.060294270515442,0.33778712153434753,0.12376715242862701,0.031839530915021896,0.024749213829636574,0.022745361551642418,0.022142549976706505,-0.004213663749396801,-0.0033344668336212635,-0.001198246143758297,-0.0008566025644540787,-0.0007009109249338508,-0.0006341540720313787,0.13152164220809937,0.021920274943113327,-0.000619519327301532,-0.010350643657147884,-1.559050440788269,2.4575886726379395,5003331.0
182.10000610351562,64.56710815429688,0.10966759920120239,0.011802414432168007,816.1306762695312,-0.597239077091217,1039.74609375,-1.0301951169967651,977.2146606445312,-0.9083266854286194,1053.4505615234375,-1.0601569414138794,0.337365984916687,0.1234341487288475,0.031720053404569626,0.024663906544446945,0.02267560362815857,0.02207932248711586,-0.004208872094750404,-0.003325592027977109,-0.0011912949848920107,-0.0008495255606248975,-0.0006942652980796993,-0.0006304610287770629,0.1311500370502472,0.02185834012925625,-0.0006181555800139904,-0.010354885831475258,-1.5596895217895508,2.4571168422698975,5002370.5
182.1999969482422,64.5782699584961,0.11155958473682404,0.018919862806797028,816.0709838867188,-0.59719318151474,1039.64306640625,-1.0300899744033813,977.123779296875,-0.9082443714141846,1053.3446044921875,-1.060019850730896,0.3369453251361847,0.12310203164815903,0.03160126879811287,0.024579299613833427,0.022606486454606056,0.02201642468571663,-0.004204086028039455,-0.0033167442306876183,-0.0011844204273074865,-0.0008426427957601845,-0.0006881151930429041,-0.0006275486084632576,0.13077877461910248,0.021796463057398796,-0.0006178118637762964,-0.010359326377511024,-1.5603582859039307,2.4566450119018555,5001410.0
182.3000030517578,64.58963775634766,0.11367233842611313,0.02112758718430996,816.01123046875,-0.59714674949646,1039.5401611328125,-1.0299841165542603,977.032958984375,-0.9081612825393677,1053.238525390625,-1.0598829984664917,0.33652517199516296,0.12277080118656158,0.03148316591978073,0.02449537068605423,0.022537961602211,0.021953782066702843,-0.0041993060149252415,-0.003307925071567297,-0.0011776270112022758,-0.0008359616040252149,-0.0006824559532105923,-0.0006253304309211671,0.13040758669376373,0.02173459902405739,-0.0006177662289701402,-0.01036398857831955,-1.5610605478286743,2.4561731815338135,5000449.0
182.39999389648438,64.60120391845703,0.11568339169025421,0.020110473036766052,815.9515380859375,-0.5970998406410217,1039.4371337890625,-1.0298779010772705,976.9421997070312,-0.9080775380134583,1053.132568359375,-1.0597463846206665,0.33610546588897705,0.12244044244289398,0.03136574104428291,0.02441209927201271,0.022469976916909218,0.021891335025429726,-0.00419453252106905,-0.0032991343177855015,-0.0011709132231771946,-0.0008294751169160008,-0.0006772450869902968,-0.0006236252374947071,0.13003650307655334,0.021672749891877174,-0.0006176072638481855,-0.010368861258029938,-1.5617945194244385,2.4557013511657715,4999488.5
182.5,64.61296844482422,0.1176375076174736,0.019541161134839058,815.891845703125,-0.5970523953437805,1039.3341064453125,-1.029771089553833,976.8513793945312,-0.9079931378364563,1053.026611328125,-1.0596098899841309,0.33568626642227173,0.12211097031831741,0.03124898113310337,0.024329468607902527,0.02240249514579773,0.021829040721058846,-0.004189765080809593,-0.003290371736511588,-0.001164277782663703,-0.0008231763495132327,-0.0006724430713802576,-0.0006222967058420181,0.1296655237674713,0.021610919386148453,-0.0006174290319904685,-0.010373938828706741,-1.5625593662261963,2.4552295207977295,4998528.0
182.60000610351562,64.62494659423828,0.11980903148651123,0.021715298295021057,815.8321533203125,-0.5970045328140259,1039.231201171875,-1.0296639204025269,976.7605590820312,-0.9079080820083618,1052.920654296875,-1.0594737529754639,0.3352675139904022,0.12178236991167068,0.031132880598306656,0.024247456341981888,0.022335471585392952,0.02176686003804207,-0.004185004159808159,-0.003281637793406844,-0.001157723250798881,-0.0008170683868229389,-0.0006680403603240848,-0.0006213239976204932,0.1292944848537445,0.021549079567193985,-0.0006176142487674952,-0.010379244573414326,-1.5633584260940552,2.4547579288482666,4997568.0
182.6999969482422,64.63716888427734,0.12221696972846985,0.024079328402876854,815.7724609375,-0.5969561338424683,1039.128173828125,-1.029556155204773,976.6697998046875,-0.9078224301338196,1052.814697265625,-1.059337854385376,0.3348492681980133,0.1214546412229538,0.031017431989312172,0.02416604571044445,0.02226887084543705,0.02170475758612156,-0.004180249758064747,-0.003272934118285775,-0.0011512527707964182,-0.0008111561764962971,-0.0006640332867391407,-0.0006207071128301322,0.12892316281795502,0.021487195044755936,-0.000618153193499893,-0.010384801775217056,-1.5641955137252808,2.4542860984802246,4996607.5
182.8000030517578,64.649658203125,0.12489048391580582,0.026735197752714157,815.7127685546875,-0.5969073176383972,1039.0252685546875,-1.02944815158844,976.5790405273438,-0.9077361226081848,1052.708740234375,-1.0592023134231567,0.3344314694404602,0.12112778425216675,0.030902627855539322,0.024085216224193573,0.02220264822244644,0.02164269983768463,-0.004175503272563219,-0.003264261642470956,-0.0011448700679466128,-0.0008054453646764159,-0.0006604212103411555,-0.0006204536184668541,0.12855134904384613,0.02142522484064102,-0.0006190852727741003,-0.010390639305114746,-1.5650748014450073,2.4538145065307617,4995647.5
182.89999389648438,64.66242218017578,0.12762558460235596,0.027350937947630882,815.653076171875,-0.5968579649925232,1038.92236328125,-1.0293396711349487,976.4882202148438,-0.9076492786407471,1052.6029052734375,-1.0590672492980957,0.3340141475200653,0.12080178409814835,0.03078845515847206,0.024004949256777763,0.02213677018880844,0.02158065140247345,-0.004170764237642288,-0.0032556208316236734,-0.0011385759571567178,-0.0007999344961717725,-0.0006571842823177576,-0.0006205106037668884,0.1281789392232895,0.021363157778978348,-0.0006201117066666484,-0.010396763682365417,-1.5659972429275513,2.453342914581299,4994687.0
183.0,64.67545318603516,0.1303136944770813,0.026881160214543343,815.5933837890625,-0.5968081951141357,1038.8193359375,-1.0292308330535889,976.3974609375,-0.9075618386268616,1052.4969482421875,-1.0589324235916138,0.333597332239151,0.12047665566205978,0.030674908310174942,0.02392522245645523,0.022071197628974915,0.021518584340810776,-0.004166033118963242,-0.0032470112200826406,-0.0011323692742735147,-0.0007946173427626491,-0.0006542910705320537,-0.0006207978003658354,0.1278059482574463,0.021300990134477615,-0.0006210994906723499,-0.010403169319033623,-1.5669620037078857,2.452871322631836,4993727.0
183.10000610351562,64.688720703125,0.13271194696426392,0.02398250438272953,815.53369140625,-0.5967579483985901,1038.7164306640625,-1.0291216373443604,976.3067016601562,-0.9074738621711731,1052.39111328125,-1.0587979555130005,0.3331809639930725,0.12015238404273987,0.03056197799742222,0.023846017196774483,0.022005898877978325,0.021456485614180565,-0.0041613089852035046,-0.0032384321093559265,-0.0011262452462688088,-0.0007894788286648691,-0.0006516883731819689,-0.0006211802829056978,0.12743254005908966,0.02123875543475151,-0.0006217107293196023,-0.010409826412796974,-1.567964792251587,2.452399730682373,4992767.0
183.1999969482422,64.70220184326172,0.13477860391139984,0.02066660113632679,815.4739990234375,-0.5967072248458862,1038.613525390625,-1.0290119647979736,976.2160034179688,-0.9073854088783264,1052.28515625,-1.0586637258529663,0.3327650725841522,0.1198289692401886,0.030449656769633293,0.023767320439219475,0.021940849721431732,0.02139434777200222,-0.00415659137070179,-0.0032298818696290255,-0.0011201979359611869,-0.0007845017244108021,-0.0006493197288364172,-0.0006215343601070344,0.1270589679479599,0.021176494657993317,-0.0006219112547114491,-0.010416700504720211,-1.5690001249313354,2.4519283771514893,4991807.5
183.3000030517578,64.71586608886719,0.1366589069366455,0.018802929669618607,815.4143676757812,-0.596656084060669,1038.5106201171875,-1.0289020538330078,976.125244140625,-0.907296359539032,1052.1793212890625,-1.0585297346115112,0.33234962821006775,0.11950640380382538,0.03033793531358242,0.023689111694693565,0.021876027807593346,0.02133217826485634,-0.0041518802754580975,-0.0032213598024100065,-0.0011142235016450286,-0.0007796738645993173,-0.0006471461383625865,-0.0006218065973371267,0.12668538093566895,0.021114230155944824,-0.0006219058413989842,-0.010423772968351841,-1.5700653791427612,2.4514567852020264,4990847.5
183.39999389648438,64.72967529296875,0.1380397379398346,0.01380832027643919,815.3546752929688,-0.5966044664382935,1038.40771484375,-1.0287916660308838,976.0345458984375,-0.9072068929672241,1052.073486328125,-1.0583958625793457,0.33193469047546387,0.1191846951842308,0.030226808041334152,0.02361137978732586,0.021811414510011673,0.021269993856549263,-0.004147174768149853,-0.003212863812223077,-0.0011083143763244152,-0.0007749736541882157,-0.000645104912109673,-0.0006218733033165336,0.12631212174892426,0.02105202153325081,-0.0006212337175384164,-0.010430990718305111,-1.5711525678634644,2.4509854316711426,4989887.5
183.5,64.7435531616211,0.1388060450553894,0.007663111202418804,815.2950439453125,-0.5965524315834045,1038.304931640625,-1.0286809206008911,975.9437866210938,-0.9071168899536133,1051.9676513671875,-1.0582618713378906,0.3315201997756958,0.11886383593082428,0.03011627122759819,0.02353411354124546,0.021747004240751266,0.021207816898822784,-0.004142473451793194,-0.0032043911051005125,-0.001102460315451026,-0.0007703744922764599,-0.0006431229412555695,-0.0006215953035280108,0.12593965232372284,0.02098994329571724,-0.0006197714246809483,-0.010438291355967522,-1.5722522735595703,2.450514078140259,4988928.0
183.60000610351562,64.75745391845703,0.13897988200187683,0.0017384521197527647,815.2353515625,-0.5964999794960022,1038.2020263671875,-1.0285696983337402,975.8530883789062,-0.9070264101028442,1051.86181640625,-1.0581278800964355,0.33110618591308594,0.11854381859302521,0.03000631555914879,0.023457301780581474,0.02168279141187668,0.021145692095160484,-0.004137775860726833,-0.0031959395855665207,-0.001096651772968471,-0.0007658508257009089,-0.0006411338108591735,-0.0006208702689036727,0.1255684345960617,0.020928071811795235,-0.0006175590679049492,-0.010445611551404,-1.573354959487915,2.450042724609375,4987968.5
183.6999969482422,64.77130889892578,0.13855521380901337,-0.004246741998940706,815.1757202148438,-0.5964471101760864,1038.0992431640625,-1.0284579992294312,975.7623901367188,-0.9069353938102722,1051.7559814453125,-1.0579934120178223,0.3306926488876343,0.11822464317083359,0.029896939173340797,0.023380940780043602,0.021618779748678207,0.021083666011691093,-0.004133081063628197,-0.003187506226822734,-0.0010908790864050388,-0.0007613777415826917,-0.0006390762864612043,-0.0006196206668391824,0.12519890069961548,0.020866483449935913,-0.0006145842489786446,-0.010452890768647194,-1.5744513273239136,2.449571371078491,4987009.0
183.8000030517578,64.78507232666016,0.13767802715301514,-0.00877188891172409,815.1160888671875,-0.5963938236236572,1037.996337890625,-1.0283458232879639,975.6716918945312,-0.9068439602851868,1051.6502685546875,-1.0578587055206299,0.33027955889701843,0.11790631711483002,0.02978813834488392,0.023305024951696396,0.02155498042702675,0.02102179080247879,-0.004128387663513422,-0.0031790893990546465,-0.0010851345723494887,-0.0007569359731860459,-0.0006369074108079076,-0.0006178289768286049,0.1248314157128334,0.0208052359521389,-0.0006110516260378063,-0.0104600815102458,-1.5755343437194824,2.4491002559661865,4986049.5
183.89999389648438,64.7987060546875,0.1363532841205597,-0.013247468508780003,815.0564575195312,-0.5963401198387146,1037.8935546875,-1.0282330513000488,975.5810546875,-0.9067520499229431,1051.54443359375,-1.0577234029769897,0.3298669755458832,0.1175888255238533,0.029679911211133003,0.023229552432894707,0.021491404622793198,0.020960122346878052,-0.004123695194721222,-0.003170686773955822,-0.0010794111294671893,-0.000752507708966732,-0.0006345902220346034,-0.0006154894945211709,0.12446632981300354,0.020744388923048973,-0.0006069518276490271,-0.010467137210071087,-1.5765970945358276,2.448629140853882,4985090.5
184.0,64.8121566772461,0.13447508215904236,-0.018781961873173714,814.996826171875,-0.5962859988212585,1037.7906494140625,-1.028119683265686,975.4903564453125,-0.9066596031188965,1051.438720703125,-1.0575876235961914,0.32945483922958374,0.11727217584848404,0.0295722559094429,0.023154523223638535,0.021428070962429047,0.020898718386888504,-0.004119002725929022,-0.003162296721711755,-0.0010737002594396472,-0.0007480722269974649,-0.0006320811808109283,-0.0006125685758888721,0.12410404533147812,0.020684007555246353,-0.0006021414883434772,-0.010473999194800854,-1.577630639076233,2.448157787322998,4984131.0
184.10000610351562,64.82536315917969,0.13204729557037354,-0.02427791804075241,814.9371948242188,-0.5962315201759338,1037.6878662109375,-1.028005838394165,975.3997192382812,-0.9065666794776917,1051.3330078125,-1.0574510097503662,0.3290431797504425,0.11695636808872223,0.029465170577168465,0.02307993918657303,0.021364998072385788,0.020837636664509773,-0.004114309325814247,-0.0031539162155240774,-0.0010679936967790127,-0.000743609038181603,-0.0006293394253589213,-0.0006090382230468094,0.12374497950077057,0.02062416449189186,-0.0005966401658952236,-0.010480610653758049,-1.5786266326904297,2.4476866722106934,4983172.0
184.1999969482422,64.83827209472656,0.12914437055587769,-0.0290292426943779,814.8775634765625,-0.5961765646934509,1037.5850830078125,-1.0278912782669067,975.30908203125,-0.9064732789993286,1051.2271728515625,-1.0573136806488037,0.3286319673061371,0.11664139479398727,0.02935865707695484,0.023005804046988487,0.02130221389234066,0.020776938647031784,-0.0041096145287156105,-0.003145543858408928,-0.001062283874489367,-0.000739100796636194,-0.0006263343384489417,-0.0006048990762792528,0.12338949739933014,0.020564917474985123,-0.0005905503639951348,-0.010486923158168793,-1.5795774459838867,2.4472157955169678,4982213.0
184.3000030517578,64.85083770751953,0.12560893595218658,-0.035354260355234146,814.8179321289062,-0.5961213111877441,1037.4822998046875,-1.0277760028839111,975.2183837890625,-0.9063794016838074,1051.1214599609375,-1.0571753978729248,0.32822123169898987,0.11632725596427917,0.029252715408802032,0.02293212339282036,0.0212397463619709,0.02071668766438961,-0.00410491693764925,-0.003137176623567939,-0.0010565617121756077,-0.0007345260237343609,-0.0006230250000953674,-0.0006001113215461373,0.12303806096315384,0.020506342872977257,-0.0005836503114551306,-0.010492870584130287,-1.5804731845855713,2.446744680404663,4981254.0
184.39999389648438,64.86297607421875,0.12140781432390213,-0.04201124981045723,814.7583618164062,-0.5960656404495239,1037.3795166015625,-1.0276601314544678,975.1278076171875,-0.9062849879264832,1051.0157470703125,-1.05703604221344,0.32781100273132324,0.11601395905017853,0.029147345572710037,0.02285890281200409,0.0211776252835989,0.020656948909163475,-0.004100215155631304,-0.0031288121826946735,-0.0010508173145353794,-0.0007298620184883475,-0.000619368685875088,-0.0005946301971562207,0.12269116193056107,0.020448526367545128,-0.0005759159103035927,-0.010498382151126862,-1.581303358078003,2.4462735652923584,4980295.0
184.5,64.87464141845703,0.11660746484994888,-0.04800352826714516,814.69873046875,-0.5960095524787903,1037.2767333984375,-1.0275434255599976,975.0371704101562,-0.9061899781227112,1050.9100341796875,-1.0568954944610596,0.32740119099617004,0.11570149660110474,0.029042553156614304,0.022786155343055725,0.02111588791012764,0.0205977950245142,-0.0040955087170004845,-0.0031204477418214083,-0.001045042066834867,-0.0007250887574627995,-0.0006153318099677563,-0.0005884398124180734,0.12234925478696823,0.020391542464494705,-0.0005674413405358791,-0.010503396391868591,-1.5820586681365967,2.445802688598633,4979336.5
184.60000610351562,64.88578033447266,0.11141763627529144,-0.0518982894718647,814.63916015625,-0.595953106880188,1037.174072265625,-1.0274258852005005,974.946533203125,-0.906094491481781,1050.804443359375,-1.0567536354064941,0.32699188590049744,0.1153898686170578,0.02893834002315998,0.02271389029920101,0.021054575219750404,0.0205392949283123,-0.004090797156095505,-0.003112081903964281,-0.0010392299154773355,-0.000720194133464247,-0.0006109035457484424,-0.0005815888871438801,0.122012659907341,0.020335443317890167,-0.0005585046019405127,-0.010507872328162193,-1.5827327966690063,2.4453318119049072,4978377.5
184.6999969482422,64.8963851928711,0.10604813694953918,-0.053694985806941986,814.5795288085938,-0.595896303653717,1037.0712890625,-1.0273076295852661,974.85595703125,-0.9059984087944031,1050.69873046875,-1.0566105842590332,0.32658302783966064,0.11507907509803772,0.028834708034992218,0.022642122581601143,0.020993724465370178,0.02048150636255741,-0.004086079075932503,-0.0031037135049700737,-0.0010333784157410264,-0.0007151743629947305,-0.0006060952437110245,-0.0005741797504015267,0.12168151140213013,0.020280251279473305,-0.0005493679782375693,-0.010511791333556175,-1.5833231210708618,2.4448609352111816,4977419.0
184.8000030517578,64.90642547607422,0.10041604936122894,-0.05632082745432854,814.5199584960938,-0.5958390831947327,1036.9686279296875,-1.0271885395050049,974.7653198242188,-0.9059017896652222,1050.593017578125,-1.0564661026000977,0.32617467641830444,0.11476912349462509,0.028731664642691612,0.022570861503481865,0.020933372899889946,0.020424485206604004,-0.004081355407834053,-0.003095341846346855,-0.0010274841915816069,-0.0007100239163264632,-0.0006009128992445767,-0.0005662748590111732,0.12135601043701172,0.020226001739501953,-0.000539900385774672,-0.010515126399695873,-1.5838253498077393,2.444390058517456,4976460.5
184.89999389648438,64.91586303710938,0.09436242282390594,-0.060536302626132965,814.4603881835938,-0.5957815051078796,1036.8658447265625,-1.0270684957504272,974.6747436523438,-0.9058045744895935,1050.4874267578125,-1.0563201904296875,0.32576677203178406,0.11446001380681992,0.028629213571548462,0.02250012382864952,0.02087355963885784,0.02036827988922596,-0.004076624289155006,-0.00308696529828012,-0.0010215421207249165,-0.0007047320250421762,-0.0005953469080850482,-0.000557874736841768,0.12103644013404846,0.020172739401459694,-0.000529901881236583,-0.010517831891775131,-1.5842329263687134,2.4439194202423096,4975502.0
185.0,64.92466735839844,0.08808458596467972,-0.06277833878993988,814.4008178710938,-0.5957235097885132,1036.76318359375,-1.0269476175308228,974.5841674804688,-0.9057067036628723,1050.3818359375,-1.0561727285385132,0.3253593444824219,0.114151731133461,0.028527360409498215,0.022429922595620155,0.02081432193517685,0.02031293511390686,-0.00407188618555665,-0.0030785826966166496,-0.001015548943541944,-0.0006992939743213356,-0.0005894039059057832,-0.000549027812667191,0.12072297930717468,0.020120497792959213,-0.0005196549464017153,-0.010519886389374733,-1.5845423936843872,2.443448781967163,4974544.0
185.10000610351562,64.93285369873047,0.08181676268577576,-0.06267823278903961,814.3412475585938,-0.5956651568412781,1036.6605224609375,-1.0268257856369019,974.4935913085938,-0.9056082367897034,1050.2762451171875,-1.0560238361358643,0.3249523937702179,0.11384429782629013,0.02842610701918602,0.022360270842909813,0.020755695179104805,0.020258495584130287,-0.004067140631377697,-0.0030701940413564444,-0.0010095052421092987,-0.0006937136058695614,-0.0005831134039908648,-0.0005398420034907758,0.12041565030813217,0.020069275051355362,-0.0005094499792903662,-0.010521288961172104,-1.5847536325454712,2.4429781436920166,4973585.5
185.1999969482422,64.94039916992188,0.07548673450946808,-0.06330026686191559,814.2816772460938,-0.5956064462661743,1036.5577392578125,-1.0267030000686646,974.403076171875,-0.9055091142654419,1050.170654296875,-1.0558735132217407,0.3245459198951721,0.11353769153356552,0.028325460851192474,0.022291185334324837,0.020697714760899544,0.02020498551428318,-0.004062388092279434,-0.003061799332499504,-0.0010034107835963368,-0.000687993539031595,-0.0005764991510659456,-0.0005303878569975495,0.12011448293924332,0.020019080489873886,-0.0004991681198589504,-0.010522034019231796,-1.584865927696228,2.44250750541687,4972627.5
185.3000030517578,64.94729614257812,0.06898259371519089,-0.06504146009683609,814.2221069335938,-0.5955473184585571,1036.455078125,-1.0265793800354004,974.3125,-0.9054093956947327,1050.0650634765625,-1.055721640586853,0.32413992285728455,0.11323193460702896,0.028225427493453026,0.02222267910838127,0.020640410482883453,0.020152434706687927,-0.004057627636939287,-0.0030533981043845415,-0.0009972639381885529,-0.0006821323768235743,-0.0005695723230019212,-0.0005206851637922227,0.11981958150863647,0.01996993087232113,-0.0004886721726506948,-0.010522103868424892,-1.584876298904419,2.4420368671417236,4971669.5
185.39999389648438,64.95349884033203,0.06201206147670746,-0.0697053000330925,814.16259765625,-0.5954877734184265,1036.3525390625,-1.0264546871185303,974.2219848632812,-0.9053089022636414,1049.95947265625,-1.0555682182312012,0.3237344026565552,0.11292701214551926,0.028126010671257973,0.02215476706624031,0.02058381587266922,0.020100869238376617,-0.004052858799695969,-0.0030449882615357637,-0.0009910593507811427,-0.0006761188851669431,-0.0005623162724077702,-0.0005106665194034576,0.11953126639127731,0.01992187649011612,-0.00047758620348758996,-0.010521448217332363,-1.584777593612671,2.441566228866577,4970711.5
185.5,64.95893859863281,0.05440784618258476,-0.07604216784238815,814.10302734375,-0.5954278707504272,1036.2498779296875,-1.0263290405273438,974.1314697265625,-0.9052078127861023,1049.8538818359375,-1.0554131269454956,0.323329359292984,0.1126229390501976,0.028027217835187912,0.02208746410906315,0.02052796445786953,0.020050328224897385,-0.004048081114888191,-0.003036567708477378,-0.000984788523055613,-0.0006699354853481054,-0.0005546972970478237,-0.0005002254038117826,0.11924996972084045,0.019874995574355125,-0.0004657184472307563,-0.010520001873373985,-1.5845597982406616,2.4410958290100098,4969753.5
185.60000610351562,64.96358489990234,0.046409253031015396,-0.07998590916395187,814.04345703125,-0.5953675508499146,1036.147216796875,-1.0262023210525513,974.0409545898438,-0.9051059484481812,1049.7484130859375,-1.0552561283111572,0.32292476296424866,0.1123197004199028,0.02792905643582344,0.022020787000656128,0.020472893491387367,0.020000852644443512,-0.004043293185532093,-0.0030281345825642347,-0.0009784463327378035,-0.0006635718164034188,-0.0005467029404826462,-0.000489339348860085,0.11897601187229156,0.019829334691166878,-0.000453397718956694,-0.010517723858356476,-1.5842167139053345,2.4406254291534424,4968796.0
185.6999969482422,64.9673843383789,0.03805435448884964,-0.08354899287223816,813.9839477539062,-0.5953068733215332,1036.0445556640625,-1.0260745286941528,973.950439453125,-0.9050034284591675,1049.642822265625,-1.0550973415374756,0.3225207030773163,0.11201731115579605,0.027831532061100006,0.02195475809276104,0.020418642088770866,0.01995248720049858,-0.004038495011627674,-0.003019687719643116,-0.0009720281814225018,-0.0006570203695446253,-0.0005383283132687211,-0.0004780105082318187,0.11870964616537094,0.019784942269325256,-0.00044064357643947005,-0.01051457691937685,-1.583742618560791,2.440155029296875,4967838.5
185.8000030517578,64.9703369140625,0.029515573754906654,-0.08538781851530075,813.9244384765625,-0.5952457189559937,1035.9420166015625,-1.0259456634521484,973.8599243164062,-0.9049001336097717,1049.537353515625,-1.0549366474151611,0.3221170902252197,0.11171576380729675,0.027734654024243355,0.021889392286539078,0.020365245640277863,0.019905276596546173,-0.00403368566185236,-0.0030112264212220907,-0.0009655320318415761,-0.0006502790492959321,-0.0005295838345773518,-0.0004662866413127631,0.11845103651285172,0.019741838797926903,-0.00042767933337017894,-0.010510541498661041,-1.5831347703933716,2.4396846294403076,4966881.0
185.89999389648438,64.97245788574219,0.02118675969541073,-0.08328813314437866,813.8649291992188,-0.5951842069625854,1035.83935546875,-1.0258156061172485,973.7694702148438,-0.9047960042953491,1049.431884765625,-1.0547741651535034,0.32171395421028137,0.1114150658249855,0.027638429775834084,0.021824710071086884,0.02031274139881134,0.019859250634908676,-0.004028866067528725,-0.0030027509201318026,-0.0009589611436240375,-0.000643359322566539,-0.0005205150810070336,-0.0004543143149930984,0.11820005625486374,0.019700009375810623,-0.0004150026070419699,-0.010505639016628265,-1.5823965072631836,2.4392144680023193,4965923.5
186.0,64.97380828857422,0.013499596156179905,-0.07687164843082428,813.8053588867188,-0.5951222777366638,1035.73681640625,-1.0256843566894531,973.678955078125,-0.9046911597251892,1049.326416015625,-1.0546098947525024,0.3213112950325012,0.1111152172088623,0.02754286490380764,0.0217607282102108,0.02026115544140339,0.019814422354102135,-0.004024036694318056,-0.0029942640103399754,-0.0009523247717879713,-0.0006362874992191792,-0.00051120639545843,-0.0004423328209668398,0.11795628815889359,0.019659381359815598,-0.00040313974022865295,-0.01049993745982647,-1.5815377235412598,2.438744068145752,4964966.0
186.10000610351562,64.97444915771484,0.006400954443961382,-0.07098641991615295,813.745849609375,-0.595059871673584,1035.63427734375,-1.0255521535873413,973.5885009765625,-0.9045855402946472,1049.220947265625,-1.0544440746307373,0.32090914249420166,0.11081621795892715,0.02744796685874462,0.021697457879781723,0.02021050825715065,0.019770784303545952,-0.004019198939204216,-0.002985767787322402,-0.000945632578805089,-0.0006290898309089243,-0.0005017362418584526,-0.00043052429100498557,0.11771930009126663,0.019619882106781006,-0.0003919824375770986,-0.010493497364223003,-1.5805675983428955,2.4382739067077637,4964008.5
186.1999969482422,64.97444915771484,2.220136593678035e-05,-0.06378752738237381,813.6864013671875,-0.5949971079826355,1035.53173828125,-1.0254188776016235,973.498046875,-0.9044790863990784,1049.115478515625,-1.054276704788208,0.3205074667930603,0.11051806062459946,0.027353741228580475,0.021634913980960846,0.020160812884569168,0.019728312268853188,-0.004014353267848492,-0.0029772655107080936,-0.0009388953330926597,-0.0006217954796738923,-0.0004921872168779373,-0.0004190583131276071,0.1174885705113411,0.019581427797675133,-0.0003817175456788391,-0.010486394166946411,-1.5794976949691772,2.4378037452697754,4963051.5
186.3000030517578,64.973876953125,-0.005697172600775957,-0.05719374120235443,813.6268920898438,-0.5949338674545288,1035.42919921875,-1.0252846479415894,973.4075927734375,-0.9043717980384827,1049.0101318359375,-1.0541080236434937,0.32010626792907715,0.1102207601070404,0.02726018987596035,0.021573102101683617,0.02011207304894924,0.01968696154654026,-0.004009501542896032,-0.002968759275972843,-0.0009321234538219869,-0.0006144317449070513,-0.000482632516650483,-0.0004080530197825283,0.11726361513137817,0.019543936476111412,-0.00037225609412416816,-0.01047869585454464,-1.5783381462097168,2.437333583831787,4962094.5
186.39999389648438,64.9727783203125,-0.011003421619534492,-0.05306249111890793,813.5673828125,-0.5948701500892639,1035.32666015625,-1.0251493453979492,973.3171997070312,-0.9042637348175049,1048.9046630859375,-1.0539381504058838,0.3197055757045746,0.1099243089556694,0.027167316526174545,0.021512029692530632,0.02006428688764572,0.01964668743312359,-0.004004644230008125,-0.002960251411423087,-0.000925324042327702,-0.000607017136644572,-0.00047311754315160215,-0.0003975308209192008,0.11704409867525101,0.019507350400090218,-0.0003632894076872617,-0.010470446199178696,-1.5770955085754395,2.436863660812378,4961137.5
186.5,64.97116088867188,-0.01621393673121929,-0.05210515111684799,813.5078735351562,-0.5948060154914856,1035.22412109375,-1.0250130891799927,973.2267456054688,-0.9041548371315002,1048.79931640625,-1.0537670850753784,0.3193053603172302,0.10962871462106705,0.02707512676715851,0.02145170234143734,0.02001744881272316,0.01960744522511959,-0.003999781329184771,-0.002951742149889469,-0.0009184995433315635,-0.0005995587562210858,-0.0004636540252249688,-0.00038741659955121577,0.11682991683483124,0.019471652805805206,-0.0003544321225490421,-0.010461654514074326,-1.5757713317871094,2.4363937377929688,4960181.0
186.60000610351562,64.9690170288086,-0.02143165096640587,-0.05217713862657547,813.4484252929688,-0.5947414636611938,1035.1217041015625,-1.0248758792877197,973.1363525390625,-0.9040451049804688,1048.6939697265625,-1.053594946861267,0.31890562176704407,0.10933396220207214,0.02698361873626709,0.02139212004840374,0.019971555098891258,0.019569197669625282,-0.0039949133060872555,-0.002943231724202633,-0.0009116507135331631,-0.0005920586991123855,-0.00045424001291394234,-0.00037761538987979293,0.11662104725837708,0.01943684183061123,-0.00034558100742287934,-0.010452319867908955,-1.5743653774261475,2.4359238147735596,4959224.0
186.6999969482422,64.96633911132812,-0.026797311380505562,-0.05365660786628723,813.3889770507812,-0.5946764349937439,1035.0191650390625,-1.0247375965118408,973.0459594726562,-0.9039345383644104,1048.588623046875,-1.0534214973449707,0.3185063600540161,0.10904006659984589,0.026892798021435738,0.02133329212665558,0.01992660202085972,0.019531920552253723,-0.003990039695054293,-0.0029347199015319347,-0.0009047761559486389,-0.0005845141713507473,-0.00044486040133051574,-0.00036801525857299566,0.11641757190227509,0.01940292865037918,-0.0003365583252161741,-0.010442428290843964,-1.5728753805160522,2.4354538917541504,4958267.5
186.8000030517578,64.963134765625,-0.032047707587480545,-0.05250396952033043,813.3294677734375,-0.5946109294891357,1034.916748046875,-1.0245983600616455,972.95556640625,-0.90382319688797,1048.4832763671875,-1.0532468557357788,0.31810760498046875,0.10874702036380768,0.02680266462266445,0.021275220438838005,0.019882583990693092,0.019495593383908272,-0.0039851609617471695,-0.0029262066818773746,-0.0008978775003924966,-0.0005769297713413835,-0.00043552156421355903,-0.0003585948725230992,0.1162194237112999,0.019369903951883316,-0.00032771623227745295,-0.010431990958750248,-1.5713032484054565,2.434983968734741,4957311.0
186.89999389648438,64.95940399169922,-0.03725576400756836,-0.05208056792616844,813.27001953125,-0.5945449471473694,1034.814208984375,-1.0244581699371338,972.8651733398438,-0.9037110209465027,1048.3779296875,-1.0530710220336914,0.3177093267440796,0.10845482349395752,0.02671322226524353,0.021217908710241318,0.019839497283101082,0.019460201263427734,-0.003980276640504599,-0.0029176927637308836,-0.0008909560274332762,-0.0005693091661669314,-0.00042622664477676153,-0.0003493289987090975,0.11602655798196793,0.019337758421897888,-0.00031892850529402494,-0.01042101252824068,-1.569649577140808,2.434514284133911,4956354.5
187.0,64.95514678955078,-0.04257297143340111,-0.05317207798361778,813.2105712890625,-0.5944785475730896,1034.7117919921875,-1.0243169069290161,972.7748413085938,-0.9035980105400085,1048.272705078125,-1.0528939962387085,0.317311555147171,0.10816348344087601,0.026624474674463272,0.021161360666155815,0.01979733817279339,0.019425731152296066,-0.003975387196987867,-0.0029091774486005306,-0.0008840108057484031,-0.0005616505513899028,-0.0004169642925262451,-0.0003401550347916782,0.11583902686834335,0.019306503236293793,-0.0003100078320130706,-0.010409480892121792,-1.5679126977920532,2.434044361114502,4955398.0
187.10000610351562,64.95034790039062,-0.04797772690653801,-0.05404754728078842,813.151123046875,-0.5944116115570068,1034.609375,-1.024174690246582,972.6844482421875,-0.9034841656684875,1048.1673583984375,-1.05271577835083,0.31691426038742065,0.10787298530340195,0.026536421850323677,0.021105580031871796,0.019756104797124863,0.01939217559993267,-0.003970492165535688,-0.002900660503655672,-0.0008770410204306245,-0.0005539520643651485,-0.00040772370994091034,-0.00033102542511187494,0.11565688997507095,0.019276147708296776,-0.00030099452123977244,-0.01039738766849041,-1.5660911798477173,2.433574676513672,4954442.0
187.1999969482422,64.9449691772461,-0.053814347833395004,-0.05836618319153786,813.0916748046875,-0.5943441987037659,1034.5069580078125,-1.024031400680542,972.5941162109375,-0.9033694863319397,1048.0621337890625,-1.0525362491607666,0.3165174424648285,0.10758335143327713,0.026449067518115044,0.021050572395324707,0.019715797156095505,0.019359536468982697,-0.0039655910804867744,-0.002892140531912446,-0.0008700414909981191,-0.0005462013650685549,-0.000398466014303267,-0.00032181505230255425,0.11548042297363281,0.019246738404035568,-0.00029143577557988465,-0.010384688153862953,-1.5641783475875854,2.433105230331421,4953486.0
187.3000030517578,64.93897247314453,-0.05994902178645134,-0.06134674325585365,813.0322875976562,-0.5942763090133667,1034.404541015625,-1.0238871574401855,972.5037841796875,-0.903253972530365,1047.9569091796875,-1.0523555278778076,0.3161211311817169,0.10729455947875977,0.02636241540312767,0.020996343344449997,0.019676417112350464,0.01932782679796219,-0.003960683476179838,-0.002883616369217634,-0.0008630079682916403,-0.0005383886746130884,-0.0003891617525368929,-0.00031245010904967785,0.11530985683202744,0.019218308851122856,-0.00028153552557341754,-0.01037135161459446,-1.5621695518493652,2.432635545730591,4952530.0
187.39999389648438,64.93238830566406,-0.0658784955739975,-0.05929475650191307,812.9728393554688,-0.5942079424858093,1034.30224609375,-1.0237417221069336,972.4134521484375,-0.9031376242637634,1047.8516845703125,-1.052173376083374,0.31572532653808594,0.10700662434101105,0.026276467368006706,0.020942898467183113,0.01963796839118004,0.019297055900096893,-0.003955769818276167,-0.002875088481232524,-0.0008559428388252854,-0.0005305206868797541,-0.000379828066797927,-0.00030301083461381495,0.11514508724212646,0.019190847873687744,-0.0002719205222092569,-0.01035739853978157,-1.560067892074585,2.43216609954834,4951574.0
187.5,64.92526245117188,-0.0712197795510292,-0.05341283231973648,812.9134521484375,-0.5941390991210938,1034.1998291015625,-1.0235953330993652,972.3231811523438,-0.9030203819274902,1047.7464599609375,-1.051990032196045,0.31532996892929077,0.10671954602003098,0.02619122713804245,0.020890241488814354,0.01960045099258423,0.01926722563803196,-0.003950850106775761,-0.002866558963432908,-0.0008488541352562606,-0.0005226181237958372,-0.0003705194394569844,-0.0002936756063718349,0.11498574167490005,0.01916429027915001,-0.0002630334347486496,-0.01034289039671421,-1.5578826665878296,2.431696653366089,4950618.0
187.60000610351562,64.91766357421875,-0.0760331004858017,-0.04813319444656372,812.85400390625,-0.59406977891922,1034.0975341796875,-1.0234479904174805,972.2328491210938,-0.902902364730835,1047.6412353515625,-1.0518056154251099,0.3149351477622986,0.10643331706523895,0.0261066984385252,0.020838376134634018,0.019563863053917885,0.019238317385315895,-0.003945926204323769,-0.0028580299112945795,-0.0008417497738264501,-0.0005147010670043528,-0.0003612858126871288,-0.0002845770795829594,0.11483142524957657,0.019138570874929428,-0.00025476631708443165,-0.010327883064746857,-1.5556222200393677,2.431227207183838,4949662.5
187.6999969482422,64.90962219238281,-0.08036897331476212,-0.04335876181721687,812.7946166992188,-0.5939999222755432,1033.9951171875,-1.0232995748519897,972.142578125,-0.9027833938598633,1047.5360107421875,-1.0516202449798584,0.3145408034324646,0.10614793747663498,0.026022877544164658,0.020787302404642105,0.019528191536664963,0.019210301339626312,-0.003940998576581478,-0.0028495031874626875,-0.0008346369722858071,-0.0005067871534265578,-0.0003521681937854737,-0.0002758002083282918,0.11468179523944855,0.019113631919026375,-0.0002470702165737748,-0.010312425903975964,-1.553294062614441,2.430757761001587,4948707.0
187.8000030517578,64.90118408203125,-0.08440626412630081,-0.04037287458777428,812.7352294921875,-0.5939295291900635,1033.892822265625,-1.0231503248214722,972.0523071289062,-0.9026636481285095,1047.430908203125,-1.051433801651001,0.3141469359397888,0.10586341470479965,0.02593977004289627,0.020737018436193466,0.019493425264954567,0.019183147698640823,-0.003936067223548889,-0.0028409799560904503,-0.0008275205036625266,-0.0004988880245946348,-0.00034318905090913177,-0.00026736207655631006,0.11453661322593689,0.019089436158537865,-0.0002397239877609536,-0.010296550579369068,-1.5509027242660522,2.430288553237915,4947751.5
187.89999389648438,64.89236450195312,-0.08819115906953812,-0.03784899041056633,812.6758422851562,-0.5938586592674255,1033.79052734375,-1.0230001211166382,971.9620361328125,-0.9025430679321289,1047.3258056640625,-1.0512466430664062,0.31375357508659363,0.10557974129915237,0.02585737407207489,0.0206875242292881,0.019459549337625504,0.019156821072101593,-0.003931133076548576,-0.00283246161416173,-0.0008204042096622288,-0.0004910127609036863,-0.0003343630232848227,-0.00025925750378519297,0.11439569294452667,0.019065948203206062,-0.0002326893009012565,-0.010280282236635685,-1.5484524965286255,2.429819345474243,4946796.0
188.0,64.8832015991211,-0.09163616597652435,-0.034450046718120575,812.616455078125,-0.5937873125076294,1033.688232421875,-1.0228489637374878,971.871826171875,-0.9024215936660767,1047.220703125,-1.0510586500167847,0.31336072087287903,0.10529691725969315,0.025775689631700516,0.020638814195990562,0.01942654699087143,0.019131286069750786,-0.003926196601241827,-0.0028239490929991007,-0.0008132929797284305,-0.00048317268374376,-0.00032571065821684897,-0.0002515045343898237,0.1142587959766388,0.019043132662773132,-0.00022608358995057642,-0.010263658128678799,-1.5459483861923218,2.4293501377105713,4945841.0
188.10000610351562,64.87371826171875,-0.09484721720218658,-0.03211047872900963,812.5570678710938,-0.5937154293060303,1033.5859375,-1.0226969718933105,971.7815551757812,-0.9022993445396423,1047.1156005859375,-1.0508698225021362,0.31296834349632263,0.10501495003700256,0.025694714859128,0.02059088833630085,0.019394399598240852,0.019106509163975716,-0.0039212582632899284,-0.002815443556755781,-0.0008061904809437692,-0.00047537608770653605,-0.0003172432479914278,-0.00024409318575635552,0.11412572115659714,0.01902095414698124,-0.00021976274729240686,-0.010246701538562775,-1.5433943271636963,2.4288809299468994,4944886.0
188.1999969482422,64.86394500732422,-0.09773887693881989,-0.028916649520397186,812.4976806640625,-0.5936430096626282,1033.483642578125,-1.022544026374817,971.6913452148438,-0.9021762013435364,1047.010498046875,-1.0506802797317505,0.3125764727592468,0.10473383218050003,0.025614451617002487,0.020543737336993217,0.01936309039592743,0.019082456827163696,-0.003916318528354168,-0.0028069461695849895,-0.0007991012535057962,-0.0004676331300288439,-0.00030897700344212353,-0.0002370341244386509,0.1139962449669838,0.0189993754029274,-0.0002138505515176803,-0.010229445062577724,-1.540795087814331,2.4284119606018066,4943931.0
188.3000030517578,64.85388946533203,-0.10054074227809906,-0.02801864966750145,812.4383544921875,-0.5935701131820679,1033.3814697265625,-1.0223902463912964,971.6011352539062,-0.9020522832870483,1046.9053955078125,-1.050490140914917,0.3121850788593292,0.10445356369018555,0.025534894317388535,0.020497359335422516,0.01933259889483452,0.019059093669056892,-0.0039113773964345455,-0.002798457397148013,-0.0007920271018519998,-0.0004599470703396946,-0.0003009088395629078,-0.00023027991119306535,0.1138702780008316,0.018978379666805267,-0.00020804260566364974,-0.010211899876594543,-1.5381523370742798,2.4279427528381348,4942976.0
188.39999389648438,64.84357452392578,-0.10315712541341782,-0.026163795962929726,812.3789672851562,-0.5934966802597046,1033.2791748046875,-1.022235631942749,971.5109252929688,-0.9019275307655334,1046.8004150390625,-1.0502992868423462,0.3117941915988922,0.10417413711547852,0.02545604482293129,0.020451746881008148,0.01930290274322033,0.019036393612623215,-0.0039064353331923485,-0.0027899781707674265,-0.0007849704707041383,-0.00045232291449792683,-0.00029304088093340397,-0.00022381060989573598,0.11374767124652863,0.018957944586873055,-0.00020248742657713592,-0.01019408367574215,-1.5354689359664917,2.427473783493042,4942021.5
188.5,64.83305358886719,-0.1051621288061142,-0.020050043240189552,812.3196411132812,-0.5934227108955383,1033.177001953125,-1.0220801830291748,971.4207763671875,-0.9018020033836365,1046.6953125,-1.0501079559326172,0.3114037811756134,0.10389556735754013,0.025377899408340454,0.02040689066052437,0.01927398145198822,0.01901431940495968,-0.0039014937356114388,-0.0027815105859190226,-0.0007779394509270787,-0.0004447791143320501,-0.00028541238862089813,-0.0002177260903408751,0.11362802237272263,0.018938004970550537,-0.0001977218926185742,-0.010176061652600765,-1.5327543020248413,2.4270050525665283,4941066.5
188.60000610351562,64.82244110107422,-0.10615099221467972,-0.00988862942904234,812.2603149414062,-0.5933482646942139,1033.0748291015625,-1.0219241380691528,971.33056640625,-0.9016756415367126,1046.59033203125,-1.0499162673950195,0.3110138773918152,0.1036178395152092,0.02530045621097088,0.02036278508603573,0.019245807081460953,0.018992824479937553,-0.0038965533021837473,-0.0027730583678931,-0.0007709476631134748,-0.0004373482952360064,-0.00027809952734969556,-0.00021222358918748796,0.1135106310248375,0.018918439745903015,-0.00019423002959229052,-0.010157939046621323,-1.5300246477127075,2.4265360832214355,4940112.0
188.6999969482422,64.81182098388672,-0.10623931884765625,-0.0008832771563902497,812.2009887695312,-0.5932732820510864,1032.97265625,-1.021767258644104,971.2404174804688,-0.9015485048294067,1046.4853515625,-1.0497244596481323,0.31062448024749756,0.10334095358848572,0.025223707780241966,0.020319417119026184,0.01921834610402584,0.018971845507621765,-0.003891616128385067,-0.002764625009149313,-0.000764008320402354,-0.0004300607251934707,-0.00027116850833408535,-0.0002074387011816725,0.11339481920003891,0.018899137154221535,-0.00019183660333510488,-0.010139808990061283,-1.5272938013076782,2.426067352294922,4939157.5
188.8000030517578,64.80121612548828,-0.10598134994506836,0.0025797022972255945,812.1416625976562,-0.593197762966156,1032.8704833984375,-1.0216097831726074,971.1502685546875,-0.9014206528663635,1046.38037109375,-1.0495325326919556,0.31023555994033813,0.10306490957736969,0.025147652253508568,0.020276768133044243,0.0191915575414896,0.018951309844851494,-0.003886682679876685,-0.002756212605163455,-0.0007571272435598075,-0.0004229284531902522,-0.0002646325738169253,-0.00020332730491645634,0.11328025162220001,0.01888004131615162,-0.00018985505448654294,-0.010121708735823631,-1.5245673656463623,2.425598621368408,4938203.5
188.89999389648438,64.7906265258789,-0.10592662543058395,0.0005472304183058441,812.0823364257812,-0.5931217670440674,1032.768310546875,-1.021451711654663,971.0601196289062,-0.9012920260429382,1046.2755126953125,-1.0493406057357788,0.3098471462726593,0.10278970748186111,0.025072280317544937,0.02023482508957386,0.0191654060035944,0.018931161612272263,-0.0038817529566586018,-0.002747820457443595,-0.0007503025699406862,-0.0004159436793997884,-0.00025845092022791505,-0.0001996942883124575,0.11316700279712677,0.01886116713285446,-0.0001876381429610774,-0.010103615000844002,-1.5218422412872314,2.4251298904418945,4937249.5
189.0,64.77999114990234,-0.10632742941379547,-0.004008022136986256,812.0230102539062,-0.5930452346801758,1032.6661376953125,-1.0212929248809814,970.9700317382812,-0.9011626839637756,1046.1705322265625,-1.049148440361023,0.30945920944213867,0.10251534730195999,0.024997590109705925,0.020193573087453842,0.019139856100082397,0.018911361694335938,-0.003876826260238886,-0.002739447169005871,-0.0007435281877405941,-0.00040908847586251795,-0.00025255762739107013,-0.00019630702445283532,0.11305533349514008,0.018842555582523346,-0.00018490813090465963,-0.010085483081638813,-1.5191110372543335,2.42466139793396,4936295.5
189.10000610351562,64.76925659179688,-0.10735952854156494,-0.01032101921737194,811.9637451171875,-0.592968225479126,1032.5640869140625,-1.021133542060852,970.8798828125,-0.901032567024231,1046.065673828125,-1.0489559173583984,0.30907177925109863,0.10224182158708572,0.024923574179410934,0.020153002813458443,0.019114885479211807,0.018891900777816772,-0.003871901659294963,-0.002731090411543846,-0.0007367951911874115,-0.00040233865729533136,-0.00024687364930287004,-0.0001929344143718481,0.11294565349817276,0.018824275583028793,-0.00018144941714126617,-0.010067244991660118,-1.5163639783859253,2.4241929054260254,4935341.5
189.1999969482422,64.75838470458984,-0.10874144732952118,-0.013819157145917416,811.9044189453125,-0.5928906798362732,1032.4619140625,-1.0209733247756958,970.789794921875,-0.9009017944335938,1045.9608154296875,-1.0487631559371948,0.3086848258972168,0.10196913033723831,0.024850228801369667,0.020113103091716766,0.019090475514531136,0.018872780725359917,-0.0038669786881655455,-0.0027227485552430153,-0.0007300979923456907,-0.0003956782165914774,-0.00024134690465871245,-0.00018946627096738666,0.11283823102712631,0.018806371837854385,-0.00017762907373253256,-0.010048866271972656,-1.513595700263977,2.423724412918091,4934387.5
189.3000030517578,64.74736022949219,-0.11025825142860413,-0.01516804564744234,811.8451538085938,-0.5928125977516174,1032.35986328125,-1.0208126306533813,970.69970703125,-0.9007703065872192,1045.85595703125,-1.048569917678833,0.30829837918281555,0.10169726610183716,0.024777552112936974,0.020073864609003067,0.01906661130487919,0.018854014575481415,-0.00386205711401999,-0.0027144213672727346,-0.0007234340882860124,-0.00038909941213205457,-0.00023595067614223808,-0.00018588441889733076,0.1127331554889679,0.018788859248161316,-0.00017368370026815683,-0.010030332021415234,-1.5108039379119873,2.4232559204101562,4933434.0
189.39999389648438,64.73616790771484,-0.11187758296728134,-0.016193309798836708,811.785888671875,-0.5927340388298035,1032.2578125,-1.02065110206604,970.609619140625,-0.9006381630897522,1045.7510986328125,-1.0483763217926025,0.3079124391078949,0.10142624378204346,0.024705540388822556,0.020035279914736748,0.01904328167438507,0.018835609778761864,-0.0038571367040276527,-0.0027061081491410732,-0.0007168017909862101,-0.000382596452254802,-0.0002306653477717191,-0.00018218974582850933,0.11263050884008408,0.01877175085246563,-0.00016963084635790437,-0.010011631064116955,-1.5079872608184814,2.4227874279022217,4932480.5
189.5,64.72480773925781,-0.11364983022212982,-0.017722519114613533,811.7266235351562,-0.5926550030708313,1032.15576171875,-1.020488977432251,970.5195922851562,-0.9005053043365479,1045.646240234375,-1.0481823682785034,0.30752694606781006,0.10115604847669601,0.024634191766381264,0.01999734342098236,0.019020475447177887,0.018817583099007607,-0.0038522169925272465,-0.0026978082023561,-0.0007101987139321864,-0.0003761623229365796,-0.000225468713324517,-0.00017836988263297826,0.11253037303686142,0.01875506341457367,-0.00016540134674869478,-0.009992748498916626,-1.5051430463790894,2.422319173812866,4931527.0
189.60000610351562,64.7132339477539,-0.11569458246231079,-0.020447468385100365,811.6673583984375,-0.5925754308700562,1032.0537109375,-1.020326018333435,970.4295654296875,-0.900371789932251,1045.5413818359375,-1.0479878187179565,0.3071419894695282,0.10088668018579483,0.02456350065767765,0.01996004581451416,0.01899818703532219,0.01879994571208954,-0.003847298212349415,-0.0026895208284258842,-0.0007036210154183209,-0.0003697860811371356,-0.00022032932611182332,-0.00017438182840123773,0.11243294179439545,0.018738823011517525,-0.00016084329399745911,-0.009973655454814434,-1.5022672414779663,2.4218509197235107,4930574.0
189.6999969482422,64.70144653320312,-0.11788471788167953,-0.021901363506913185,811.6080932617188,-0.5924953818321228,1031.95166015625,-1.0201624631881714,970.3395385742188,-0.9002375602722168,1045.4366455078125,-1.0477927923202515,0.30675750970840454,0.1006181463599205,0.024493467062711716,0.019923383370041847,0.01897640898823738,0.018782716244459152,-0.003842379432171583,-0.0026812453288584948,-0.0006970660178922117,-0.0003634603344835341,-0.00021522710449062288,-0.00017022056272253394,0.11233831197023392,0.018723051995038986,-0.00015612851711921394,-0.00995433796197176,-1.4993574619293213,2.4213829040527344,4929620.5
189.8000030517578,64.6894302368164,-0.12017414718866348,-0.022894296795129776,811.548828125,-0.5924148559570312,1031.849609375,-1.0199981927871704,970.24951171875,-0.9001026749610901,1045.3319091796875,-1.0475971698760986,0.3063735067844391,0.10035043209791183,0.02442408725619316,0.019887352362275124,0.018955141305923462,0.01876591145992279,-0.003837461117655039,-0.0026729810051620007,-0.0006905320333316922,-0.00035717993159778416,-0.0002101489808410406,-0.00016589862934779376,0.112246572971344,0.01870776154100895,-0.00015129825624171644,-0.009934784844517708,-1.4964122772216797,2.420914649963379,4928667.5
189.89999389648438,64.67715454101562,-0.12271896004676819,-0.025448139756917953,811.4896240234375,-0.5923337936401367,1031.7476806640625,-1.0198332071304321,970.1594848632812,-0.8999671339988708,1045.22705078125,-1.047400951385498,0.3059900104999542,0.10008354485034943,0.024355359375476837,0.01985194720327854,0.018934380263090134,0.018749546259641647,-0.003832542337477207,-0.002664727158844471,-0.0006840154528617859,-0.00035093515180051327,-0.00020507014414761215,-0.0001613858185010031,0.11215788125991821,0.018692979589104652,-0.00014614491374231875,-0.009914969094097614,-1.4934276342391968,2.4204466342926025,4927715.0
190.0,64.66460418701172,-0.12549863755702972,-0.0277967918664217,811.4303588867188,-0.5922523140907288,1031.6456298828125,-1.0196675062179565,970.0695190429688,-0.8998309373855591,1045.122314453125,-1.0472041368484497,0.30560699105262756,0.09981748461723328,0.024287283420562744,0.019817164167761803,0.018914129585027695,0.018733644858002663,-0.0038276230916380882,-0.0026564826257526875,-0.0006775125511921942,-0.0003447162453085184,-0.00019996702030766755,-0.00015665755199734122,0.1120724156498909,0.018678735941648483,-0.0001407079689670354,-0.009894867427647114,-1.4903998374938965,2.419978618621826,4926762.0
190.10000610351562,64.65179443359375,-0.12813253700733185,-0.026339029893279076,811.3711547851562,-0.5921702980995178,1031.543701171875,-1.0195010900497437,969.9795532226562,-0.8996940851211548,1045.0177001953125,-1.0470067262649536,0.3052244782447815,0.09955225139856339,0.024219855666160583,0.019783003255724907,0.018894389271736145,0.01871822401881218,-0.0038227031473070383,-0.0026482478715479374,-0.0006710244342684746,-0.0003385255695320666,-0.000194850072148256,-0.00015179415640886873,0.11199010908603668,0.018665019422769547,-0.00013547178241424263,-0.0098744947463274,-1.4873312711715698,2.419510841369629,4925809.5
190.1999969482422,64.63871002197266,-0.1308247596025467,-0.02692222036421299,811.3119506835938,-0.5920878052711487,1031.4417724609375,-1.0193339586257935,969.8895874023438,-0.8995565176010132,1044.9129638671875,-1.0468086004257202,0.304842472076416,0.09928783774375916,0.024153077974915504,0.019749458879232407,0.018875161185860634,0.018703294917941093,-0.0038177829701453447,-0.002640022663399577,-0.0006645503453910351,-0.00033236099989153445,-0.0001897169422591105,-0.00014681805623695254,0.11191099882125854,0.01865183375775814,-0.0001301323645748198,-0.009853844530880451,-1.4842208623886108,2.4190428256988525,4924857.0
190.3000030517578,64.62532043457031,-0.13392634689807892,-0.03101588785648346,811.2527465820312,-0.5920048952102661,1031.33984375,-1.0191659927368164,969.7996215820312,-0.899418294429779,1044.808349609375,-1.0466097593307495,0.30446091294288635,0.09902424365282059,0.02408694662153721,0.019716531038284302,0.01885644905269146,0.018688872456550598,-0.0038128613959997892,-0.0026318056043237448,-0.0006580848712474108,-0.0003262084792368114,-0.00018453269149176776,-0.00014164585445541888,0.11183533817529678,0.018639223650097847,-0.00012426039029378444,-0.009832875803112984,-1.481062412261963,2.4185750484466553,4923904.5
190.39999389648438,64.61158752441406,-0.1373073309659958,-0.033809781074523926,811.1935424804688,-0.5919214487075806,1031.2379150390625,-1.0189974308013916,969.7096557617188,-0.8992794156074524,1044.70361328125,-1.0464102029800415,0.30407989025115967,0.09876147657632828,0.024021461606025696,0.019684217870235443,0.01883825846016407,0.018674978986382484,-0.003807938424870372,-0.0026235952973365784,-0.0006516234134323895,-0.0003200565988663584,-0.00017927114095073193,-0.00013623398263007402,0.1117633655667305,0.01862722635269165,-0.00011805315443780273,-0.00981155876070261,-1.4778515100479126,2.418107509613037,4922952.5
190.5,64.59751892089844,-0.1406698077917099,-0.03362482413649559,811.1343383789062,-0.5918375253677368,1031.1361083984375,-1.0188279151916504,969.6197509765625,-0.8991398811340332,1044.5989990234375,-1.0462099313735962,0.3036993443965912,0.09849952161312103,0.023956621065735817,0.01965251937508583,0.01882059872150421,0.018661636859178543,-0.003803013823926449,-0.0026153915096074343,-0.0006451653898693621,-0.0003139039035886526,-0.00017393493908457458,-0.00013063158257864416,0.11169508844614029,0.018615849316120148,-0.00011187332711415365,-0.009789894334971905,-1.4745885133743286,2.41763973236084,4922000.0
190.60000610351562,64.58312225341797,-0.14401978254318237,-0.033499736338853836,811.0751953125,-0.5917531847953796,1031.0341796875,-1.0186578035354614,969.5298461914062,-0.8989996910095215,1044.494384765625,-1.046008825302124,0.3033192753791809,0.09823839366436005,0.02389242872595787,0.019621437415480614,0.01880347542464733,0.018648860976099968,-0.0037980873603373766,-0.002607194473966956,-0.0006387106259353459,-0.0003077503351960331,-0.00016852981934789568,-0.00012488487118389457,0.11163052916526794,0.01860508881509304,-0.00010568145080469549,-0.009767886251211166,-1.471273422241211,2.4171721935272217,4921048.5
190.6999969482422,64.56838989257812,-0.14733080565929413,-0.03311021253466606,811.0159912109375,-0.5916683673858643,1030.932373046875,-1.0184868574142456,969.43994140625,-0.8988587856292725,1044.3897705078125,-1.045806884765625,0.3029397130012512,0.09797808527946472,0.02382887899875641,0.019590970128774643,0.018786896020174026,0.018636666238307953,-0.003793159266933799,-0.0025990039575845003,-0.0006322593544609845,-0.00030159647576510906,-0.00016306286852341145,-0.00011903436825377867,0.11156966537237167,0.01859494484961033,-9.951584797818214e-05,-0.009745536372065544,-1.467907190322876,2.4167046546936035,4920096.5
190.8000030517578,64.55333709716797,-0.15051916241645813,-0.03188352659344673,810.9568481445312,-0.5915830135345459,1030.8304443359375,-1.0183151960372925,969.35009765625,-0.8987172842025757,1044.2852783203125,-1.0456042289733887,0.3025606572628021,0.09771859645843506,0.02376597560942173,0.01956111751496792,0.018770866096019745,0.018625060096383095,-0.003788229776546359,-0.0025908206589519978,-0.000625812856014818,-0.0002954455849248916,-0.00015754815831314772,-0.00011313361028442159,0.1115124374628067,0.018585406243801117,-9.348277671961114e-05,-0.009722859598696232,-1.4644914865493774,2.4162371158599854,4919145.0
190.89999389648438,64.53795623779297,-0.1537812501192093,-0.03262093663215637,810.897705078125,-0.5914972424507141,1030.7286376953125,-1.018142819404602,969.2601928710938,-0.8985750675201416,1044.1806640625,-1.045400857925415,0.30218207836151123,0.09745991975069046,0.023703716695308685,0.01953188143670559,0.018755389377474785,0.018614046275615692,-0.0037832986563444138,-0.0025826438795775175,-0.0006193701410666108,-0.0002892953052651137,-0.00015198327309917659,-0.00010717539407778531,0.11145888268947601,0.018576480448246002,-8.731946581974626e-05,-0.009699847549200058,-1.4610252380371094,2.4157698154449463,4918193.5
191.0,64.5222396850586,-0.15720544755458832,-0.034241970628499985,810.8385620117188,-0.5914110541343689,1030.6268310546875,-1.0179696083068848,969.1703491210938,-0.898432195186615,1044.076171875,-1.0451966524124146,0.3018040060997009,0.09720206260681152,0.023642102256417274,0.019503260031342506,0.018740473315119743,0.018603632226586342,-0.0037783656734973192,-0.0025744731537997723,-0.0006129287648946047,-0.0002831395249813795,-0.00014635564002674073,-0.00010112301970366389,0.11140912771224976,0.018568187952041626,-8.093174983514473e-05,-0.009676482528448105,-1.4575060606002808,2.4153025150299072,4917242.0
191.10000610351562,64.50615692138672,-0.16083088517189026,-0.036254312843084335,810.7794189453125,-0.5913243293762207,1030.5250244140625,-1.0177956819534302,969.0805053710938,-0.8982886075973511,1043.9716796875,-1.0449916124343872,0.30142641067504883,0.09694502502679825,0.023581132292747498,0.01947525329887867,0.018726123496890068,0.01859383098781109,-0.003773430362343788,-0.0025663075502961874,-0.0006064855260774493,-0.0002769706479739398,-0.0001406491210218519,-9.493493416812271e-05,0.11136333644390106,0.018560556694865227,-7.427213131450117e-05,-0.00965274590998888,-1.4539306163787842,2.414835214614868,4916290.5
191.1999969482422,64.48973083496094,-0.16425740718841553,-0.034265246242284775,810.7202758789062,-0.5912371873855591,1030.42333984375,-1.0176209211349487,968.99072265625,-0.8981444239616394,1043.8671875,-1.044785737991333,0.30104929208755493,0.09668880701065063,0.023520804941654205,0.019447866827249527,0.018712347373366356,0.01858465187251568,-0.003768493188545108,-0.0025581475347280502,-0.0006000421708449721,-0.00027079330175183713,-0.00013488189142663032,-8.868159056873992e-05,0.11132141202688217,0.018553568050265312,-6.78618744132109e-05,-0.009628656320273876,-1.450302243232727,2.414368152618408,4915339.5
191.3000030517578,64.47296905517578,-0.16760946810245514,-0.033520665019750595,810.6611328125,-0.5911495685577393,1030.321533203125,-1.0174453258514404,968.90087890625,-0.8979995250701904,1043.7626953125,-1.044579029083252,0.300672709941864,0.09643340110778809,0.023461123928427696,0.01942109689116478,0.018699148669838905,0.01857610046863556,-0.0037635539192706347,-0.002549993572756648,-0.0005935997469350696,-0.00026461028028279543,-0.00012906578194815665,-8.239998714998364e-05,0.1112833097577095,0.018547218292951584,-6.149591354187578e-05,-0.009604223072528839,-1.4466220140457153,2.413900852203369,4914388.5
191.39999389648438,64.45587921142578,-0.1708771288394928,-0.03267655149102211,810.60205078125,-0.5910614728927612,1030.2198486328125,-1.0172691345214844,968.8110961914062,-0.8978539109230042,1043.658203125,-1.0443716049194336,0.3002966046333313,0.0961788073182106,0.023402085527777672,0.019394945353269577,0.018686536699533463,0.01856817677617073,-0.003758613020181656,-0.0025418454315513372,-0.0005871590692549944,-0.0002584238536655903,-0.000123210484161973,-7.611464388901368e-05,0.11124898493289948,0.018541498109698296,-5.5206928664119914e-05,-0.00957945454865694,-1.4428913593292236,2.413433790206909,4913437.5
191.5,64.4384765625,-0.17402134835720062,-0.03144226223230362,810.54296875,-0.5909729599952698,1030.1180419921875,-1.0170921087265015,968.7213134765625,-0.8977077007293701,1043.5538330078125,-1.0441633462905884,0.2999209761619568,0.09592502564191818,0.02334369160234928,0.01936941221356392,0.018674509599804878,0.018560878932476044,-0.0037536704912781715,-0.0025337038096040487,-0.0005807214765809476,-0.0002522376016713679,-0.0001173286436824128,-6.985538493609056e-05,0.11121837049722672,0.018536394461989403,-4.9044312618207186e-05,-0.0095543647184968,-1.4391120672225952,2.4129669666290283,4912487.0
191.60000610351562,64.4207763671875,-0.1769917607307434,-0.029704056680202484,810.4838256835938,-0.5908839702606201,1030.016357421875,-1.0169142484664917,968.631591796875,-0.8975607752799988,1043.449462890625,-1.0439543724060059,0.29954585433006287,0.09567206352949142,0.023285940289497375,0.019344497472047806,0.01866307109594345,0.01855420507490635,-0.0037487263325601816,-0.00252556917257607,-0.0005742890643887222,-0.00024605673388578,-0.00011143677693326026,-6.36597178527154e-05,0.11119135469198227,0.01853189244866371,-4.3071875552413985e-05,-0.009528969414532185,-1.4352869987487793,2.4124999046325684,4911536.5
191.6999969482422,64.40277862548828,-0.1799502670764923,-0.029585128650069237,810.4247436523438,-0.590794563293457,1029.9146728515625,-1.0167357921600342,968.5418090820312,-0.8974131345748901,1043.3450927734375,-1.0437445640563965,0.29917123913764954,0.09541991353034973,0.023228833451867104,0.019320201128721237,0.01865222305059433,0.0185481496155262,-0.0037437810096889734,-0.0025174415204674006,-0.0005678620073013008,-0.00023988165776245296,-0.00010553721222095191,-5.7516052038408816e-05,0.11116793006658554,0.018527988344430923,-3.7074318242957816e-05,-0.009503272362053394,-1.431416392326355,2.4120330810546875,4910586.0
191.8000030517578,64.38445281982422,-0.18330201506614685,-0.03351737558841705,810.3656616210938,-0.590704619884491,1029.81298828125,-1.0165565013885498,968.4520874023438,-0.8972648978233337,1043.24072265625,-1.0435340404510498,0.2987971007823944,0.0951685756444931,0.023172369226813316,0.019296521320939064,0.018641967326402664,0.018542708829045296,-0.0037388335913419724,-0.0025093196891248226,-0.0005614350666292012,-0.00023369933478534222,-9.959527960745618e-05,-5.13027589477133e-05,0.11114836484193802,0.01852472685277462,-3.0536499252775684e-05,-0.009477231651544571,-1.4274940490722656,2.4115664958953857,4909635.5
191.89999389648438,64.36575317382812,-0.18695864081382751,-0.03656626120209694,810.306640625,-0.5906142592430115,1029.71142578125,-1.0163763761520386,968.3623657226562,-0.89711594581604,1043.1363525390625,-1.0433226823806763,0.2984234690666199,0.09491804987192154,0.023116547614336014,0.019273461773991585,0.018632307648658752,0.01853789947926998,-0.003733883611857891,-0.002501201815903187,-0.0005550032365135849,-0.00022749749768991023,-9.35804273467511e-05,-4.49335748271551e-05,0.1111328974366188,0.018522148951888084,-2.360896542086266e-05,-0.009450816549360752,-1.4235153198242188,2.411099672317505,4908685.5
192.0,64.3467025756836,-0.19056867063045502,-0.03610032796859741,810.24755859375,-0.5905234813690186,1029.6097412109375,-1.01619553565979,968.2726440429688,-0.8969663381576538,1043.031982421875,-1.0431103706359863,0.29805031418800354,0.09466833621263504,0.023061368614435196,0.0192510224878788,0.01862325519323349,0.018533730879426003,-0.0037289310712367296,-0.0024930881336331367,-0.0005485660512931645,-0.00022127556439954787,-8.749548578634858e-05,-3.8438553019659594e-05,0.11112155020236969,0.018520258367061615,-1.6732426956878044e-05,-0.009424030780792236,-1.419480800628662,2.410633087158203,4907735.5
192.10000610351562,64.32727813720703,-0.19419004023075104,-0.036213647574186325,810.1885375976562,-0.5904322266578674,1029.5081787109375,-1.0160138607025146,968.1829833984375,-0.8968160152435303,1042.927734375,-1.04289710521698,0.2976776957511902,0.0944194346666336,0.023006834089756012,0.019229207187891006,0.018614813685417175,0.018530219793319702,-0.003723975969478488,-0.002484978176653385,-0.0005421231617219746,-0.00021503292373381555,-8.134279778460041e-05,-3.183850276400335e-05,0.11111436039209366,0.01851905882358551,-9.79086780716898e-06,-0.009396875277161598,-1.4153904914855957,2.4101665019989014,4906786.0
192.1999969482422,64.3074951171875,-0.1978481560945511,-0.036581192165613174,810.1294555664062,-0.5903404951095581,1029.4066162109375,-1.0158313512802124,968.0933227539062,-0.8966650366783142,1042.823486328125,-1.0426830053329468,0.29730552434921265,0.09417133778333664,0.022952944040298462,0.019208017736673355,0.018606990575790405,0.018527371808886528,-0.003719018306583166,-0.002476871944963932,-0.0005356735200621188,-0.00020876768394373357,-7.51210463931784e-05,-2.513863000785932e-05,0.1111113652586937,0.018518561497330666,-2.759999233603594e-06,-0.009369345381855965,-1.4112437963485718,2.4097001552581787,4905836.0
192.3000030517578,64.28733825683594,-0.20158827304840088,-0.03740112856030464,810.0704345703125,-0.5902483463287354,1029.304931640625,-1.0156481266021729,968.003662109375,-0.8965133428573608,1042.7191162109375,-1.0424679517745972,0.2969338893890381,0.09392406046390533,0.022899700328707695,0.019187455996870995,0.018599793314933777,0.018525199964642525,-0.003714057384058833,-0.00246876897290349,-0.0005292156711220741,-0.00020247646898496896,-6.882475281599909e-05,-1.8329770682612434e-05,0.11111265420913696,0.018518775701522827,4.420114692038624e-06,-0.009341432712972164,-1.4070395231246948,2.409233570098877,4904886.5
192.39999389648438,64.26681518554688,-0.2052118480205536,-0.03623579069972038,810.0114135742188,-0.5901557207107544,1029.203369140625,-1.015463948249817,967.9140014648438,-0.8963609933853149,1042.614990234375,-1.0422520637512207,0.29656273126602173,0.0936775878071785,0.022847101092338562,0.019167523831129074,0.018593229353427887,0.01852371357381344,-0.00370909390039742,-0.0024606692604720592,-0.0005227503716014326,-0.00019616186909843236,-6.246504199225456e-05,-1.1454912964836694e-05,0.11111818253993988,0.018519697710871696,1.1483625712571666e-05,-0.009313149377703667,-1.402779459953308,2.4087674617767334,4903937.0
192.5,64.2459487915039,-0.20866121351718903,-0.034493669867515564,809.952392578125,-0.5900626182556152,1029.1019287109375,-1.0152790546417236,967.8243408203125,-0.8962079882621765,1042.5107421875,-1.0420352220535278,0.2961920499801636,0.09343192726373672,0.02279515005648136,0.019148224964737892,0.018587302416563034,0.01852291263639927,-0.0037041278555989265,-0.0024525735061615705,-0.000516279716975987,-0.0001898293267004192,-5.6060052884276956e-05,-4.570199962472543e-06,0.11112786829471588,0.01852131076157093,1.8375543731963262e-05,-0.009284514002501965,-1.3984663486480713,2.4083011150360107,4902988.0
192.60000610351562,64.22478485107422,-0.211641326546669,-0.029801160097122192,809.8934326171875,-0.5899690985679626,1029.0003662109375,-1.015093445777893,967.7347412109375,-0.8960542678833008,1042.406494140625,-1.041817545890808,0.2958219051361084,0.09318707138299942,0.022743845358490944,0.01912955939769745,0.018582018092274666,0.018522797152400017,-0.0036991597153246403,-0.002444483106955886,-0.0005098094698041677,-0.00018349371384829283,-4.965265543432906e-05,2.2015624381310772e-06,0.11114141345024109,0.0185235682874918,2.4703083909116685e-05,-0.009255575947463512,-1.394107460975647,2.407835006713867,4902039.0
192.6999969482422,64.20337677001953,-0.21409872174263,-0.02457396313548088,809.8344116210938,-0.5898751616477966,1028.89892578125,-1.0149070024490356,967.6451416015625,-0.8958998322486877,1042.3023681640625,-1.041599154472351,0.2954522371292114,0.09294302761554718,0.02269318886101246,0.019111525267362595,0.018577370792627335,0.01852334663271904,-0.0036941904108971357,-0.0024363999255001545,-0.0005033467896282673,-0.0001771729876054451,-4.3291871406836435e-05,8.739281838643365e-06,0.11115846037864685,0.018526410683989525,3.0417633752222173e-05,-0.009226388297975063,-1.3897111415863037,2.4073688983917236,4901090.0
192.8000030517578,64.18177032470703,-0.21605761349201202,-0.01958886906504631,809.7754516601562,-0.5897806882858276,1028.79736328125,-1.014719843864441,967.5556030273438,-0.8957447409629822,1042.1982421875,-1.0413801670074463,0.29508304595947266,0.09269978851079941,0.022643176838755608,0.01909412257373333,0.018573356792330742,0.01852453500032425,-0.0036892208736389875,-0.002428326290100813,-0.0004968987195752561,-0.00017088436288759112,-3.7022095057182014e-05,1.495401647844119e-05,0.11117865145206451,0.018529776483774185,3.554171780706383e-05,-0.009197003208100796,-1.3852851390838623,2.40690279006958,4900141.0
192.89999389648438,64.16004180908203,-0.21729899942874908,-0.012413887307047844,809.7164916992188,-0.58968585729599,1028.6959228515625,-1.0145319700241089,967.4660034179688,-0.8955889344215393,1042.0941162109375,-1.0411607027053833,0.29471439123153687,0.0924573615193367,0.02259380742907524,0.019077347591519356,0.018569961190223694,0.018526321277022362,-0.0036842518020421267,-0.0024202645290642977,-0.0004904750967398286,-0.00016465166117995977,-3.090364771196619e-05,2.071872768283356e-05,0.11120149493217468,0.018533583730459213,3.976609878009185e-05,-0.009167496114969254,-1.380840539932251,2.4064369201660156,4899192.5
193.0,64.1382827758789,-0.2175876945257187,-0.0028869486413896084,809.6575317382812,-0.5895904898643494,1028.594482421875,-1.0143436193466187,967.37646484375,-0.8954324722290039,1041.989990234375,-1.0409408807754517,0.2943462133407593,0.09221573919057846,0.02254507876932621,0.019061189144849777,0.018567167222499847,0.0185286533087492,-0.003679285291582346,-0.0024122183676809072,-0.00048408927978016436,-0.00015850711497478187,-2.5016875952132978e-05,2.5861785616143607e-05,0.11122630536556244,0.018537718802690506,4.278285996406339e-05,-0.009137963876128197,-1.3763923645019531,2.405970811843872,4898244.0
193.10000610351562,64.1165542602539,-0.2172483503818512,0.0033934032544493675,809.5985717773438,-0.5894947052001953,1028.4930419921875,-1.0141545534133911,967.2869262695312,-0.895275354385376,1041.8858642578125,-1.04072105884552,0.2939785420894623,0.09197491407394409,0.022496987134218216,0.019045641645789146,0.018564946949481964,0.018531465902924538,-0.0036743220407515764,-0.0024041905999183655,-0.00047775101847946644,-0.0001524736435385421,-1.9412535039009526e-05,3.0325956686283462e-05,0.1112525686621666,0.0185420960187912,4.503094532992691e-05,-0.009108472615480423,-1.3719502687454224,2.4055051803588867,4897295.5
193.1999969482422,64.0948486328125,-0.21703913807868958,0.0020921488758176565,809.5396118164062,-0.5893985033035278,1028.3916015625,-1.0139650106430054,967.1973876953125,-0.8951176404953003,1041.7818603515625,-1.0405009984970093,0.2936113476753235,0.09173490107059479,0.02244952693581581,0.01903069019317627,0.018563274294137955,0.018534697592258453,-0.003669362049549818,-0.0023961812257766724,-0.0004714598471764475,-0.00014654801634605974,-1.406779483659193e-05,3.4281307307537645e-05,0.11128028482198715,0.018546713516116142,4.747835919260979e-05,-0.009079008363187313,-1.3675122261047363,2.4050393104553223,4896347.5
193.3000030517578,64.07312774658203,-0.21726274490356445,-0.002236070577055216,809.4806518554688,-0.5893018245697021,1028.290283203125,-1.0137748718261719,967.10791015625,-0.8949592709541321,1041.677734375,-1.0402806997299194,0.2932446599006653,0.09149567782878876,0.022402694448828697,0.01901632733643055,0.01856212504208088,0.01853831112384796,-0.003664405085146427,-0.0023881886154413223,-0.00046520974137820303,-0.0001407134550390765,-8.9243358161184e-06,3.796851888182573e-05,0.1113097220659256,0.018551619723439217,5.0454855227144435e-05,-0.009049526415765285,-1.3630715608596802,2.404573678970337,4895399.5
193.39999389648438,64.0513687133789,-0.21757127344608307,-0.00308527541346848,809.4217529296875,-0.5892046689987183,1028.1888427734375,-1.0135841369628906,967.0184326171875,-0.8948002457618713,1041.57373046875,-1.0400601625442505,0.2928784489631653,0.0912572592496872,0.022356484085321426,0.01900254376232624,0.018561482429504395,0.01854228600859642,-0.0036594506818801165,-0.0023802120704203844,-0.00045899846008978784,-0.00013496294559445232,-3.954096882807789e-06,4.148907100898214e-05,0.1113409698009491,0.018556827679276466,5.3476407629204914e-05,-0.009020018391311169,-1.3586269617080688,2.4041080474853516,4894451.5
193.5,64.02955627441406,-0.21809999644756317,-0.005287158768624067,809.3628540039062,-0.589107096195221,1028.0875244140625,-1.0133929252624512,966.928955078125,-0.8946406245231628,1041.4697265625,-1.039839267730713,0.29251277446746826,0.0910196378827095,0.02231089398264885,0.018989332020282745,0.018561329692602158,0.018546607345342636,-0.0036544983740895987,-0.002372251357883215,-0.00045282277278602123,-0.0001292871602345258,8.756414331401174e-07,4.4941672967979684e-05,0.11137416213750839,0.018562359735369682,5.6777222198434174e-05,-0.008990461006760597,-1.3541749715805054,2.4036426544189453,4893504.0
193.60000610351562,64.0076675415039,-0.21892215311527252,-0.008221572265028954,809.3038940429688,-0.5890091061592102,1027.9862060546875,-1.0132009983062744,966.8394775390625,-0.8944804072380066,1041.3658447265625,-1.0396180152893066,0.29214757680892944,0.09078280627727509,0.02226591855287552,0.018976684659719467,0.018561653792858124,0.018551276996731758,-0.00364954792894423,-0.0023643046151846647,-0.0004466781683731824,-0.00012367356976028532,5.604488251265138e-06,4.84293996123597e-05,0.1114095076918602,0.0185682512819767,6.0444825066952035e-05,-0.008960824459791183,-1.3497110605239868,2.403177261352539,4892556.5
193.6999969482422,63.985679626464844,-0.21985816955566406,-0.009360261261463165,809.2450561523438,-0.5889106392860413,1027.8848876953125,-1.01300847530365,966.7500610351562,-0.8943195939064026,1041.2618408203125,-1.0393965244293213,0.29178285598754883,0.09054677188396454,0.022221555933356285,0.018964596092700958,0.018562447279691696,0.018556296825408936,-0.003644599113613367,-0.00235637160949409,-0.00044056211481802166,-0.00011811513104476035,1.0254813787469175e-05,5.198630606173538e-05,0.11144711077213287,0.018574519082903862,6.42372906440869e-05,-0.008931096643209457,-1.3452333211898804,2.402711868286133,4891609.0
193.8000030517578,63.963626861572266,-0.2205403596162796,-0.006821834947913885,809.1861572265625,-0.5888117551803589,1027.7835693359375,-1.0128154754638672,966.66064453125,-0.8941582441329956,1041.157958984375,-1.0391745567321777,0.2914186418056488,0.09031153470277786,0.022177804261446,0.01895305886864662,0.01856370083987713,0.018561674281954765,-0.003639652393758297,-0.0023484532721340656,-0.00043447728967294097,-0.00011261764302616939,1.4812620065640658e-05,5.5532051192130893e-05,0.11148682981729507,0.01858113892376423,6.767865124857053e-05,-0.008901304565370083,-1.3407459259033203,2.4022467136383057,4890662.0
193.89999389648438,63.941566467285156,-0.22059401869773865,-0.0005366584518924356,809.1272583007812,-0.5887124538421631,1027.682373046875,-1.0126218795776367,966.5712280273438,-0.8939962387084961,1041.0540771484375,-1.038952350616455,0.29105493426322937,0.09007708728313446,0.022134659811854362,0.01894206926226616,0.018565403297543526,0.018567396327853203,-0.003634708235040307,-0.0023405514657497406,-0.00042843198752962053,-0.00010720084537751973,1.9226437871111557e-05,5.8888366766041145e-05,0.11152821779251099,0.01858803629875183,7.029122934909537e-05,-0.008871512487530708,-1.3362585306167603,2.4017813205718994,4889714.5
194.0,63.91960525512695,-0.2196136713027954,0.00980354193598032,809.0684204101562,-0.5886127352714539,1027.5810546875,-1.012427806854248,966.4818115234375,-0.8938336968421936,1040.9501953125,-1.0387301445007324,0.29069170355796814,0.08984342217445374,0.022092115134000778,0.018931614235043526,0.018567537888884544,0.01857343129813671,-0.00362976873293519,-0.0023326703812927008,-0.00042244067299179733,-0.0001018993862089701,2.3406757463817485e-05,6.179223419167101e-05,0.11157054454088211,0.01859509013593197,7.15414498699829e-05,-0.008841827511787415,-1.3317872285842896,2.4013164043426514,4888768.0
194.10000610351562,63.8978271484375,-0.21779753267765045,0.01816142350435257,809.009521484375,-0.5885125398635864,1027.4798583984375,-1.0122333765029907,966.3924560546875,-0.8936705589294434,1040.8463134765625,-1.0385080575942993,0.2903289794921875,0.08961054682731628,0.022050168365240097,0.018921682611107826,0.018570072948932648,0.018579727038741112,-0.0036248352844268084,-0.0023248137440532446,-0.00041651620995253325,-9.674345346866176e-05,2.728077924984973e-05,6.407628825400025e-05,0.11161311715841293,0.01860218681395054,7.171835022745654e-05,-0.008812335319817066,-1.3273450136184692,2.400851249694824,4887821.0
194.1999969482422,63.876304626464844,-0.21521112322807312,0.025864090770483017,808.95068359375,-0.5884119868278503,1027.378662109375,-1.0120384693145752,966.3031005859375,-0.8935068845748901,1040.742431640625,-1.0382863283157349,0.28996673226356506,0.0893784612417221,0.022008810192346573,0.018912257626652718,0.0185729768127203,0.018586214631795883,-0.0036199092864990234,-0.0023169848136603832,-0.00041067026904784143,-9.175966260954738e-05,3.0788916774326935e-05,6.563661736436188e-05,0.1116553246974945,0.018609222024679184,7.085999823175371e-05,-0.00878311600536108,-1.322943925857544,2.400386333465576,4886874.5
194.3000030517578,63.855125427246094,-0.21178381145000458,0.03427303209900856,808.891845703125,-0.588310956954956,1027.2774658203125,-1.0118434429168701,966.2137451171875,-0.8933427333831787,1040.638671875,-1.0380650758743286,0.2896049916744232,0.08914715051651001,0.02196803130209446,0.018903322517871857,0.018576212227344513,0.018592817708849907,-0.0036149919033050537,-0.002309187315404415,-0.0004049154231324792,-8.697648445377126e-05,3.386917887837626e-05,6.637267506448552e-05,0.11169648915529251,0.0186160821467638,6.884309550514445e-05,-0.008754256181418896,-1.3185969591140747,2.399921417236328,4885928.0
194.39999389648438,63.834381103515625,-0.20746487379074097,0.04318941757082939,808.8330078125,-0.5882095694541931,1027.17626953125,-1.011648178100586,966.1243896484375,-0.8931781053543091,1040.5347900390625,-1.0378445386886597,0.2892437279224396,0.08891662210226059,0.02192782238125801,0.018894853070378304,0.01857973076403141,0.01859944686293602,-0.003610085230320692,-0.002301424741744995,-0.0003992652054876089,-8.242425246862695e-05,3.645722244982608e-05,6.618643237743527e-05,0.11173588037490845,0.01862264610826969,6.558521999977529e-05,-0.008725847117602825,-1.3143178224563599,2.399456739425659,4884982.0
194.5,63.814186096191406,-0.20193663239479065,0.05528240650892258,808.7742309570312,-0.588107705116272,1027.0750732421875,-1.0114526748657227,966.0350952148438,-0.8930129408836365,1040.4310302734375,-1.0376249551773071,0.2888829708099365,0.08868686109781265,0.02188817225396633,0.018886826932430267,0.018583478406071663,0.018606005236506462,-0.0036051911301910877,-0.0022937024477869272,-0.000393737485865131,-7.814361015334725e-05,3.8463269447674975e-05,6.490985833806917e-05,0.11177253723144531,0.01862875558435917,6.0628393839579076e-05,-0.008698013611137867,-1.310125470161438,2.398991823196411,4884035.5
194.60000610351562,63.794681549072266,-0.19506022334098816,0.06876403093338013,808.7153930664062,-0.5880054831504822,1026.9739990234375,-1.011257290840149,965.94580078125,-0.8928474187850952,1040.3272705078125,-1.03740656375885,0.2885226905345917,0.0884578749537468,0.021849067881703377,0.018879210576415062,0.018587393686175346,0.018612369894981384,-0.003600312164053321,-0.002286026254296303,-0.00038835284067317843,-7.418117456836626e-05,3.978523091063835e-05,6.235729233594611e-05,0.11180536448955536,0.01863422803580761,5.378832065616734e-05,-0.008670894429087639,-1.3060407638549805,2.3985273838043213,4883090.0
194.6999969482422,63.77601623535156,-0.18666380643844604,0.0839642807841301,808.6566162109375,-0.5879029035568237,1026.8729248046875,-1.0110620260238647,965.8565673828125,-0.8926814794540405,1040.2235107421875,-1.0371898412704468,0.2881629168987274,0.08822965621948242,0.021810494363307953,0.0188719742000103,0.018591400235891342,0.018618406727910042,-0.0035954508930444717,-0.002278402913361788,-0.00038313446566462517,-7.058941264403984e-05,4.030960189993493e-05,5.8328863815404475e-05,0.1118331104516983,0.018638851121068,4.480619463720359e-05,-0.008644646033644676,-1.3020870685577393,2.3980627059936523,4882144.0
194.8000030517578,63.75831604003906,-0.1769900918006897,0.09673704952001572,808.5978393554688,-0.5877999067306519,1026.771728515625,-1.0108669996261597,965.7672729492188,-0.8925151824951172,1040.119873046875,-1.0369749069213867,0.287803590297699,0.08800219744443893,0.021772433072328568,0.018865074962377548,0.018595416098833084,0.01862396113574505,-0.0035906098783016205,-0.0022708382457494736,-0.00037810293724760413,-6.74133189022541e-05,3.994830694864504e-05,5.272489215712994e-05,0.1118546575307846,0.018642442300915718,3.400625428184867e-05,-0.008619399741292,-1.2982844114303589,2.3975982666015625,4881198.5
194.89999389648438,63.74171829223633,-0.16596387326717377,0.11026217043399811,808.5390625,-0.5876965522766113,1026.670654296875,-1.0106723308563232,965.6780395507812,-0.89234858751297,1040.01611328125,-1.0367622375488281,0.2874447703361511,0.08777548372745514,0.02173486538231373,0.018858471885323524,0.01859934814274311,0.01862887293100357,-0.0035857916809618473,-0.0022633385378867388,-0.000373279326595366,-6.469833897426724e-05,3.861549339490011e-05,4.5454504288500175e-05,0.11186882853507996,0.018644804134964943,2.1224923330009915e-05,-0.008595294319093227,-1.2946535348892212,2.3971338272094727,4880253.0
195.0,63.726356506347656,-0.1536073535680771,0.12356529384851456,808.4802856445312,-0.5875927805900574,1026.569580078125,-1.010478138923645,965.5888061523438,-0.8921818137168884,1039.9124755859375,-1.03655207157135,0.28708645701408386,0.08754952251911163,0.021697768941521645,0.0188521146774292,0.018603093922138214,0.01863296888768673,-0.0035809988621622324,-0.0022559098433703184,-0.0003686846175696701,-6.24891763436608e-05,3.623067823355086e-05,3.644478056230582e-05,0.11187446117401123,0.018645742908120155,6.48167133476818e-06,-0.008572466671466827,-1.291215181350708,2.396669626235962,4879307.5
195.10000610351562,63.71236038208008,-0.13997671008110046,0.13630640506744385,808.4215087890625,-0.5874887108802795,1026.4686279296875,-1.010284662246704,965.4995727539062,-0.8920148015022278,1039.808837890625,-1.0363446474075317,0.2867285907268524,0.08732429891824722,0.021661117672920227,0.018845951184630394,0.01860654540359974,0.018636073917150497,-0.0035762342158704996,-0.0022485582157969475,-0.00036433906643651426,-6.082781692384742e-05,3.27236411976628e-05,2.5652372642070986e-05,0.11187040060758591,0.018645066767930984,-1.0169245797442272e-05,-0.008551047183573246,-1.2879889011383057,2.396205425262451,4878362.5
195.1999969482422,63.699867248535156,-0.12492392957210541,0.15052780508995056,808.36279296875,-0.5873843431472778,1026.3675537109375,-1.0100919008255005,965.410400390625,-0.8918477296829224,1039.7052001953125,-1.0361403226852417,0.2863712012767792,0.08709981292486191,0.021624889224767685,0.018839923664927483,0.018609585240483284,0.0186380073428154,-0.003571499837562442,-0.0022412901744246483,-0.0003602647047955543,-5.97600665059872e-05,2.8016082069370896e-05,1.300201165577164e-05,0.1118553951382637,0.018642565235495567,-2.8958060283912346e-05,-0.008531182073056698,-1.2849968671798706,2.3957412242889404,4877417.5
195.3000030517578,63.68901062011719,-0.10858165472745895,0.16342273354530334,808.3040771484375,-0.5872796177864075,1026.2666015625,-1.0099000930786133,965.3212280273438,-0.8916805982589722,1039.6016845703125,-1.0359394550323486,0.28601428866386414,0.0868760421872139,0.02158905193209648,0.01883397065103054,0.01861209236085415,0.018638581037521362,-0.00356679898686707,-0.0022341120056807995,-0.0003564820799510926,-5.932739804848097e-05,2.204418706241995e-05,-1.5373000223917188e-06,0.11182825267314911,0.018638042733073235,-4.969388464814983e-05,-0.008513004519045353,-1.2822587490081787,2.3952770233154297,4876473.0
195.39999389648438,63.679901123046875,-0.09109794348478317,0.1748371422290802,808.245361328125,-0.5871745944023132,1026.1656494140625,-1.009709358215332,965.2320556640625,-0.8915135264396667,1039.498046875,-1.0357422828674316,0.2856578230857849,0.0866529792547226,0.021553579717874527,0.018828028813004494,0.018613936379551888,0.018637606874108315,-0.0035621337592601776,-0.0022270292975008488,-0.0003530093526933342,-5.9564641560427845e-05,1.4764119441679213e-05,-1.7943719285540283e-05,0.11178790032863617,0.01863131672143936,-7.21951000741683e-05,-0.008496630936861038,-1.2797925472259521,2.394813060760498,4875528.0
195.5,63.672645568847656,-0.07256247103214264,0.18535473942756653,808.1866455078125,-0.5870692729949951,1026.064697265625,-1.0095196962356567,965.1429443359375,-0.8913465142250061,1039.39453125,-1.0355491638183594,0.2853018641471863,0.0864306315779686,0.021518437191843987,0.01882202923297882,0.018614986911416054,0.018634898588061333,-0.003557506250217557,-0.0022200474049896,-0.0003498629666864872,-6.0501915868371725e-05,6.145641236798838e-06,-3.617036054492928e-05,0.1117333248257637,0.018622219562530518,-9.63525235420093e-05,-0.008482168428599834,-1.2776142358779907,2.3943493366241455,4874584.0
195.60000610351562,63.66733169555664,-0.05310961604118347,0.1945285052061081,808.1279296875,-0.5869637131690979,1025.9637451171875,-1.009331464767456,965.0537719726562,-0.8911796808242798,1039.2908935546875,-1.0353600978851318,0.2849463224411011,0.08620896935462952,0.021483592689037323,0.018815897405147552,0.018615106120705605,0.01863027922809124,-0.003552918555215001,-0.0022131705190986395,-0.00034705718280747533,-6.216344627318904e-05,-3.825374278676463e-06,-5.614016845356673e-05,0.11166361719369888,0.018610602244734764,-0.00012198053445899859,-0.008469712920486927,-1.275738000869751,2.393885374069214,4873639.5
195.6999969482422,63.664031982421875,-0.033012643456459045,0.20096974074840546,808.0692138671875,-0.5868579745292664,1025.86279296875,-1.0091445446014404,964.9647216796875,-0.8910131454467773,1039.1873779296875,-1.0351755619049072,0.2845912575721741,0.08598799258470535,0.0214490108191967,0.018809564411640167,0.018614161759614944,0.018623583018779755,-0.0035483723040670156,-0.002206402365118265,-0.0003446019836701453,-6.456269329646602e-05,-1.5134464774746448e-05,-7.771110540488735e-05,0.111578069627285,0.01859634555876255,-0.00014869803271722049,-0.008459329605102539,-1.2741739749908447,2.3934216499328613,4872695.5
195.8000030517578,63.66278839111328,-0.012443985790014267,0.2056865692138672,808.0105590820312,-0.5867519974708557,1025.7618408203125,-1.008959174156189,964.8756103515625,-0.8908469676971436,1039.0838623046875,-1.034995436668396,0.2842366695404053,0.08576768636703491,0.021414656192064285,0.018802953884005547,0.01861201971769333,0.01861465722322464,-0.003543868428096175,-0.002199745737016201,-0.00034250420867465436,-6.770494655938819e-05,-2.7747104468289763e-05,-0.00010071186989080161,0.11147614568471909,0.018579356372356415,-0.0001762747997418046,-0.008451065979897976,-1.2729294300079346,2.392958164215088,4871751.5
195.89999389648438,63.66360855102539,0.008231069892644882,0.2067505568265915,807.951904296875,-0.5866458415985107,1025.6610107421875,-1.0087753534317017,964.7864990234375,-0.8906812071800232,1038.98046875,-1.0348198413848877,0.2838824987411499,0.085548035800457,0.02138049528002739,0.01879599131643772,0.01860855519771576,0.01860337145626545,-0.003539407392963767,-0.0021932015661150217,-0.00034076502197422087,-7.158171501941979e-05,-4.1594386857468635e-05,-0.00012489967048168182,0.11135755479335785,0.018559591844677925,-0.00020418963686097413,-0.008444934152066708,-1.2720057964324951,2.3924944400787354,4870808.0
196.0,63.666481018066406,0.028716452419757843,0.2048538327217102,807.8932495117188,-0.5865395069122314,1025.56005859375,-1.0085933208465576,964.6974487304688,-0.8905159831047058,1038.876953125,-1.0346487760543823,0.28352877497673035,0.08532904088497162,0.02134648896753788,0.01878860592842102,0.018603648990392685,0.018589619547128677,-0.0035349896643310785,-0.002186769852414727,-0.00033938049455173314,-7.617202936671674e-05,-5.657822111970745e-05,-0.00014998602273408324,0.1112222820520401,0.018537048250436783,-0.00023203855380415916,-0.008440914563834667,-1.2714003324508667,2.392030954360962,4869864.0
196.10000610351562,63.67137145996094,0.04888004809617996,0.2016359567642212,807.8345947265625,-0.5864330530166626,1025.459228515625,-1.0084128379821777,964.6083984375,-0.8903512954711914,1038.7734375,-1.0344821214675903,0.2831754982471466,0.08511067926883698,0.02131260372698307,0.018780726939439774,0.01859719306230545,0.018573326990008354,-0.003530614310875535,-0.0021804491989314556,-0.000338343990733847,-8.14485247246921e-05,-7.258936966536567e-05,-0.00017569618648849428,0.11107046157121658,0.01851174235343933,-0.0002596324193291366,-0.008438973687589169,-1.2711079120635986,2.3915677070617676,4868921.0
196.1999969482422,63.678199768066406,0.0682946965098381,0.19414645433425903,807.7759399414062,-0.586326539516449,1025.3583984375,-1.0082341432571411,964.5194091796875,-0.8901872634887695,1038.6700439453125,-1.0343198776245117,0.2828226387500763,0.08489294350147247,0.021278806030750275,0.018772289156913757,0.018589090555906296,0.01855444721877575,-0.003526280866935849,-0.0021742370445281267,-0.0003376424720045179,-8.736892777960747e-05,-8.948449976742268e-05,-0.0002016916696447879,0.11090251058340073,0.018483752384781837,-0.00028634921181946993,-0.008439034223556519,-1.271117091178894,2.391104221343994,4867977.5
196.3000030517578,63.68686294555664,0.08665121346712112,0.1835651844739914,807.71728515625,-0.5862199664115906,1025.257568359375,-1.0080571174621582,964.4303588867188,-0.890023946762085,1038.566650390625,-1.0341616868972778,0.2824702262878418,0.08467582613229752,0.021245062351226807,0.018763229250907898,0.018579261377453804,0.018532970920205116,-0.003521987237036228,-0.002168128965422511,-0.000337257661158219,-9.387846512254328e-05,-0.00010709439811762422,-0.00022760388674214482,0.11071916669607162,0.018453193828463554,-0.0003117708838544786,-0.008440988138318062,-1.271411418914795,2.390641212463379,4867034.5
196.39999389648438,63.697288513183594,0.10425079613924026,0.17599579691886902,807.65869140625,-0.5861133933067322,1025.1568603515625,-1.007881760597229,964.3413696289062,-0.8898613452911377,1038.4632568359375,-1.0340075492858887,0.2821182608604431,0.08445931226015091,0.02121134102344513,0.01875348947942257,0.0185676421970129,0.018508918583393097,-0.0035177324898540974,-0.0021621217019855976,-0.0003371742204762995,-0.00010093094897456467,-0.00012528274965006858,-0.00025321575230918825,0.11052098870277405,0.018420163542032242,-0.00033631312544457614,-0.008444758132100105,-1.2719793319702148,2.3901779651641846,4866091.5
196.5,63.70942306518555,0.12134373933076859,0.17092947661876678,807.60009765625,-0.586006760597229,1025.0560302734375,-1.0077080726623535,964.2523803710938,-0.8896995782852173,1038.35986328125,-1.0338571071624756,0.2817666828632355,0.08424340188503265,0.021177615970373154,0.018743019551038742,0.01855418086051941,0.018482323735952377,-0.003513515228405595,-0.0021562129259109497,-0.0003373806248418987,-0.0001084905889001675,-0.00014394895697478205,-0.0002784391399472952,0.11030837148427963,0.018384728580713272,-0.0003602502110879868,-0.00845029205083847,-1.2728127241134644,2.3897149562835693,4865149.0
196.60000610351562,63.723201751708984,0.13777953386306763,0.16435791552066803,807.54150390625,-0.5859001874923706,1024.955322265625,-1.0075361728668213,964.1634521484375,-0.8895387053489685,1038.2564697265625,-1.0337103605270386,0.28141555190086365,0.08402806520462036,0.021143853664398193,0.018731771036982536,0.018538832664489746,0.018453232944011688,-0.0035093347541987896,-0.0021503991447389126,-0.00033786374842748046,-0.00011651828390313312,-0.00016298858099617064,-0.00030317017808556557,0.11008181422948837,0.018346969038248062,-0.00038331956602633,-0.00845752190798521,-1.2739018201828003,2.389251947402954,4864206.5
196.6999969482422,63.738563537597656,0.15361995995044708,0.15840429067611694,807.48291015625,-0.5857937335968018,1024.8544921875,-1.0073659420013428,964.0745239257812,-0.8893787264823914,1038.153076171875,-1.0335670709609985,0.28106480836868286,0.08381331712007523,0.021110031753778458,0.01871969737112522,0.018521565943956375,0.01842169463634491,-0.0035051899030804634,-0.0021446780301630497,-0.000338610727339983,-0.0001249763445230201,-0.00018230640853289515,-0.00032733360421843827,0.10984177142381668,0.01830696128308773,-0.0004056051839143038,-0.00846638809889555,-1.2752373218536377,2.388788938522339,4863264.0
196.8000030517578,63.75543975830078,0.16875986754894257,0.15139898657798767,807.42431640625,-0.5856873393058777,1024.7537841796875,-1.007197380065918,963.985595703125,-0.8892196416854858,1038.0496826171875,-1.033427119255066,0.2807145118713379,0.08359912782907486,0.02107612043619156,0.018706759437918663,0.018502358347177505,0.018387774005532265,-0.0035010790452361107,-0.0021390458568930626,-0.00033960738801397383,-0.00013382463657762855,-0.00020180520368739963,-0.00035084245610050857,0.10958880931138992,0.018264802172780037,-0.00042693110299296677,-0.008476818911731243,-1.276808261871338,2.3883261680603027,4862321.5
196.89999389648438,63.77376937866211,0.18330985307693481,0.14549991488456726,807.3657836914062,-0.5855810642242432,1024.653076171875,-1.0070304870605469,963.8966674804688,-0.8890615701675415,1037.9464111328125,-1.0332905054092407,0.28036460280418396,0.08338550478219986,0.021042099222540855,0.018692918121814728,0.018481196835637093,0.018351538106799126,-0.0034970014821738005,-0.0021334998309612274,-0.0003408406919334084,-0.00014302651106845587,-0.00022140191867947578,-0.00037365136086009443,0.1093234270811081,0.01822056993842125,-0.00044744525803253055,-0.008488752879202366,-1.2786059379577637,2.3878633975982666,4861379.5
197.0,63.79349136352539,0.19720081984996796,0.13890963792800903,807.3071899414062,-0.585474967956543,1024.5523681640625,-1.00686514377594,963.8077392578125,-0.8889044523239136,1037.843017578125,-1.0331567525863647,0.28001511096954346,0.08317242562770844,0.021007943898439407,0.01867813989520073,0.01845807395875454,0.018313059583306313,-0.003492955584079027,-0.002128036692738533,-0.00034229690209031105,-0.00015254440950229764,-0.00024101480084937066,-0.00039570877561345696,0.10904616117477417,0.01817435957491398,-0.00046702157123945653,-0.00850212387740612,-1.2806199789047241,2.3874008655548096,4860438.0
197.10000610351562,63.81450271606445,0.21012462675571442,0.1292380392551422,807.2486572265625,-0.5853691101074219,1024.4517822265625,-1.0067015886306763,963.7188720703125,-0.8887483477592468,1037.73974609375,-1.033025860786438,0.279666006565094,0.08295989036560059,0.020973632112145424,0.01866239681839943,0.018432993441820145,0.018272418528795242,-0.0034889397211372852,-0.00212265201844275,-0.0003439581487327814,-0.00016233115456998348,-0.0002605393819976598,-0.00041688597411848605,0.10875777900218964,0.018126295879483223,-0.0004852360871154815,-0.008516833186149597,-1.2828354835510254,2.3869383335113525,4859496.0
197.1999969482422,63.83671569824219,0.2221282720565796,0.1200365349650383,807.1901245117188,-0.5852634310722351,1024.35107421875,-1.0065394639968872,963.6300048828125,-0.888593316078186,1037.636474609375,-1.0328975915908813,0.27931731939315796,0.08274789154529572,0.020939143374562263,0.01864566281437874,0.018405970185995102,0.018229708075523376,-0.003484952263534069,-0.002117341151461005,-0.00034580653300508857,-0.00017234039842151105,-0.00027987814974039793,-0.00043708214070647955,0.10845904052257538,0.01807650737464428,-0.0005021794931963086,-0.008532784879207611,-1.285238265991211,2.3864758014678955,4858554.5
197.3000030517578,63.860042572021484,0.23325684666633606,0.11128578335046768,807.1316528320312,-0.5851579904556274,1024.2503662109375,-1.0063790082931519,963.5411376953125,-0.8884393572807312,1037.533203125,-1.0327717065811157,0.27896901965141296,0.08253642171621323,0.020904462784528732,0.018627919256687164,0.018377024680376053,0.018185030668973923,-0.003480991581454873,-0.0021121001336723566,-0.0003478250000625849,-0.00018252867448609322,-0.0002989456697832793,-0.0004562344984151423,0.10815070569515228,0.018025116994976997,-0.000517894746735692,-0.008549891412258148,-1.2878148555755615,2.3860135078430176,4857613.0
197.39999389648438,63.884395599365234,0.24351708590984344,0.10260239988565445,807.0731201171875,-0.5850528478622437,1024.1497802734375,-1.0062198638916016,963.4523315429688,-0.8882864713668823,1037.429931640625,-1.032647967338562,0.278621107339859,0.08232546597719193,0.020869571715593338,0.018609151244163513,0.018346190452575684,0.018138494342565536,-0.003477055812254548,-0.0021069245412945747,-0.0003499967569950968,-0.0001928540732478723,-0.000317664205795154,-0.0004742976452689618,0.10783348977565765,0.017972247675061226,-0.0005323808290995657,-0.00856806244701147,-1.290551781654358,2.3855512142181396,4856672.0
197.5,63.909706115722656,0.2531195878982544,0.09602483361959457,807.0145874023438,-0.5849480032920837,1024.0491943359375,-1.0060622692108154,963.363525390625,-0.8881346583366394,1037.32666015625,-1.0325262546539307,0.2782736122608185,0.08211503177881241,0.020834457129240036,0.01858934387564659,0.01831350475549698,0.018090203404426575,-0.0034731437917798758,-0.002101810881868005,-0.0003523079212754965,-0.00020328245591372252,-0.0003359801194164902,-0.0004912925069220364,0.10750801116228104,0.017918001860380173,-0.0005459176027216017,-0.008587230928242207,-1.2934390306472778,2.3850889205932617,4855731.0
197.60000610351562,63.935916900634766,0.2621285021305084,0.09008915722370148,806.9561157226562,-0.5848434567451477,1023.9485473632812,-1.005906105041504,963.2747192382812,-0.8879839181900024,1037.223388671875,-1.0324063301086426,0.2779264748096466,0.08190510421991348,0.02079910598695278,0.0185684897005558,0.01827900856733322,0.018040265887975693,-0.003469254123046994,-0.0020967558957636356,-0.0003547459200490266,-0.00021378384553827345,-0.0003538527525961399,-0.0005072606145404279,0.10717479884624481,0.017862467095255852,-0.0005585639155469835,-0.00860733725130558,-1.2964674234390259,2.384626865386963,4854790.0
197.6999969482422,63.96295928955078,0.27042242884635925,0.0829392597079277,806.8976440429688,-0.5847393274307251,1023.8479614257812,-1.0057512521743774,963.1859130859375,-0.8878342509269714,1037.1201171875,-1.0322881937026978,0.27757975459098816,0.08169567584991455,0.02076350338757038,0.018546584993600845,0.01824275031685829,0.0179887842386961,-0.003465385176241398,-0.002091756323352456,-0.0003572970163077116,-0.00022432563127949834,-0.0003712351026479155,-0.0005222031613811851,0.10683447867631912,0.01780574768781662,-0.0005701532936654985,-0.008628305979073048,-1.2996258735656738,2.384164810180664,4853849.5
197.8000030517578,63.990745544433594,0.2778605818748474,0.0743817687034607,806.8391723632812,-0.5846354961395264,1023.7474365234375,-1.005597710609436,963.0971069335938,-0.8876856565475464,1037.0169677734375,-1.032171368598938,0.27723342180252075,0.08148675411939621,0.020727641880512238,0.018523624166846275,0.018204782158136368,0.017935860902071,-0.0034615357872098684,-0.0020868079736828804,-0.0003599455812945962,-0.00023487117141485214,-0.00038807024247944355,-0.0005360792856663465,0.10648775845766068,0.01774795912206173,-0.0005805172258988023,-0.008650051429867744,-1.302901268005371,2.3837027549743652,4852909.0
197.89999389648438,64.01919555664062,0.2844594419002533,0.0659884661436081,806.7807006835938,-0.5845320820808411,1023.6468505859375,-1.0054454803466797,963.0083618164062,-0.8875381350517273,1036.9136962890625,-1.0320559740066528,0.276887446641922,0.08127831667661667,0.020691510289907455,0.01849961094558239,0.018165158107876778,0.01788160391151905,-0.0034577043261379004,-0.0020819068886339664,-0.00036267616087570786,-0.00024538481375202537,-0.00040430566878058016,-0.0005488579045049846,0.10613535344600677,0.01768922433257103,-0.0005896974471397698,-0.008672486059367657,-1.306280493736267,2.3832409381866455,4851968.5
198.0,64.04823303222656,0.29036954045295715,0.05910114571452141,806.7222900390625,-0.5844290852546692,1023.5463256835938,-1.0052944421768188,962.9196166992188,-0.8873916864395142,1036.810546875,-1.031941533088684,0.2765418589115143,0.08107037097215652,0.020655103027820587,0.018474549055099487,0.018123943358659744,0.017826125025749207,-0.0034538889303803444,-0.0020770493429154158,-0.0003654753672890365,-0.0002558368432801217,-0.0004199066897854209,-0.0005605571204796433,0.10577787458896637,0.01762964576482773,-0.0005978940753266215,-0.008695540018379688,-1.3097528219223022,2.382779121398926,4851028.5
198.10000610351562,64.07781982421875,0.2959271967411041,0.0555763803422451,806.663818359375,-0.5843265056610107,1023.44580078125,-1.0051445960998535,962.8308715820312,-0.8872462511062622,1036.7073974609375,-1.0318281650543213,0.2761966586112976,0.08086290210485458,0.020618412643671036,0.018448445945978165,0.01808120124042034,0.017769524827599525,-0.003450089367106557,-0.002072233008220792,-0.0003683346731122583,-0.0002662098268046975,-0.00043487222865223885,-0.0005712852580472827,0.1054157093167305,0.01756928488612175,-0.0006055351695977151,-0.008719176054000854,-1.3133131265640259,2.382317304611206,4850088.5
198.1999969482422,64.10794067382812,0.30121830105781555,0.052911076694726944,806.6054077148438,-0.5842243432998657,1023.3452758789062,-1.0049958229064941,962.7421875,-0.8871018886566162,1036.6041259765625,-1.031715750694275,0.275851845741272,0.08065591752529144,0.020581433549523354,0.018421310931444168,0.018036993220448494,0.01771189644932747,-0.003446304239332676,-0.0020674564875662327,-0.00037124735536053777,-0.0002764913660939783,-0.0004492137813940644,-0.0005811610026285052,0.10504917055368423,0.017508193850517273,-0.0006126997177489102,-0.00874336902052164,-1.3169569969177246,2.3818557262420654,4849148.5
198.3000030517578,64.13856506347656,0.306200236082077,0.04981937259435654,806.5469970703125,-0.5841226577758789,1023.2448120117188,-1.0048481225967407,962.6534423828125,-0.8869585990905762,1036.5009765625,-1.0316041707992554,0.2755074203014374,0.0804494097828865,0.020544162020087242,0.018393151462078094,0.017991380766034126,0.017653318122029305,-0.0034425335470587015,-0.0020627176854759455,-0.00037420657463371754,-0.0002866685972549021,-0.0004629397008102387,-0.0005902664852328598,0.10467854887247086,0.017446424812078476,-0.0006193319568410516,-0.008768085390329361,-1.3206799030303955,2.381394147872925,4848209.0
198.39999389648438,64.169677734375,0.31116783618927,0.049676090478897095,806.4885864257812,-0.5840214490890503,1023.1443481445312,-1.0047016143798828,962.5647583007812,-0.8868162631988525,1036.3978271484375,-1.0314933061599731,0.27516335248947144,0.08024337142705917,0.020506590604782104,0.01836398057639599,0.017944425344467163,0.017593862488865852,-0.003438776358962059,-0.0020580159034579992,-0.00037720901309512556,-0.00029673794051632285,-0.0004760818264912814,-0.0005987382610328496,0.1043040007352829,0.01738400012254715,-0.0006258236826397479,-0.00879332423210144,-1.3244816064834595,2.380932569503784,4847269.5
198.5,64.20133209228516,0.31650760769844055,0.053397729992866516,806.43017578125,-0.5839206576347351,1023.0438842773438,-1.0045561790466309,962.4761352539062,-0.8866750001907349,1036.294677734375,-1.0313832759857178,0.27481964230537415,0.08003780990839005,0.02046871744096279,0.018333807587623596,0.01789618283510208,0.01753358170390129,-0.0034350333735346794,-0.0020533516071736813,-0.0003802568244282156,-0.0003067092038691044,-0.0004887059330940247,-0.0006067903013899922,0.10392537713050842,0.017320897430181503,-0.0006326384609565139,-0.008819126524031162,-1.3283679485321045,2.3804712295532227,4846330.0
198.60000610351562,64.23358917236328,0.3226015567779541,0.06093934178352356,806.3717651367188,-0.5838204026222229,1022.9434204101562,-1.0044118165969849,962.387451171875,-0.8865346908569336,1036.1915283203125,-1.0312743186950684,0.2744763195514679,0.07983270287513733,0.020430536940693855,0.018302639946341515,0.01784669980406761,0.01747250370681286,-0.0034313052892684937,-0.0020487268920987844,-0.00038335754652507603,-0.00031660543754696846,-0.0005009089945815504,-0.0006146953674033284,0.10354229062795639,0.017257047817111015,-0.000640222046058625,-0.008845568634569645,-1.332350730895996,2.380009889602661,4845391.0
198.6999969482422,64.26655578613281,0.32964980602264404,0.07048247009515762,806.3134155273438,-0.5837206840515137,1022.843017578125,-1.004268765449524,962.298828125,-0.8863953948020935,1036.0885009765625,-1.031166434288025,0.2741333842277527,0.07962805777788162,0.02039204351603985,0.01827048696577549,0.01779601164162159,0.017410630360245705,-0.00342759327031672,-0.0020441447850316763,-0.0003865217440761626,-0.00032645664759911597,-0.0005128014017827809,-0.0006227223202586174,0.10315416008234024,0.017192360013723373,-0.000648784451186657,-0.008872750215232372,-1.3364449739456177,2.3795487880706787,4844452.0
198.8000030517578,64.30032348632812,0.33763501048088074,0.07985217124223709,806.2550659179688,-0.5836214423179626,1022.7425537109375,-1.004126787185669,962.2101440429688,-0.8862570524215698,1035.9853515625,-1.031059741973877,0.27379080653190613,0.07942387461662292,0.020353229716420174,0.018237348645925522,0.017744144424796104,0.01734793744981289,-0.0034238987136632204,-0.0020396080799400806,-0.00038975992356427014,-0.00033629219979047775,-0.0005244849598966539,-0.0006310748285613954,0.1027604416012764,0.017126740887761116,-0.0006582779460586607,-0.008900769986212254,-1.340665340423584,2.379087448120117,4843513.0
198.89999389648438,64.3349609375,0.3463873267173767,0.0875229686498642,806.1967163085938,-0.5835226774215698,1022.6421508789062,-1.003986120223999,962.1215209960938,-0.8861197829246521,1035.8822021484375,-1.0309544801712036,0.2734486162662506,0.07922013849020004,0.020314088091254234,0.01820322684943676,0.01769111678004265,0.017284387722611427,-0.0034202225506305695,-0.002035119105130434,-0.000393080321373418,-0.0003461352607700974,-0.0005360385403037071,-0.000639860169030726,0.10236067324876785,0.017060112208127975,-0.0006684844847768545,-0.008929707109928131,-1.3450238704681396,2.3786263465881348,4842574.0
199.0,64.37052917480469,0.35571014881134033,0.09322821348905563,806.1383666992188,-0.5834245085716248,1022.541748046875,-1.0038466453552246,962.032958984375,-0.8859834671020508,1035.7791748046875,-1.0308506488800049,0.27310675382614136,0.07901684939861298,0.020274609327316284,0.018168119713664055,0.017636936157941818,0.017219936475157738,-0.003416565479710698,-0.0020306797232478857,-0.0003964883217122406,-0.0003560013428796083,-0.000547515694051981,-0.0006491013919003308,0.10195452719926834,0.016992421820759773,-0.0006791679188609123,-0.00895962119102478,-1.34952974319458,2.3781654834747314,4841635.5
199.10000610351562,64.40707397460938,0.3654429018497467,0.09732775390148163,806.0800170898438,-0.5833268165588379,1022.44140625,-1.0037084817886353,961.9443359375,-0.8858481645584106,1035.676025390625,-1.0307483673095703,0.27276530861854553,0.07881399989128113,0.020234785974025726,0.018132023513317108,0.01758161187171936,0.017154540866613388,-0.00341292773373425,-0.002026290399953723,-0.0003999867767561227,-0.00036589952651411295,-0.0005589494248852134,-0.0006587666575796902,0.10154182463884354,0.016923638060688972,-0.0006901391898281872,-0.008990556932985783,-1.354189395904541,2.377704381942749,4840697.0
199.1999969482422,64.44463348388672,0.3755977153778076,0.10154791176319122,806.0216674804688,-0.583229660987854,1022.3410034179688,-1.0035717487335205,961.8557739257812,-0.8857138752937317,1035.572998046875,-1.0306477546691895,0.27242419123649597,0.0786115825176239,0.020194608718156815,0.01809493638575077,0.017525143921375275,0.017088158056139946,-0.0034093097783625126,-0.002021952299401164,-0.0004035783058498055,-0.0003758380189538002,-0.0005703681381419301,-0.000668826512992382,0.10112237185239792,0.016853727400302887,-0.000701418612152338,-0.009022558107972145,-1.3590095043182373,2.3772435188293457,4839759.0
199.3000030517578,64.48322296142578,0.38586562871932983,0.10267931967973709,805.96337890625,-0.5831331014633179,1022.2406616210938,-1.0034362077713013,961.7672119140625,-0.8855805993080139,1035.469970703125,-1.0305485725402832,0.27208343148231506,0.0784096047282219,0.020154066383838654,0.018056854605674744,0.01746753603219986,0.017020752653479576,-0.0034057118464261293,-0.0020176649559289217,-0.0004072618030477315,-0.00038581559783779085,-0.0005817729979753494,-0.0006791818886995316,0.10069616138935089,0.016782693564891815,-0.0007126135169528425,-0.009055636823177338,-1.3639919757843018,2.3767828941345215,4838821.0
199.39999389648438,64.52281188964844,0.395905464887619,0.10039817541837692,805.905029296875,-0.5830370783805847,1022.1403198242188,-1.003301978111267,961.6786499023438,-0.8854483962059021,1035.366943359375,-1.0304509401321411,0.2717430293560028,0.07820805162191391,0.020113151520490646,0.01801777258515358,0.017408788204193115,0.016952306032180786,-0.0034021330066025257,-0.0020134274382144213,-0.0004110314475838095,-0.00039581951568834484,-0.0005931333871558309,-0.0006896614795550704,0.10026344656944275,0.016710573807358742,-0.0007233351934701204,-0.009089772589504719,-1.3691335916519165,2.376322031021118,4837883.0
199.5,64.5633316040039,0.4052373468875885,0.09331883490085602,805.8467407226562,-0.5829415917396545,1022.0400390625,-1.003169059753418,961.590087890625,-0.8853172063827515,1035.2637939453125,-1.0303547382354736,0.2714030146598816,0.07800691574811935,0.020071856677532196,0.01797768846154213,0.017348911613225937,0.016882816329598427,-0.003398572327569127,-0.0020092360209673643,-0.00041487536509521306,-0.0004058219201397151,-0.0006043789908289909,-0.0007000078912824392,0.09982474893331528,0.01663745753467083,-0.0007330341031774879,-0.009124889969825745,-1.3744231462478638,2.375861406326294,4836945.0
199.60000610351562,64.60472106933594,0.413847416639328,0.08610093593597412,805.7884521484375,-0.5828467607498169,1021.939697265625,-1.0030373334884644,961.5015869140625,-0.8851870894432068,1035.1607666015625,-1.030259609222412,0.27106332778930664,0.07780620455741882,0.020030174404382706,0.01793660782277584,0.01728791743516922,0.016812309622764587,-0.0033950284123420715,-0.002005087910220027,-0.0004187807207927108,-0.000415793270803988,-0.0006154383881948888,-0.000710007268935442,0.09938067942857742,0.016563447192311287,-0.0007417459273710847,-0.00916091725230217,-1.3798496723175049,2.375401020050049,4836007.5
199.6999969482422,64.64690399169922,0.42182841897010803,0.07980976998806,805.7301635742188,-0.5827524065971375,1021.8394165039062,-1.0029067993164062,961.4130859375,-0.8850579857826233,1035.0577392578125,-1.030165672302246,0.27072399854660034,0.07760589569807053,0.019988099113106728,0.017894532531499863,0.017225829884409904,0.01674082688987255,-0.003391499863937497,-0.002000979380682111,-0.00042273601866327226,-0.0004257076943758875,-0.0006262535462155938,-0.000719522824510932,0.09893176704645157,0.016488628461956978,-0.0007495824829675257,-0.009197789244353771,-1.3854033946990967,2.3749403953552246,4835070.0
199.8000030517578,64.6898422241211,0.42937538027763367,0.07546979188919067,805.6719360351562,-0.5826587080955505,1021.7391357421875,-1.002777338027954,961.3245849609375,-0.8849299550056458,1034.954833984375,-1.030072569847107,0.2703850269317627,0.07740600407123566,0.019945625215768814,0.017851468175649643,0.01716267503798008,0.016668418422341347,-0.0033879857510328293,-0.0019969085697084665,-0.0004267322947271168,-0.00043554615695029497,-0.0006367877358570695,-0.0007285024039447308,0.09847843647003174,0.016413072124123573,-0.0007567707216367126,-0.009235461242496967,-1.3910777568817139,2.3744800090789795,4834132.5
199.89999389648438,64.7334976196289,0.4365899860858917,0.07214593887329102,805.6136474609375,-0.5825655460357666,1021.6388549804688,-1.002648949623108,961.236083984375,-0.8848028779029846,1034.851806640625,-1.0299803018569946,0.2700464129447937,0.07720651477575302,0.019902750849723816,0.017807425931096077,0.017098482698202133,0.01659514009952545,-0.0033844856079667807,-0.0019928731489926577,-0.0004307622730266303,-0.0004452940193004906,-0.0006470177322626114,-0.0007369387894868851,0.0980210229754448,0.01633683778345585,-0.0007634148932993412,-0.009273899719119072,-1.3968675136566162,2.3740196228027344,4833195.5
200.0,64.77787017822266,0.4436907172203064,0.07100729644298553,805.555419921875,-0.5824729800224304,1021.53857421875,-1.0025216341018677,961.1476440429688,-0.8846768736839294,1034.748779296875,-1.0298887491226196,0.26970812678337097,0.07700742781162262,0.019859470427036285,0.01776241324841976,0.017033282667398453,0.016521044075489044,-0.0033809985034167767,-0.0019888721872121096,-0.0004348213551566005,-0.0004549437144305557,-0.0006569402758032084,-0.000744881690479815,0.09755974262952805,0.01625995710492134,-0.0007697662222199142,-0.009313094429671764,-1.4027711153030396,2.3735594749450684,4832258.5
